Date/Time,Electricity:Facility [kW](Hourly),Gas:Facility [kW](Hourly)
 01/01  01:00:00,78.42277347609999,1.77125
 01/01  02:00:00,88.7368756501,31.9510358079
 01/01  03:00:00,88.2716163044,35.8560462805
 01/01  04:00:00,84.7015321147,28.929019843699997
 01/01  05:00:00,98.8029585185,41.800627737
 01/01  06:00:00,97.1992262723,48.6360136805
 01/01  07:00:00,123.97305712100001,527.338070401
 01/01  08:00:00,132.968684849,493.629651379
 01/01  09:00:00,158.186642439,431.54041659
 01/01  10:00:00,127.514039994,408.043470854
 01/01  11:00:00,162.202032138,370.965093757
 01/01  12:00:00,193.43582913900002,348.466858087
 01/01  13:00:00,200.631302821,320.312084025
 01/01  14:00:00,198.029288774,310.332000346
 01/01  15:00:00,194.141440895,304.948918788
 01/01  16:00:00,190.747279703,300.248621702
 01/01  17:00:00,190.80828325,290.94728625700003
 01/01  18:00:00,175.96226353,330.340099876
 01/01  19:00:00,182.288778773,347.546443551
 01/01  20:00:00,162.394961074,351.033704222
 01/01  21:00:00,153.677554646,352.378117894
 01/01  22:00:00,139.558113021,307.949471604
 01/01  23:00:00,79.9222581185,2.9155993962299998
 01/01  24:00:00,115.79120332299999,1.77125
 01/02  01:00:00,87.4729800804,2.355
 01/02  02:00:00,80.8868625259,2.355
 01/02  03:00:00,85.0448886834,9.95542098433
 01/02  04:00:00,90.0718013094,14.6818063137
 01/02  05:00:00,101.28239065700001,20.020629903699998
 01/02  06:00:00,97.4670496959,16.0873361259
 01/02  07:00:00,142.651603415,389.629467438
 01/02  08:00:00,153.356757285,347.17774651300005
 01/02  09:00:00,218.833869358,302.832920838
 01/02  10:00:00,241.982974998,264.69501634700003
 01/02  11:00:00,233.26576259799998,248.147251237
 01/02  12:00:00,263.895040565,224.74679191099997
 01/02  13:00:00,245.360309139,202.112216886
 01/02  14:00:00,243.07377718599997,186.995756647
 01/02  15:00:00,239.79949529299998,187.073048175
 01/02  16:00:00,236.795207248,186.62106083900002
 01/02  17:00:00,236.96611464400002,185.67471349599998
 01/02  18:00:00,250.11965899,194.78754517599998
 01/02  19:00:00,247.99998591,198.13172416700002
 01/02  20:00:00,233.708830122,201.83254352900002
 01/02  21:00:00,208.89823358099997,206.33291532400003
 01/02  22:00:00,153.11623943200001,147.77422446399999
 01/02  23:00:00,101.080212119,3.49949773122
 01/02  24:00:00,137.099715748,2.355
 01/03  01:00:00,111.391956201,2.355
 01/03  02:00:00,103.312382192,3.4993059934699993
 01/03  03:00:00,102.22154508,2.355
 01/03  04:00:00,100.464040225,2.355
 01/03  05:00:00,120.448247346,3.49923472481
 01/03  06:00:00,117.892482128,2.355
 01/03  07:00:00,168.683687703,248.29881007
 01/03  08:00:00,172.20048384400002,244.29879913099998
 01/03  09:00:00,225.525649881,231.08524571799998
 01/03  10:00:00,246.05132241099997,214.671970948
 01/03  11:00:00,234.82614925400003,205.969488622
 01/03  12:00:00,263.78708908,195.527921503
 01/03  13:00:00,243.85627263900003,190.87262136200002
 01/03  14:00:00,240.07203442,195.64362810900002
 01/03  15:00:00,234.69261163299998,190.640934113
 01/03  16:00:00,231.030701648,189.16199245599998
 01/03  17:00:00,230.244481958,196.257562265
 01/03  18:00:00,242.767945027,206.60977529099998
 01/03  19:00:00,240.11058081099998,222.997644458
 01/03  20:00:00,215.383315809,241.131787735
 01/03  21:00:00,190.49706026099997,255.22134734
 01/03  22:00:00,134.75807197700001,228.251678925
 01/03  23:00:00,79.8500371346,2.355
 01/03  24:00:00,115.33412359,3.4993384614300003
 01/04  01:00:00,84.2761961376,2.355
 01/04  02:00:00,77.82271758,2.355
 01/04  03:00:00,81.736153,9.976943077360001
 01/04  04:00:00,90.08824100620001,26.5356348523
 01/04  05:00:00,92.51494379270001,21.1199548612
 01/04  06:00:00,96.048063612,35.934087051
 01/04  07:00:00,138.158355056,429.780224251
 01/04  08:00:00,147.11335847,395.062148527
 01/04  09:00:00,213.110085268,362.70453549900003
 01/04  10:00:00,233.837864178,327.120948348
 01/04  11:00:00,224.139794801,316.339396917
 01/04  12:00:00,254.893139348,305.13874635
 01/04  13:00:00,234.66370159599998,301.440665635
 01/04  14:00:00,231.469125017,296.280245831
 01/04  15:00:00,227.650899435,293.12432102099996
 01/04  16:00:00,224.265953513,282.998265381
 01/04  17:00:00,224.316265263,280.340736032
 01/04  18:00:00,237.905302407,291.24226216700004
 01/04  19:00:00,237.24207777799998,300.834685993
 01/04  20:00:00,221.252226624,308.27035690900004
 01/04  21:00:00,196.351257405,313.504256672
 01/04  22:00:00,139.306571697,290.837084393
 01/04  23:00:00,79.8506384242,3.4994364895300003
 01/04  24:00:00,115.316390987,2.355
 01/05  01:00:00,84.2882719788,2.355
 01/05  02:00:00,90.2274633105,32.6773133531
 01/05  03:00:00,90.2092466035,33.4549078582
 01/05  04:00:00,86.2902394189,25.969229684299997
 01/05  05:00:00,97.05815471700001,42.4094720138
 01/05  06:00:00,99.3053444011,46.560641257700006
 01/05  07:00:00,138.21792665200002,470.96461573
 01/05  08:00:00,147.189580446,438.49913268
 01/05  09:00:00,213.132667957,405.025759276
 01/05  10:00:00,233.827239612,368.12000223900003
 01/05  11:00:00,224.095436015,357.02263934800004
 01/05  12:00:00,254.85352966099998,344.08973824599997
 01/05  13:00:00,234.541301278,320.68102359
 01/05  14:00:00,231.394710778,303.169259868
 01/05  15:00:00,227.48138692,301.745925725
 01/05  16:00:00,224.010885495,291.613447198
 01/05  17:00:00,224.02553987299999,304.169866072
 01/05  18:00:00,237.56650343200002,325.005424577
 01/05  19:00:00,237.011464482,333.020445549
 01/05  20:00:00,220.85869385599997,332.418203646
 01/05  21:00:00,196.042954776,343.808400515
 01/05  22:00:00,139.138324122,323.658323248
 01/05  23:00:00,79.36426506810001,3.4995073715199996
 01/05  24:00:00,115.145285325,2.355
 01/06  01:00:00,92.2001667557,24.8608643626
 01/06  02:00:00,90.281619733,44.543241431800006
 01/06  03:00:00,93.8025164184,52.0611883041
 01/06  04:00:00,91.17096195040001,46.5883036822
 01/06  05:00:00,117.53940798299999,56.6677047247
 01/06  06:00:00,115.694631729,77.2573312277
 01/06  07:00:00,154.470771404,574.917383302
 01/06  08:00:00,155.850057813,538.912567496
 01/06  09:00:00,212.956865977,505.177927507
 01/06  10:00:00,233.343386905,462.739254775
 01/06  11:00:00,223.61018769700001,444.46411461099996
 01/06  12:00:00,254.626415059,422.12037053
 01/06  13:00:00,234.250060693,412.14860564300005
 01/06  14:00:00,230.89090813299998,399.54633590300006
 01/06  15:00:00,227.15243723,398.417747634
 01/06  16:00:00,223.766952183,388.790452762
 01/06  17:00:00,223.769865588,390.38939621300005
 01/06  18:00:00,237.331261852,400.70367157699997
 01/06  19:00:00,236.884278213,412.188014516
 01/06  20:00:00,214.09844735099998,428.06584130699997
 01/06  21:00:00,189.450528841,440.12454275199997
 01/06  22:00:00,134.123177903,417.193778984
 01/06  23:00:00,78.7186049152,2.355
 01/06  24:00:00,127.600488947,42.1600420692
 01/07  01:00:00,98.9593899112,72.2989855931
 01/07  02:00:00,88.8190286919,62.186558844
 01/07  03:00:00,90.9560314925,90.5289660259
 01/07  04:00:00,93.406684813,99.9170865919
 01/07  05:00:00,96.9923423068,86.53758967979999
 01/07  06:00:00,99.3924176177,117.96521706799999
 01/07  07:00:00,123.67967903200001,606.604476782
 01/07  08:00:00,132.483320663,560.0664926730001
 01/07  09:00:00,181.995965443,525.110199975
 01/07  10:00:00,198.95714955,471.63009910000005
 01/07  11:00:00,223.651808411,435.37786049
 01/07  12:00:00,254.670749036,401.671923351
 01/07  13:00:00,234.49091243400002,379.69168115599996
 01/07  14:00:00,231.03506010799998,361.829938229
 01/07  15:00:00,227.21842803299998,359.261536452
 01/07  16:00:00,223.81148888299998,350.406825329
 01/07  17:00:00,223.83705136400002,348.052716239
 01/07  18:00:00,237.40398579799998,361.39026609800004
 01/07  19:00:00,223.13617522299998,392.17700645800005
 01/07  20:00:00,177.482521238,415.81338075699995
 01/07  21:00:00,167.229270958,425.350203782
 01/07  22:00:00,124.68186622700001,392.365945481
 01/07  23:00:00,76.6249485011,1.77125
 01/07  24:00:00,121.191087126,28.2906521848
 01/08  01:00:00,92.15816304450001,32.913892778299996
 01/08  02:00:00,92.9878211641,49.3895123272
 01/08  03:00:00,91.9725117771,62.47118639
 01/08  04:00:00,87.7772361876,48.63237922
 01/08  05:00:00,99.3819077128,74.28918933930001
 01/08  06:00:00,99.64574342510001,102.700753312
 01/08  07:00:00,123.75682406600001,621.389498725
 01/08  08:00:00,132.613894077,585.66731088
 01/08  09:00:00,154.565794267,520.910146147
 01/08  10:00:00,126.99059619799999,505.339645269
 01/08  11:00:00,161.70927901,458.564546275
 01/08  12:00:00,193.18597955799999,428.22940341599997
 01/08  13:00:00,200.34839885099998,391.340057004
 01/08  14:00:00,197.506334047,376.023385855
 01/08  15:00:00,193.722079709,372.439512439
 01/08  16:00:00,190.29171869299998,367.879461775
 01/08  17:00:00,190.30060134099998,363.826200741
 01/08  18:00:00,175.40413221900002,422.31237987699996
 01/08  19:00:00,181.941707935,438.820196782
 01/08  20:00:00,161.920059356,445.252803185
 01/08  21:00:00,153.15370283,448.146756125
 01/08  22:00:00,138.96145489100002,412.644820604
 01/08  23:00:00,76.6519417354,2.91568574424
 01/08  24:00:00,121.118992858,28.425482442199996
 01/09  01:00:00,99.58182564389999,60.3576554072
 01/09  02:00:00,95.09349394559999,72.81938776300001
 01/09  03:00:00,91.1029395615,63.1853159164
 01/09  04:00:00,93.210340863,95.37204368639999
 01/09  05:00:00,102.336746485,113.36321101600001
 01/09  06:00:00,98.5958324217,91.65523508129999
 01/09  07:00:00,137.64255888600002,605.9169182859999
 01/09  08:00:00,146.728080127,542.962335609
 01/09  09:00:00,209.497457997,499.08209250699997
 01/09  10:00:00,233.53460608,464.19441899199995
 01/09  11:00:00,223.690700912,447.29259645199994
 01/09  12:00:00,254.671945591,422.858899899
 01/09  13:00:00,234.441655831,412.158995324
 01/09  14:00:00,230.97370430599997,404.556362796
 01/09  15:00:00,227.16934448599997,395.951942883
 01/09  16:00:00,223.74026316400003,390.820023312
 01/09  17:00:00,223.728901625,395.492522774
 01/09  18:00:00,237.26725425400002,410.045077659
 01/09  19:00:00,236.8222415,438.260342358
 01/09  20:00:00,220.52779889299998,449.137844264
 01/09  21:00:00,195.572049838,474.325887029
 01/09  22:00:00,138.85783337700002,457.75084127
 01/09  23:00:00,80.72854993050001,9.27369873168
 01/09  24:00:00,130.321644421,65.399470962
 01/10  01:00:00,97.05507069120002,55.550897076000005
 01/10  02:00:00,94.7227836543,91.2724401386
 01/10  03:00:00,93.7925748545,92.02125738219999
 01/10  04:00:00,92.63272612870001,108.09923403
 01/10  05:00:00,120.116159266,159.886827034
 01/10  06:00:00,119.45543798799999,155.461058546
 01/10  07:00:00,154.38278672299998,662.68391484
 01/10  08:00:00,155.77677088299998,605.460602675
 01/10  09:00:00,209.552562895,558.901581011
 01/10  10:00:00,233.480309716,499.914073008
 01/10  11:00:00,223.63647753700002,464.039555661
 01/10  12:00:00,254.656616846,434.091581635
 01/10  13:00:00,234.45548425299998,415.18236622300003
 01/10  14:00:00,231.00019370200002,396.043100734
 01/10  15:00:00,227.203912023,378.769668659
 01/10  16:00:00,223.79954549400003,368.60154221
 01/10  17:00:00,223.830608799,366.06385717800003
 01/10  18:00:00,237.425741367,368.559111695
 01/10  19:00:00,236.94346307400002,377.92618971800005
 01/10  20:00:00,214.2175262,392.04574601300004
 01/10  21:00:00,189.64593131700002,395.874134968
 01/10  22:00:00,134.249015241,366.18158901199996
 01/10  23:00:00,79.0358523152,3.49950795942
 01/10  24:00:00,119.21085270799999,14.6973568399
 01/11  01:00:00,96.6574047365,37.8592277462
 01/11  02:00:00,89.5036144409,33.5074403696
 01/11  03:00:00,95.3555046341,54.6301296503
 01/11  04:00:00,94.6619345902,52.1659535725
 01/11  05:00:00,96.938052406,40.3081114506
 01/11  06:00:00,101.508811455,58.5130310236
 01/11  07:00:00,138.13361932799998,481.691711916
 01/11  08:00:00,147.100038866,437.54746471699997
 01/11  09:00:00,209.713614926,391.43846876
 01/11  10:00:00,233.940128205,346.378882327
 01/11  11:00:00,224.094968355,334.623186302
 01/11  12:00:00,254.869456158,316.208903721
 01/11  13:00:00,234.75906220099998,311.208664919
 01/11  14:00:00,231.654309655,299.217212134
 01/11  15:00:00,227.79310237299998,287.080581514
 01/11  16:00:00,224.37452790700002,281.580606782
 01/11  17:00:00,224.432511465,287.11987813400003
 01/11  18:00:00,238.111848998,294.412864774
 01/11  19:00:00,237.602688928,300.092275023
 01/11  20:00:00,221.845933148,306.214852209
 01/11  21:00:00,197.297687784,305.875578971
 01/11  22:00:00,140.484279856,277.03781365099996
 01/11  23:00:00,82.2267470212,2.355
 01/11  24:00:00,117.866513335,3.4993211933899997
 01/12  01:00:00,86.8643378718,2.355
 01/12  02:00:00,79.79637990260001,2.355
 01/12  03:00:00,91.89583374120001,24.8494246225
 01/12  04:00:00,91.94896401129999,24.3337701805
 01/12  05:00:00,94.4501454069,19.149700842999998
 01/12  06:00:00,98.1556915106,31.9670312941
 01/12  07:00:00,138.720480711,421.86512972400004
 01/12  08:00:00,147.773028382,386.31775374800003
 01/12  09:00:00,210.528966347,350.43332537699996
 01/12  10:00:00,235.287295965,319.253434339
 01/12  11:00:00,225.344457706,305.58111508400003
 01/12  12:00:00,255.87022885,290.882089129
 01/12  13:00:00,235.093696191,287.215560665
 01/12  14:00:00,231.774621753,282.16910524900004
 01/12  15:00:00,227.832827216,278.832670537
 01/12  16:00:00,224.39445176599997,274.511064165
 01/12  17:00:00,224.43487400599997,274.098695964
 01/12  18:00:00,234.65717347400002,272.161401129
 01/12  19:00:00,237.317782663,275.512071826
 01/12  20:00:00,221.21673031400002,282.092519949
 01/12  21:00:00,196.435790788,286.40535405599996
 01/12  22:00:00,139.639769956,252.892324427
 01/12  23:00:00,81.843265055,3.4995085090699996
 01/12  24:00:00,117.476651734,2.355
 01/13  01:00:00,85.9060095256,3.4992777321199995
 01/13  02:00:00,78.128655989,2.355
 01/13  03:00:00,90.3052180834,25.4603276718
 01/13  04:00:00,90.26582193670001,29.134996377199997
 01/13  05:00:00,108.87458956799999,22.5632317281
 01/13  06:00:00,112.787514116,38.4571633894
 01/13  07:00:00,154.783066019,442.91797830300004
 01/13  08:00:00,156.356319138,406.077001595
 01/13  09:00:00,209.795316956,382.76126824199997
 01/13  10:00:00,233.717748208,354.818685458
 01/13  11:00:00,223.94229415200002,350.59939615300004
 01/13  12:00:00,254.756308759,330.787988273
 01/13  13:00:00,234.246810068,327.09417915299997
 01/13  14:00:00,231.049083644,319.999545194
 01/13  15:00:00,227.26490792200002,317.545916605
 01/13  16:00:00,223.85138225400001,318.270898897
 01/13  17:00:00,223.872283175,322.82458082700003
 01/13  18:00:00,234.01940704400002,335.827685404
 01/13  19:00:00,236.90160299599998,357.711938985
 01/13  20:00:00,214.04691165900002,371.51816962099997
 01/13  21:00:00,189.533131529,387.34762030900004
 01/13  22:00:00,134.168708271,375.938942348
 01/13  23:00:00,78.9202414312,2.355
 01/13  24:00:00,123.220031608,28.9682074017
 01/14  01:00:00,90.4772701792,33.1456638512
 01/14  02:00:00,92.7596000033,47.612600001800004
 01/14  03:00:00,91.6933450428,62.219787383900005
 01/14  04:00:00,87.8096699014,45.88654703
 01/14  05:00:00,99.09627804559999,60.2287532446
 01/14  06:00:00,97.6486908554,78.563394376
 01/14  07:00:00,123.73710879299999,571.2919776680001
 01/14  08:00:00,132.58439175,525.678337339
 01/14  09:00:00,182.050558691,492.04304094800005
 01/14  10:00:00,199.112126913,447.19990854400004
 01/14  11:00:00,223.826409268,417.216324177
 01/14  12:00:00,254.75578541299998,389.992412229
 01/14  13:00:00,234.633156248,377.04434531199996
 01/14  14:00:00,231.26433182,366.78408643
 01/14  15:00:00,227.46948212200002,358.08998802900004
 01/14  16:00:00,224.082976735,352.38246150699996
 01/14  17:00:00,224.11326763099999,348.54703610300004
 01/14  18:00:00,234.297115982,353.547883253
 01/14  19:00:00,223.325060914,374.526260255
 01/14  20:00:00,177.76260225299998,384.823192446
 01/14  21:00:00,167.5263624,390.88668612
 01/14  22:00:00,124.835995847,370.475349172
 01/14  23:00:00,76.7710451303,1.77125
 01/14  24:00:00,121.15268914,29.4945148023
 01/15  01:00:00,96.98213375700001,57.1341457187
 01/15  02:00:00,92.845296622,76.4287423217
 01/15  03:00:00,88.8369710944,67.28740579800001
 01/15  04:00:00,92.64716213450001,115.291706695
 01/15  05:00:00,102.17093759999999,138.11785008200002
 01/15  06:00:00,97.17836105469999,105.99591938799999
 01/15  07:00:00,123.380441214,695.5999114860001
 01/15  08:00:00,132.43966165,649.298448718
 01/15  09:00:00,154.490578287,572.668076111
 01/15  10:00:00,126.72560400799999,555.638492362
 01/15  11:00:00,161.517291404,523.596621425
 01/15  12:00:00,193.060038009,508.826100865
 01/15  13:00:00,200.190715405,474.634831978
 01/15  14:00:00,197.183024075,460.01370027400003
 01/15  15:00:00,193.42932094,454.24670960099996
 01/15  16:00:00,190.017850566,448.003095387
 01/15  17:00:00,190.02403234,443.81623280400004
 01/15  18:00:00,171.75269351,538.140838838
 01/15  19:00:00,181.815143426,585.949559592
 01/15  20:00:00,161.661879463,601.470361791
 01/15  21:00:00,152.79057903700001,605.702119333
 01/15  22:00:00,138.81822509399998,560.182970185
 01/15  23:00:00,82.4983435605,29.2257237718
 01/15  24:00:00,126.26697434799999,61.3410180596
 01/16  01:00:00,99.93977049709999,112.039870243
 01/16  02:00:00,92.6123817828,114.831273938
 01/16  03:00:00,92.2939734499,122.14218576799999
 01/16  04:00:00,95.33457093940001,150.842850239
 01/16  05:00:00,100.643721787,139.089696854
 01/16  06:00:00,98.4129768825,132.592729744
 01/16  07:00:00,123.326442837,723.14073323
 01/16  08:00:00,132.398593885,680.255444065
 01/16  09:00:00,154.480156503,612.2843282719999
 01/16  10:00:00,126.824734187,596.594351557
 01/16  11:00:00,161.489954358,559.67156065
 01/16  12:00:00,193.041092654,538.421169598
 01/16  13:00:00,200.22017799,507.483114759
 01/16  14:00:00,197.173523055,483.175258083
 01/16  15:00:00,193.418817077,468.69490089
 01/16  16:00:00,190.00630210900002,463.26294933
 01/16  17:00:00,190.017598364,456.41892082199996
 01/16  18:00:00,171.75420331700002,542.073181193
 01/16  19:00:00,181.821706017,568.01140927
 01/16  20:00:00,161.719398998,574.298982607
 01/16  21:00:00,152.831075925,578.085297348
 01/16  22:00:00,138.831433145,536.231753246
 01/16  23:00:00,80.36523562560001,19.754214504
 01/16  24:00:00,128.876835382,57.8220176834
 01/17  01:00:00,96.9892031318,53.921765985600004
 01/17  02:00:00,94.90731700159999,79.1062549771
 01/17  03:00:00,94.2778645671,100.01882448299999
 01/17  04:00:00,92.1018726786,81.0766894271
 01/17  05:00:00,119.20200798,94.011495334
 01/17  06:00:00,116.75144629299999,92.16633199270001
 01/17  07:00:00,154.459777436,576.439344663
 01/17  08:00:00,155.956091141,524.4902988719999
 01/17  09:00:00,209.64674642,477.229443341
 01/17  10:00:00,233.781280353,430.00627211
 01/17  11:00:00,223.909006571,405.634603401
 01/17  12:00:00,254.79921347599998,379.56185763900004
 01/17  13:00:00,234.762557407,367.875643414
 01/17  14:00:00,231.419939437,357.10429950699995
 01/17  15:00:00,227.613414634,345.794953001
 01/17  16:00:00,224.23454723700002,336.101839398
 01/17  17:00:00,224.255539399,332.1423538
 01/17  18:00:00,234.42316532099997,330.207335855
 01/17  19:00:00,237.161096312,336.09174961400004
 01/17  20:00:00,214.544146783,337.243579968
 01/17  21:00:00,190.112988318,340.093558068
 01/17  22:00:00,134.552091881,309.16428155799997
 01/17  23:00:00,80.2589855543,2.355
 01/17  24:00:00,115.950056783,3.49930774649
 01/18  01:00:00,92.57374149729999,21.7850788262
 01/18  02:00:00,86.66592215950001,25.774217853499998
 01/18  03:00:00,91.9207797109,42.780318173699996
 01/18  04:00:00,94.0416456201,46.3268894456
 01/18  05:00:00,98.08602743639999,40.1517144621
 01/18  06:00:00,100.640913131,66.1168744299
 01/18  07:00:00,138.04150043200002,523.971914581
 01/18  08:00:00,146.794434368,505.31131541300005
 01/18  09:00:00,209.494875643,480.09579736300003
 01/18  10:00:00,233.33571204400002,432.80075055699996
 01/18  11:00:00,223.676008831,404.53219661199995
 01/18  12:00:00,254.68245211,376.465278801
 01/18  13:00:00,234.29596035400002,349.10211601
 01/18  14:00:00,231.07159322599998,336.84054560000004
 01/18  15:00:00,227.321701215,329.627768252
 01/18  16:00:00,223.925732053,320.115514099
 01/18  17:00:00,223.938504871,319.537240574
 01/18  18:00:00,234.09762570200002,333.347990113
 01/18  19:00:00,236.94362335099999,355.312537332
 01/18  20:00:00,220.70084264599998,368.34227286
 01/18  21:00:00,195.69441673400001,383.215135243
 01/18  22:00:00,138.90321833299998,369.765082465
 01/18  23:00:00,78.9452168051,3.4995083359599994
 01/18  24:00:00,119.113767417,14.2063617644
 01/19  01:00:00,96.3662385815,42.2302497194
 01/19  02:00:00,89.7449546659,37.015849567800004
 01/19  03:00:00,95.1828520937,51.676179553199994
 01/19  04:00:00,94.0260894699,61.0381389006
 01/19  05:00:00,96.73316364530001,44.007722502
 01/19  06:00:00,101.02652746700001,56.9663095072
 01/19  07:00:00,137.762424064,554.7564063890001
 01/19  08:00:00,146.78154774700002,502.85224001800003
 01/19  09:00:00,209.51372710200002,464.381061348
 01/19  10:00:00,233.583846792,425.11555230199997
 01/19  11:00:00,223.77488320900002,403.472953469
 01/19  12:00:00,254.710121378,380.897859906
 01/19  13:00:00,234.45669964299998,364.481278532
 01/19  14:00:00,231.027845888,354.264943398
 01/19  15:00:00,227.232339074,354.534699775
 01/19  16:00:00,223.808597008,348.817827808
 01/19  17:00:00,223.80277481,352.56897866800006
 01/19  18:00:00,233.94094320099998,370.57241040099996
 01/19  19:00:00,236.848597015,395.63164555099996
 01/19  20:00:00,220.53494324099998,420.771887769
 01/19  21:00:00,195.57527239200002,440.510680505
 01/19  22:00:00,138.857697545,423.639362913
 01/19  23:00:00,80.70447981699999,10.642468864
 01/19  24:00:00,130.32565505,58.7745518557
 01/20  01:00:00,95.68514677270001,51.3226500883
 01/20  02:00:00,94.78527472440001,97.00306338809999
 01/20  03:00:00,95.1179611523,101.767245371
 01/20  04:00:00,90.3355526173,84.282455428
 01/20  05:00:00,118.878986529,141.345985452
 01/20  06:00:00,120.608044974,143.809929319
 01/20  07:00:00,154.416894458,648.117334807
 01/20  08:00:00,155.77145789899998,608.328727628
 01/20  09:00:00,209.54544905900002,566.563937747
 01/20  10:00:00,233.44872065,511.64361905199996
 01/20  11:00:00,223.62179039,479.297589481
 01/20  12:00:00,254.637373876,458.892367806
 01/20  13:00:00,234.399349256,444.100109764
 01/20  14:00:00,230.90263514400002,435.38525724699997
 01/20  15:00:00,227.104987679,421.917405546
 01/20  16:00:00,223.69063645,409.902371225
 01/20  17:00:00,223.69562579,415.530211701
 01/20  18:00:00,233.85588967599998,430.30979767900004
 01/20  19:00:00,236.818205988,444.598147985
 01/20  20:00:00,213.95313704900002,473.268143062
 01/20  21:00:00,189.36433064,493.64880901099997
 01/20  22:00:00,134.09840640299998,478.06646213199997
 01/20  23:00:00,82.73623497850001,20.7178503043
 01/20  24:00:00,131.146617814,67.5830144167
 01/21  01:00:00,95.04141643049999,69.9125966484
 01/21  02:00:00,94.39500626659999,111.432195129
 01/21  03:00:00,92.9816628735,130.84683005899998
 01/21  04:00:00,92.1265531633,118.806394619
 01/21  05:00:00,102.700649504,130.84383737
 01/21  06:00:00,99.0333302945,122.352176954
 01/21  07:00:00,123.662197441,627.62599829
 01/21  08:00:00,132.492620411,566.3920409230001
 01/21  09:00:00,182.016244688,517.9647307419999
 01/21  10:00:00,199.14070226299998,455.476325898
 01/21  11:00:00,223.85485217299998,409.327629862
 01/21  12:00:00,254.774502414,381.604890025
 01/21  13:00:00,234.71734920400002,372.670119278
 01/21  14:00:00,231.28020606099997,365.767972265
 01/21  15:00:00,227.440301502,352.125986777
 01/21  16:00:00,224.08548810099998,343.640032035
 01/21  17:00:00,224.150466076,338.040029299
 01/21  18:00:00,234.35842959,334.842831414
 01/21  19:00:00,223.39143351099997,349.818745785
 01/21  20:00:00,177.94982655299998,360.934323227
 01/21  21:00:00,167.69383266,364.196376154
 01/21  22:00:00,124.95641568100001,335.904905001
 01/21  23:00:00,77.1001323707,1.77125
 01/21  24:00:00,112.88232076799999,2.9157139453500003
 01/22  01:00:00,90.167291585,19.9544841835
 01/22  02:00:00,88.18450204049999,39.733484514699995
 01/22  03:00:00,92.95891217120001,49.3082547904
 01/22  04:00:00,89.1778346003,45.0131668692
 01/22  05:00:00,97.87800876690001,75.585404588
 01/22  06:00:00,99.69689418370001,88.9144148477
 01/22  07:00:00,123.762071248,627.772733955
 01/22  08:00:00,132.521380472,602.1880363719999
 01/22  09:00:00,154.509461123,535.4530080659999
 01/22  10:00:00,126.69557516,514.705064042
 01/22  11:00:00,161.545879564,476.46283496800004
 01/22  12:00:00,193.072040867,466.07665880699994
 01/22  13:00:00,200.04735501599998,440.000593536
 01/22  14:00:00,197.15171002,443.515020605
 01/22  15:00:00,193.407959413,444.280477075
 01/22  16:00:00,189.981944434,447.214723822
 01/22  17:00:00,189.978781283,460.44154665800005
 01/22  18:00:00,171.702087329,550.89661183
 01/22  19:00:00,181.80317984299998,582.3384576000001
 01/22  20:00:00,161.63414533600002,593.405110568
 01/22  21:00:00,152.776675877,604.3378343219999
 01/22  22:00:00,138.813917418,569.96332935
 01/22  23:00:00,82.5322987581,30.923359399200002
 01/22  24:00:00,126.26711111,58.94790884729999
 01/23  01:00:00,102.070851789,93.3108125781
 01/23  02:00:00,94.2798543976,130.500987135
 01/23  03:00:00,94.10362738069999,125.998393184
 01/23  04:00:00,98.002696715,125.872756331
 01/23  05:00:00,101.58438024700001,137.425180045
 01/23  06:00:00,100.441633514,136.052915139
 01/23  07:00:00,137.525935444,669.861784725
 01/23  08:00:00,146.65043245,611.027179674
 01/23  09:00:00,209.466790687,560.746809824
 01/23  10:00:00,233.514222192,496.170739258
 01/23  11:00:00,223.61650270400003,465.564229044
 01/23  12:00:00,254.64279397599998,439.705261854
 01/23  13:00:00,234.443990523,425.275766822
 01/23  14:00:00,230.976509684,409.28563201599997
 01/23  15:00:00,227.188846713,409.21509744699995
 01/23  16:00:00,223.792741076,403.20255944800004
 01/23  17:00:00,223.827303718,397.853980976
 01/23  18:00:00,234.02283181599998,403.375348834
 01/23  19:00:00,236.92498846900003,414.050063275
 01/23  20:00:00,220.751561267,422.650605822
 01/23  21:00:00,195.704830907,434.83277445699997
 01/23  22:00:00,138.915915259,416.178754124
 01/23  23:00:00,78.8023175848,3.49950418269
 01/23  24:00:00,124.805205657,35.4955709362
 01/24  01:00:00,101.40681863200001,53.3446065424
 01/24  02:00:00,93.30122099549999,68.6811214038
 01/24  03:00:00,90.9626205774,66.599952626
 01/24  04:00:00,94.790921223,90.7483189751
 01/24  05:00:00,117.11060027799999,101.821805151
 01/24  06:00:00,115.01990358200001,99.9446408155
 01/24  07:00:00,154.161967324,647.878295028
 01/24  08:00:00,155.815861469,596.200240054
 01/24  09:00:00,209.555158185,555.727233952
 01/24  10:00:00,233.416794926,506.420103584
 01/24  11:00:00,223.604989685,484.318122185
 01/24  12:00:00,254.617639824,461.707290918
 01/24  13:00:00,234.320213113,450.10425048800005
 01/24  14:00:00,230.842024725,436.49304053300006
 01/24  15:00:00,227.0692893,426.63758418699996
 01/24  16:00:00,223.647622201,411.746657455
 01/24  17:00:00,223.645626797,418.13802895
 01/24  18:00:00,230.42726424900002,445.679603901
 01/24  19:00:00,236.808201867,463.30938478900003
 01/24  20:00:00,213.940536275,459.119724978
 01/24  21:00:00,189.36943346099997,458.527815475
 01/24  22:00:00,134.100229087,450.353366124
 01/24  23:00:00,82.7052290928,20.857536884800002
 01/24  24:00:00,131.42974219200002,69.5471289275
 01/25  01:00:00,97.2216063443,65.4444358663
 01/25  02:00:00,94.142133386,105.61640390299999
 01/25  03:00:00,96.43307155030001,142.24566258
 01/25  04:00:00,93.7315107278,132.24833502299998
 01/25  05:00:00,103.45484977,173.110405803
 01/25  06:00:00,103.897615567,179.430648346
 01/25  07:00:00,137.847368903,716.580915445
 01/25  08:00:00,146.587435784,674.198697062
 01/25  09:00:00,209.442203887,625.040184918
 01/25  10:00:00,233.38452556099998,571.1506041380001
 01/25  11:00:00,223.54560416799998,530.462923648
 01/25  12:00:00,254.59312033400002,482.83039016
 01/25  13:00:00,234.364722424,445.177997016
 01/25  14:00:00,230.854753403,419.40381617599996
 01/25  15:00:00,227.084673405,399.031197064
 01/25  16:00:00,223.698501235,389.892959989
 01/25  17:00:00,223.718833367,392.34665057300003
 01/25  18:00:00,230.488197278,403.451616375
 01/25  19:00:00,236.82481501,426.070960206
 01/25  20:00:00,220.598566662,434.15133152199996
 01/25  21:00:00,195.578829133,446.76220656699996
 01/25  22:00:00,138.86245405,429.31428863599996
 01/25  23:00:00,78.6987796108,2.355
 01/25  24:00:00,129.436139781,44.1813130384
 01/26  01:00:00,100.62144541299999,67.6585364053
 01/26  02:00:00,90.98229992030001,54.686185566599995
 01/26  03:00:00,94.18718706889999,79.88595027470001
 01/26  04:00:00,94.4024787082,78.1801712659
 01/26  05:00:00,97.56840133040001,63.1847762965
 01/26  06:00:00,100.341119943,87.7338948018
 01/26  07:00:00,137.973897089,550.320183704
 01/26  08:00:00,146.85810851,503.376118585
 01/26  09:00:00,209.564742474,462.41618098
 01/26  10:00:00,233.7220065,417.034116614
 01/26  11:00:00,223.856940944,405.793770848
 01/26  12:00:00,254.766703505,386.62222586
 01/26  13:00:00,234.633227639,377.00551819699996
 01/26  14:00:00,231.24502496,370.928860016
 01/26  15:00:00,227.437803707,366.788367588
 01/26  16:00:00,224.038278951,358.86678704
 01/26  17:00:00,224.049239132,360.109026481
 01/26  18:00:00,230.82095170099998,364.370100809
 01/26  19:00:00,237.031544413,373.99491669400004
 01/26  20:00:00,220.85911440299998,381.582218249
 01/26  21:00:00,195.908268726,388.297732255
 01/26  22:00:00,139.05925855200002,364.00728387
 01/26  23:00:00,79.1423136179,2.355
 01/26  24:00:00,119.243121195,15.1623026274
 01/27  01:00:00,96.6685974065,40.411898545599996
 01/27  02:00:00,89.7940080793,33.5560271473
 01/27  03:00:00,95.4233966539,56.772673375699995
 01/27  04:00:00,94.72246958,58.1694643414
 01/27  05:00:00,112.867809043,45.9250344043
 01/27  06:00:00,117.838070484,68.0668038464
 01/27  07:00:00,154.724251047,504.742808827
 01/27  08:00:00,156.369767871,459.014956294
 01/27  09:00:00,209.88403930400003,418.375400205
 01/27  10:00:00,234.09230090900002,368.75525778599996
 01/27  11:00:00,224.299351155,348.058191808
 01/27  12:00:00,254.98826732400002,322.42671796400003
 01/27  13:00:00,234.94990804,314.083300289
 01/27  14:00:00,231.993474666,303.933937896
 01/27  15:00:00,228.514367371,297.793638778
 01/27  16:00:00,224.836718238,294.000718538
 01/27  17:00:00,224.54687082400002,297.71793386900003
 01/27  18:00:00,231.23217245200001,304.193571891
 01/27  19:00:00,237.227163084,332.73685775900003
 01/27  20:00:00,214.34683792400003,360.242557663
 01/27  21:00:00,189.85111602799998,378.951361025
 01/27  22:00:00,134.30249602700002,358.933550629
 01/27  23:00:00,79.1159413644,3.4995160140300006
 01/27  24:00:00,119.15154144700001,14.5267213609
 01/28  01:00:00,93.8754161624,41.487301584
 01/28  02:00:00,86.91481821149999,34.9941698096
 01/28  03:00:00,92.0966703884,61.4374648143
 01/28  04:00:00,92.9372468937,63.5867840593
 01/28  05:00:00,94.74793843479999,48.208547906599996
 01/28  06:00:00,98.1833568875,73.7533106837
 01/28  07:00:00,123.76809743700001,537.191555969
 01/28  08:00:00,132.618143386,491.873663127
 01/28  09:00:00,182.069746055,460.18561612699995
 01/28  10:00:00,199.0556628,414.427185069
 01/28  11:00:00,223.840613367,378.340306135
 01/28  12:00:00,254.759298027,353.05124540599996
 01/28  13:00:00,234.584402697,334.372423645
 01/28  14:00:00,231.28668698400003,324.230959951
 01/28  15:00:00,227.511881149,314.785377663
 01/28  16:00:00,224.11899149299998,314.873331622
 01/28  17:00:00,224.131161537,324.114904899
 01/28  18:00:00,230.89438555700002,340.704086807
 01/28  19:00:00,223.27416648599998,372.388503974
 01/28  20:00:00,177.55022008900002,397.444229253
 01/28  21:00:00,167.25418211299998,420.708974305
 01/28  22:00:00,124.65832625899999,409.52470635599997
 01/28  23:00:00,76.4841239083,1.77125
 01/28  24:00:00,121.157364288,33.4092308806
 01/29  01:00:00,97.1597938977,63.529546609200004
 01/29  02:00:00,92.8888400679,77.7212769706
 01/29  03:00:00,89.178100387,76.95175880779999
 01/29  04:00:00,92.7106310533,121.371886353
 01/29  05:00:00,101.37562143299999,130.010228695
 01/29  06:00:00,98.14995718770001,119.202072719
 01/29  07:00:00,123.35640209600001,721.133659924
 01/29  08:00:00,132.419082985,674.407753815
 01/29  09:00:00,154.48538025,595.682689141
 01/29  10:00:00,126.764313674,573.647786822
 01/29  11:00:00,161.514838776,528.726192823
 01/29  12:00:00,193.06593500099999,495.1130217
 01/29  13:00:00,200.242226692,444.64015117599996
 01/29  14:00:00,197.22732901,423.380155565
 01/29  15:00:00,193.463066388,420.828876036
 01/29  16:00:00,190.043272677,420.91288028300005
 01/29  17:00:00,190.04392143400003,416.046941849
 01/29  18:00:00,168.380628543,491.286685965
 01/29  19:00:00,181.827398117,523.175042368
 01/29  20:00:00,161.707422284,548.616422817
 01/29  21:00:00,152.822940749,579.091873629
 01/29  22:00:00,138.824407666,547.377769385
 01/29  23:00:00,80.4221697222,22.3834122599
 01/29  24:00:00,128.85822479200002,66.6572488126
 01/30  01:00:00,96.8830468515,64.5433254923
 01/30  02:00:00,95.4573112061,107.512506211
 01/30  03:00:00,94.2975942506,105.95332201299999
 01/30  04:00:00,93.8415080806,122.236641042
 01/30  05:00:00,104.84859321,132.646361426
 01/30  06:00:00,101.25124923899999,129.348701145
 01/30  07:00:00,137.87381378799998,655.309213316
 01/30  08:00:00,146.672522791,600.3417192759999
 01/30  09:00:00,209.47426171799998,539.529603973
 01/30  10:00:00,233.534522892,478.893463848
 01/30  11:00:00,223.659826381,454.51910148400003
 01/30  12:00:00,254.686612657,427.52935282
 01/30  13:00:00,234.561561334,415.586497626
 01/30  14:00:00,231.1176616,391.40663388300004
 01/30  15:00:00,227.290171171,378.964419024
 01/30  16:00:00,223.853745295,369.74324887
 01/30  17:00:00,223.82855572900002,373.133524683
 01/30  18:00:00,230.58202299200002,383.331993635
 01/30  19:00:00,236.880753393,399.56578877699997
 01/30  20:00:00,220.60577398200002,411.773935672
 01/30  21:00:00,195.614762373,424.87589360699997
 01/30  22:00:00,138.871604952,406.75538604900004
 01/30  23:00:00,78.77419879930001,3.4995066874400003
 01/30  24:00:00,126.18718681700001,41.5002165767
 01/31  01:00:00,100.650026214,61.8856637243
 01/31  02:00:00,90.3071667108,55.8887248467
 01/31  03:00:00,94.8543452397,89.256332375
 01/31  04:00:00,94.32463672280001,84.9584772778
 01/31  05:00:00,112.722906454,69.2047989979
 01/31  06:00:00,118.00526028,106.116093644
 01/31  07:00:00,154.472208763,583.99726498
 01/31  08:00:00,152.50173133,544.946100659
 01/31  09:00:00,209.585669378,491.648133476
 01/31  10:00:00,233.616086798,427.707161177
 01/31  11:00:00,223.816440791,406.370935831
 01/31  12:00:00,254.74615095400003,388.507912122
 01/31  13:00:00,234.61011148,369.547130388
 01/31  14:00:00,231.206061515,352.80308182
 01/31  15:00:00,227.364611139,344.824495801
 01/31  16:00:00,223.94256909599997,332.685708915
 01/31  17:00:00,223.945653319,334.106041587
 01/31  18:00:00,230.71148284400002,349.96939471400003
 01/31  19:00:00,236.95747945099998,384.681170116
 01/31  20:00:00,214.101279176,412.21258166300004
 01/31  21:00:00,189.53908684400002,424.91283980699995
 01/31  22:00:00,134.182857237,391.759039914
 01/31  23:00:00,78.9681141413,2.355
 01/31  24:00:00,123.245193896,24.8709075831
 02/01  01:00:00,92.5504883004,25.8804216955
 02/01  02:00:00,91.99082171090001,40.95108237
 02/01  03:00:00,92.6359717371,39.15730064
 02/01  04:00:00,89.80100765110001,27.838950441399998
 02/01  05:00:00,101.378125859,41.2697736016
 02/01  06:00:00,101.034959431,41.1691174964
 02/01  07:00:00,138.835857682,445.600307568
 02/01  08:00:00,145.425562618,400.01462902
 02/01  09:00:00,211.689910964,355.568216082
 02/01  10:00:00,237.283320366,307.906081413
 02/01  11:00:00,228.310020351,287.651976814
 02/01  12:00:00,258.748342822,273.23754627299996
 02/01  13:00:00,238.897542383,271.78313908
 02/01  14:00:00,235.530729625,277.868088855
 02/01  15:00:00,230.757979699,276.5764393
 02/01  16:00:00,226.355156453,269.238196354
 02/01  17:00:00,225.399164689,271.938234437
 02/01  18:00:00,231.637254097,275.71635688099997
 02/01  19:00:00,237.765863982,282.021023624
 02/01  20:00:00,221.509859699,288.743354437
 02/01  21:00:00,196.41962954,300.665778685
 02/01  22:00:00,139.324204768,280.655238699
 02/01  23:00:00,80.1354645421,2.355
 02/01  24:00:00,115.67780172799999,3.4993619772199995
 02/02  01:00:00,84.3211074049,2.355
 02/02  02:00:00,86.21256664290001,18.029644178599998
 02/02  03:00:00,86.3323041329,20.5627649366
 02/02  04:00:00,90.6759487798,32.2260267419
 02/02  05:00:00,97.3428083844,33.0477375592
 02/02  06:00:00,92.96976556930001,26.6387098272
 02/02  07:00:00,138.312242967,446.182300291
 02/02  08:00:00,144.139691529,399.219950171
 02/02  09:00:00,209.977670443,362.045849552
 02/02  10:00:00,234.30392008599998,316.938222405
 02/02  11:00:00,224.74373877099998,292.503969159
 02/02  12:00:00,255.766299365,272.464639322
 02/02  13:00:00,235.944221835,259.864547173
 02/02  14:00:00,233.074092786,246.524150729
 02/02  15:00:00,228.876207789,243.432633395
 02/02  16:00:00,225.56554786599997,245.79612155599997
 02/02  17:00:00,225.80890887299998,253.958376588
 02/02  18:00:00,232.408215255,259.949981368
 02/02  19:00:00,238.20170891599997,268.090552613
 02/02  20:00:00,222.42350102,275.211732521
 02/02  21:00:00,197.612504175,280.55962384400004
 02/02  22:00:00,140.587907575,255.104341697
 02/02  23:00:00,82.30774300739999,2.355
 02/02  24:00:00,117.77756578,2.355
 02/03  01:00:00,86.4912712529,3.4992679867
 02/03  02:00:00,78.9410283666,2.355
 02/03  03:00:00,82.22318953130001,10.5148813807
 02/03  04:00:00,90.51175126,25.577617593699998
 02/03  05:00:00,108.86864468799999,19.2412794029
 02/03  06:00:00,112.870210284,31.3296984935
 02/03  07:00:00,155.00501613,413.36727199800004
 02/03  08:00:00,153.378622269,376.360106851
 02/03  09:00:00,210.089058398,339.445300126
 02/03  10:00:00,234.283850633,305.029038123
 02/03  11:00:00,224.776164877,295.885097816
 02/03  12:00:00,255.92736475400002,278.83932313599996
 02/03  13:00:00,236.52340768099998,271.22370138900004
 02/03  14:00:00,233.488318162,266.711747467
 02/03  15:00:00,230.206597658,263.142697772
 02/03  16:00:00,227.742853077,257.90945320599997
 02/03  17:00:00,228.177202082,261.57380712599996
 02/03  18:00:00,234.844185305,268.867847767
 02/03  19:00:00,240.35815708200002,273.293601625
 02/03  20:00:00,218.111660691,275.058341495
 02/03  21:00:00,193.26276644799998,277.492232308
 02/03  22:00:00,138.001315274,247.31664743299999
 02/03  23:00:00,85.0004127715,3.4995094892900003
 02/03  24:00:00,120.473336164,2.355
 02/04  01:00:00,87.60242563969999,2.91563282799
 02/04  02:00:00,80.6563184197,1.77125
 02/04  03:00:00,80.1349094134,2.91560753366
 02/04  04:00:00,83.542518222,8.68533681113
 02/04  05:00:00,97.53398318379999,23.6100492148
 02/04  06:00:00,91.7833319628,21.9467624292
 02/04  07:00:00,124.26067940799999,436.794309714
 02/04  08:00:00,129.728906469,397.73412245
 02/04  09:00:00,182.342610307,362.87973218900004
 02/04  10:00:00,199.329621292,322.885953888
 02/04  11:00:00,224.177838427,301.709763806
 02/04  12:00:00,254.88719116599998,287.628462286
 02/04  13:00:00,234.367726389,286.978493362
 02/04  14:00:00,231.36158861099997,284.043113129
 02/04  15:00:00,227.502239955,282.130850143
 02/04  16:00:00,224.065033861,291.646221938
 02/04  17:00:00,224.03700563599998,299.99333055299996
 02/04  18:00:00,227.389899867,313.71614139900004
 02/04  19:00:00,223.216895446,350.257544919
 02/04  20:00:00,177.41615738,380.06306081099996
 02/04  21:00:00,167.220076045,391.725847394
 02/04  22:00:00,124.659556238,374.15344664
 02/04  23:00:00,76.634573594,1.77125
 02/04  24:00:00,120.94620086299999,27.9435371209
 02/05  01:00:00,89.90328986200001,31.790273169099997
 02/05  02:00:00,91.7096926264,58.7294493008
 02/05  03:00:00,92.8353165191,62.771576181899995
 02/05  04:00:00,88.0577767286,48.257967887
 02/05  05:00:00,98.4971760066,78.4669928956
 02/05  06:00:00,98.94914873649999,82.7441189821
 02/05  07:00:00,123.734741054,608.26207182
 02/05  08:00:00,129.15851463,575.885540497
 02/05  09:00:00,154.533773929,504.034403434
 02/05  10:00:00,126.952990191,473.708389703
 02/05  11:00:00,161.683937367,425.31370995199995
 02/05  12:00:00,193.165782234,406.76585794199997
 02/05  13:00:00,200.32816681,378.05787200000003
 02/05  14:00:00,197.387747685,365.946921044
 02/05  15:00:00,193.61289202,351.38869915199996
 02/05  16:00:00,190.191728268,343.050410266
 02/05  17:00:00,190.207310355,342.725116937
 02/05  18:00:00,165.152595198,410.14454498199996
 02/05  19:00:00,181.90415304099997,433.92145448699995
 02/05  20:00:00,161.832193802,447.162751268
 02/05  21:00:00,152.98332672700002,473.143020052
 02/05  22:00:00,138.902094393,427.353345435
 02/05  23:00:00,76.6477779361,1.77125
 02/05  24:00:00,120.940325268,27.8005375887
 02/06  01:00:00,93.0079884883,32.8917062762
 02/06  02:00:00,94.11921208700001,53.2475271775
 02/06  03:00:00,93.1322498955,48.757625727299995
 02/06  04:00:00,91.07912011239999,43.998555241400005
 02/06  05:00:00,101.543890499,53.873068175
 02/06  06:00:00,99.27909064040001,62.683065158199994
 02/06  07:00:00,138.019578343,517.6385133059999
 02/06  08:00:00,143.538714997,462.092266954
 02/06  09:00:00,209.641692965,416.05247882599997
 02/06  10:00:00,233.882560189,358.819073355
 02/06  11:00:00,224.027018899,333.510747256
 02/06  12:00:00,254.85123676599997,310.606379235
 02/06  13:00:00,234.791752858,301.658192597
 02/06  14:00:00,231.572661954,294.020487596
 02/06  15:00:00,227.81683814299998,282.199712184
 02/06  16:00:00,224.375297007,275.346746416
 02/06  17:00:00,224.314409233,277.66336188
 02/06  18:00:00,227.62623345,292.674039091
 02/06  19:00:00,237.123689157,319.500628199
 02/06  20:00:00,220.885675113,335.86304877599997
 02/06  21:00:00,195.936013583,351.074455605
 02/06  22:00:00,139.023159114,331.20014851900004
 02/06  23:00:00,79.1848575497,3.49950726305
 02/06  24:00:00,115.07631071899999,2.355
 02/07  01:00:00,96.21197413770001,41.7747113456
 02/07  02:00:00,91.3991163987,45.8600135359
 02/07  03:00:00,89.9095266593,36.787017109699995
 02/07  04:00:00,95.0202144878,53.8013684397
 02/07  05:00:00,116.413891514,72.1505326504
 02/07  06:00:00,112.58441049,54.3846637184
 02/07  07:00:00,154.237504901,586.569498967
 02/07  08:00:00,152.482147099,535.3407031180001
 02/07  09:00:00,209.57775252,486.92595901699997
 02/07  10:00:00,233.445952295,437.845633824
 02/07  11:00:00,223.68090753099997,411.93986017199995
 02/07  12:00:00,254.689409185,381.492753214
 02/07  13:00:00,234.446160832,358.16036744699994
 02/07  14:00:00,231.085795404,339.069415678
 02/07  15:00:00,227.30669810900002,327.146592183
 02/07  16:00:00,223.86312989700002,313.554522266
 02/07  17:00:00,223.82972434299998,318.292178499
 02/07  18:00:00,227.168361473,337.075008393
 02/07  19:00:00,236.86453828,364.843081354
 02/07  20:00:00,213.99086656900002,390.78088587199994
 02/07  21:00:00,189.439847202,405.52668278199997
 02/07  22:00:00,134.12340338299998,384.02985295300005
 02/07  23:00:00,78.8858862142,3.49947130365
 02/07  24:00:00,123.21793366200001,28.7894941667
 02/08  01:00:00,93.8155610642,34.2707018993
 02/08  02:00:00,93.23481200350001,60.9948900154
 02/08  03:00:00,95.1183114089,67.1543086992
 02/08  04:00:00,91.166710742,54.8309277904
 02/08  05:00:00,99.918056979,83.4094898976
 02/08  06:00:00,101.210540219,88.7916529134
 02/08  07:00:00,137.949545103,568.140384041
 02/08  08:00:00,143.344279791,518.801627455
 02/08  09:00:00,209.492559253,471.937735444
 02/08  10:00:00,233.55981109799998,414.791438831
 02/08  11:00:00,223.765781742,375.012538116
 02/08  12:00:00,254.727184815,344.739988045
 02/08  13:00:00,234.596203765,332.380651818
 02/08  14:00:00,231.226422222,315.86461488
 02/08  15:00:00,227.466320828,304.351458752
 02/08  16:00:00,224.09959524099997,298.872958039
 02/08  17:00:00,224.159764625,300.478039385
 02/08  18:00:00,227.58158993900003,306.803866388
 02/08  19:00:00,237.125669598,323.691229233
 02/08  20:00:00,221.086506852,328.210354433
 02/08  21:00:00,196.098815835,334.004623358
 02/08  22:00:00,139.155022642,310.952316112
 02/08  23:00:00,79.4561754225,3.4994384093699997
 02/08  24:00:00,115.198446834,2.355
 02/09  01:00:00,88.16916068530001,12.2947865078
 02/09  02:00:00,90.2888219132,36.337250796599996
 02/09  03:00:00,87.7315309712,30.3390225946
 02/09  04:00:00,93.00104908649999,52.8378210478
 02/09  05:00:00,101.64806896700001,60.3737127556
 02/09  06:00:00,97.45804510549999,53.9965718362
 02/09  07:00:00,137.78583444,556.348297364
 02/09  08:00:00,143.354573976,527.559577959
 02/09  09:00:00,209.488460244,488.32012594599996
 02/09  10:00:00,233.370723955,435.55605288699996
 02/09  11:00:00,223.64843607900002,414.377446412
 02/09  12:00:00,254.653367817,391.465416231
 02/09  13:00:00,234.28192710599998,363.012216986
 02/09  14:00:00,230.94307821599998,348.346619016
 02/09  15:00:00,227.177443452,335.08166816799996
 02/09  16:00:00,223.80210854,319.180998025
 02/09  17:00:00,223.83206516599998,317.44793873099997
 02/09  18:00:00,227.210103751,331.097390918
 02/09  19:00:00,236.886910936,353.215640188
 02/09  20:00:00,220.635550609,367.87663415199995
 02/09  21:00:00,195.63424445299998,377.55596645400004
 02/09  22:00:00,138.875350885,355.756264788
 02/09  23:00:00,78.9460199486,2.355
 02/09  24:00:00,119.10258994,16.3409264542
 02/10  01:00:00,96.3433552324,40.7481563669
 02/10  02:00:00,88.09708754530001,33.116680879899995
 02/10  03:00:00,94.2743725044,58.3603655588
 02/10  04:00:00,94.2525650798,61.4083836809
 02/10  05:00:00,113.625903955,51.310125381999995
 02/10  06:00:00,116.66265653,73.81257124
 02/10  07:00:00,154.476479135,514.332458334
 02/10  08:00:00,152.680757694,460.129690816
 02/10  09:00:00,209.76133114599997,409.48399675800005
 02/10  10:00:00,234.01952142,364.046856611
 02/10  11:00:00,224.136914548,359.337658565
 02/10  12:00:00,254.873297512,348.99078916199994
 02/10  13:00:00,234.782398598,348.113802712
 02/10  14:00:00,231.316640562,351.51767324400004
 02/10  15:00:00,227.330669472,350.73556468199996
 02/10  16:00:00,223.813174111,345.89976553300005
 02/10  17:00:00,223.77568988099998,362.527725579
 02/10  18:00:00,227.09577331,377.250176155
 02/10  19:00:00,236.81313159799998,402.87145788199996
 02/10  20:00:00,213.770538152,427.70880599699996
 02/10  21:00:00,189.34202160099997,448.155501326
 02/10  22:00:00,134.088815343,444.401237884
 02/10  23:00:00,80.5863238956,9.87176604953
 02/10  24:00:00,130.500210126,73.9816804297
 02/11  01:00:00,94.93071263360001,70.42273405270001
 02/11  02:00:00,92.56628312870001,110.2628853
 02/11  03:00:00,92.914105137,124.636187224
 02/11  04:00:00,91.5564269851,122.754831649
 02/11  05:00:00,102.474226421,163.337402854
 02/11  06:00:00,100.221999414,144.051650574
 02/11  07:00:00,123.632342951,662.199442324
 02/11  08:00:00,129.003760781,603.915292065
 02/11  09:00:00,181.973932909,548.792991849
 02/11  10:00:00,198.959248467,479.25873366
 02/11  11:00:00,223.64841089,432.218206731
 02/11  12:00:00,254.688150991,399.446490692
 02/11  13:00:00,234.558529053,370.48672090900004
 02/11  14:00:00,231.10474973900003,358.277215834
 02/11  15:00:00,227.27752792099997,348.390999904
 02/11  16:00:00,223.88311974,340.482556889
 02/11  17:00:00,223.90382098400002,342.613611188
 02/11  18:00:00,227.324984604,350.96547033699994
 02/11  19:00:00,223.255300716,379.189022899
 02/11  20:00:00,177.754760877,394.75348179400004
 02/11  21:00:00,167.443065246,398.805216026
 02/11  22:00:00,124.819087118,373.103123888
 02/11  23:00:00,76.8187010681,2.9158274558599997
 02/11  24:00:00,121.240106436,29.0793613315
 02/12  01:00:00,92.1605567006,36.132673443200005
 02/12  02:00:00,92.8058962268,50.8146966625
 02/12  03:00:00,91.7796670189,71.70864611569999
 02/12  04:00:00,87.7560246351,63.9432302829
 02/12  05:00:00,99.8971661276,96.80038095569999
 02/12  06:00:00,99.8509102128,106.93050064
 02/12  07:00:00,123.672396201,655.615577578
 02/12  08:00:00,129.08091343700002,616.217948259
 02/12  09:00:00,154.50390965,543.596364445
 02/12  10:00:00,126.789485621,526.077695263
 02/12  11:00:00,161.556162984,487.02259557300005
 02/12  12:00:00,193.07951638,464.170373149
 02/12  13:00:00,200.205307396,426.040961742
 02/12  14:00:00,197.231974192,402.259393761
 02/12  15:00:00,193.46839438400002,395.39741727
 02/12  16:00:00,190.04694121400001,396.189308874
 02/12  17:00:00,190.047500523,396.956044174
 02/12  18:00:00,164.987191134,478.504921964
 02/12  19:00:00,181.825701052,512.100343533
 02/12  20:00:00,161.698154052,524.832526162
 02/12  21:00:00,152.83829558600002,546.012044226
 02/12  22:00:00,138.832404889,524.859331175
 02/12  23:00:00,80.41683150770001,18.907949759
 02/12  24:00:00,128.247427807,66.6886326151
 02/13  01:00:00,97.0563972834,59.017694555
 02/13  02:00:00,94.6261053793,95.4893685382
 02/13  03:00:00,94.0909526644,96.9881338914
 02/13  04:00:00,92.9395062386,107.900907574
 02/13  05:00:00,104.706077581,151.286994004
 02/13  06:00:00,101.60943321100001,119.561893142
 02/13  07:00:00,137.87511574200002,645.864869566
 02/13  08:00:00,139.884735361,577.751441584
 02/13  09:00:00,209.477851272,519.402662426
 02/13  10:00:00,233.54685891,463.091241752
 02/13  11:00:00,223.660835909,433.738737999
 02/13  12:00:00,254.665243972,398.10305356099997
 02/13  13:00:00,234.472043155,370.93908973699996
 02/13  14:00:00,230.996201333,353.65532952300003
 02/13  15:00:00,227.194533195,348.38370017
 02/13  16:00:00,223.767901073,339.797319305
 02/13  17:00:00,223.75377087799998,340.04329134799997
 02/13  18:00:00,227.132971235,345.910397145
 02/13  19:00:00,236.854312698,364.41745323199996
 02/13  20:00:00,220.582290538,391.32959919900003
 02/13  21:00:00,195.591037382,414.51472542
 02/13  22:00:00,138.8625372,409.99457171
 02/13  23:00:00,78.7343291026,2.355
 02/13  24:00:00,124.34770656399999,35.7770361441
 02/14  01:00:00,100.424733651,64.1887737996
 02/14  02:00:00,94.3525887923,74.3363483245
 02/14  03:00:00,90.9048124275,61.932784955699994
 02/14  04:00:00,94.063313871,93.5418941672
 02/14  05:00:00,116.76991792700001,97.6423949388
 02/14  06:00:00,114.325335265,88.8890290472
 02/14  07:00:00,154.169461974,630.992727975
 02/14  08:00:00,149.030738147,587.362083469
 02/14  09:00:00,209.560587443,522.809265872
 02/14  10:00:00,233.5067075,453.34905049599996
 02/14  11:00:00,223.68559118299999,408.858855283
 02/14  12:00:00,254.688549872,368.880700741
 02/14  13:00:00,234.497457403,344.779503243
 02/14  14:00:00,231.04543952900002,321.760196419
 02/14  15:00:00,227.245380844,304.048704417
 02/14  16:00:00,223.83818701099997,292.862765728
 02/14  17:00:00,223.847421609,294.29051951400004
 02/14  18:00:00,227.23359254099998,305.645574579
 02/14  19:00:00,236.940009896,324.404861455
 02/14  20:00:00,214.18415730799998,337.848557982
 02/14  21:00:00,189.591112975,348.16438033099996
 02/14  22:00:00,134.214797508,333.879640434
 02/14  23:00:00,79.15682740220001,2.355
 02/14  24:00:00,115.085354097,2.355
 02/15  01:00:00,92.27447082629999,25.7126733359
 02/15  02:00:00,91.29436837799999,48.2333021142
 02/15  03:00:00,95.2060405644,59.45058552
 02/15  04:00:00,91.2373700966,51.6423749964
 02/15  05:00:00,99.96985811549999,79.2862272697
 02/15  06:00:00,101.22820545799999,86.170282108
 02/15  07:00:00,137.946075248,572.0276811919999
 02/15  08:00:00,139.933780993,531.802917997
 02/15  09:00:00,209.484511503,485.348432224
 02/15  10:00:00,233.46062031,436.76020791300004
 02/15  11:00:00,223.697588586,411.957342531
 02/15  12:00:00,254.688944462,383.552436516
 02/15  13:00:00,234.45434925799998,375.856151211
 02/15  14:00:00,231.04437609,370.318597367
 02/15  15:00:00,227.26554329599998,364.773685221
 02/15  16:00:00,223.836043799,366.704200259
 02/15  17:00:00,223.780553265,372.656851936
 02/15  18:00:00,223.712420672,387.02970608699997
 02/15  19:00:00,236.82794395099998,403.771272338
 02/15  20:00:00,220.53415785299998,421.993419922
 02/15  21:00:00,195.573975692,436.491373784
 02/15  22:00:00,138.85840203200001,414.393191592
 02/15  23:00:00,78.7579404985,3.49950891991
 02/15  24:00:00,123.996864657,33.7134426431
 02/16  01:00:00,100.166725624,64.0555477431
 02/16  02:00:00,94.3568392405,75.2264206632
 02/16  03:00:00,90.88114999700001,68.4528145821
 02/16  04:00:00,93.9819364082,105.48811641100001
 02/16  05:00:00,100.807822801,104.679049477
 02/16  06:00:00,97.94081731280001,93.50870951559999
 02/16  07:00:00,137.60220857,640.810924043
 02/16  08:00:00,139.848951992,583.3537816630001
 02/16  09:00:00,209.46201894599997,524.151764384
 02/16  10:00:00,233.44744256400003,463.06536203900004
 02/16  11:00:00,223.613969962,432.66641306199995
 02/16  12:00:00,254.640902299,402.581288966
 02/16  13:00:00,234.42228643299998,374.410627678
 02/16  14:00:00,230.95876232700002,355.778342197
 02/16  15:00:00,227.16744997599997,346.857452399
 02/16  16:00:00,223.76562503099998,338.575705879
 02/16  17:00:00,223.783979287,343.379266013
 02/16  18:00:00,223.77252007299998,357.430225483
 02/16  19:00:00,236.872824877,380.03801397800004
 02/16  20:00:00,220.642012144,400.643757844
 02/16  21:00:00,195.616541673,414.206302735
 02/16  22:00:00,138.871775937,391.840107221
 02/16  23:00:00,78.8466579624,3.4995192249400002
 02/16  24:00:00,123.52591041,31.3179777186
 02/17  01:00:00,95.29310194959999,39.891656015900004
 02/17  02:00:00,94.99217957799999,54.4082601379
 02/17  03:00:00,93.2182096507,68.2659090299
 02/17  04:00:00,90.9174191093,63.3217411297
 02/17  05:00:00,117.288451556,83.88391396029999
 02/17  06:00:00,115.768972507,75.9196849197
 02/17  07:00:00,154.45247897,571.524510646
 02/17  08:00:00,149.109062374,519.8213064480001
 02/17  09:00:00,209.608976305,463.031733738
 02/17  10:00:00,233.65348713,400.849639756
 02/17  11:00:00,223.830089095,373.970353176
 02/17  12:00:00,254.76010629799998,342.305536772
 02/17  13:00:00,234.65620444,316.02200671099996
 02/17  14:00:00,231.316417168,304.62438377
 02/17  15:00:00,227.553568135,292.62840008
 02/17  16:00:00,224.210288013,283.647830532
 02/17  17:00:00,224.24922761099998,289.455532535
 02/17  18:00:00,224.238977066,298.623602038
 02/17  19:00:00,237.15595235400002,305.22923288
 02/17  20:00:00,214.496506387,313.81105672900003
 02/17  21:00:00,189.93817224400001,320.62581429200003
 02/17  22:00:00,134.407123811,298.711709583
 02/17  23:00:00,79.4706584657,3.4994804422600003
 02/17  24:00:00,115.206933332,2.355
 02/18  01:00:00,81.8105217583,1.77125
 02/18  02:00:00,87.7218738399,31.0824314981
 02/18  03:00:00,88.0957381769,34.493543484499995
 02/18  04:00:00,85.3750800986,29.4313596945
 02/18  05:00:00,98.51073298760001,48.128951999499996
 02/18  06:00:00,98.6870103342,46.658546337
 02/18  07:00:00,123.974785493,480.356891101
 02/18  08:00:00,126.172778853,436.11922392800005
 02/18  09:00:00,182.27866880599998,399.12905383099996
 02/18  10:00:00,199.470729608,349.092293017
 02/18  11:00:00,224.24292216700002,311.642352917
 02/18  12:00:00,254.94555559,296.066975475
 02/18  13:00:00,234.82010914,291.03914025299997
 02/18  14:00:00,231.769924822,285.43610477
 02/18  15:00:00,227.95462713,282.617514888
 02/18  16:00:00,224.706824175,281.88926011
 02/18  17:00:00,224.82219893599998,279.34118808
 02/18  18:00:00,224.687322267,282.678323208
 02/18  19:00:00,223.58082888,303.258976057
 02/18  20:00:00,178.08025353099998,312.454248942
 02/18  21:00:00,167.919291649,313.69219877
 02/18  22:00:00,125.107010226,285.545463515
 02/18  23:00:00,78.19560761460001,2.91583236138
 02/18  24:00:00,113.92002065,1.77125
 02/19  01:00:00,82.3425350728,2.91556788431
 02/19  02:00:00,84.0160812852,16.6532133808
 02/19  03:00:00,88.1037831816,27.5941880156
 02/19  04:00:00,88.16818786889999,26.1563127633
 02/19  05:00:00,90.6534962776,19.738674347699998
 02/19  06:00:00,94.89947610969999,31.6273562478
 02/19  07:00:00,124.28271818,458.66056859199995
 02/19  08:00:00,126.274585913,442.883142603
 02/19  09:00:00,154.738638035,396.249239014
 02/19  10:00:00,127.050668711,381.28099337199995
 02/19  11:00:00,161.937078885,343.62848500300004
 02/19  12:00:00,193.293391465,319.147013283
 02/19  13:00:00,200.25662485900003,288.230728975
 02/19  14:00:00,197.696392997,271.68298775
 02/19  15:00:00,193.928218405,263.110490759
 02/19  16:00:00,190.679730877,254.898334984
 02/19  17:00:00,190.773480774,251.510201045
 02/19  18:00:00,162.12516191,298.19237304
 02/19  19:00:00,182.07576548,335.195200114
 02/19  20:00:00,162.076483437,359.396246124
 02/19  21:00:00,153.302659576,368.94770447
 02/19  22:00:00,139.08068641399998,336.36509399
 02/19  23:00:00,77.11430791149999,2.9156831188599996
 02/19  24:00:00,112.906101027,1.77125
 02/20  01:00:00,89.9795626566,22.556422488600003
 02/20  02:00:00,83.6321557295,24.453927379899998
 02/20  03:00:00,87.92397803739999,39.000175703400004
 02/20  04:00:00,88.19464774049999,39.1608518473
 02/20  05:00:00,91.3366351233,29.658395258600002
 02/20  06:00:00,97.6334374053,47.578331540200004
 02/20  07:00:00,123.991228246,500.52635050599997
 02/20  08:00:00,126.242392441,455.79692526300005
 02/20  09:00:00,154.84135199600001,390.190266209
 02/20  10:00:00,127.653012448,352.706026969
 02/20  11:00:00,162.89452270799998,298.469774044
 02/20  12:00:00,194.319244968,261.195952584
 02/20  13:00:00,202.375792953,217.547039054
 02/20  14:00:00,199.912230011,200.328743095
 02/20  15:00:00,196.017120432,195.10365074799998
 02/20  16:00:00,192.74297861,185.674808921
 02/20  17:00:00,192.637936018,186.23963480000003
 02/20  18:00:00,163.889045609,226.58330910599997
 02/20  19:00:00,183.41147821799998,255.899369304
 02/20  20:00:00,163.244282231,271.22340255299997
 02/20  21:00:00,154.465855621,283.251537085
 02/20  22:00:00,140.041424891,246.525398115
 02/20  23:00:00,78.3889186209,2.9156392899799997
 02/20  24:00:00,113.74688219,1.77125
 02/21  01:00:00,85.6139852551,2.355
 02/21  02:00:00,78.5054910276,3.49926785071
 02/21  03:00:00,78.21258677109999,2.355
 02/21  04:00:00,86.2147418724,15.723178721300002
 02/21  05:00:00,108.673001985,16.4600846737
 02/21  06:00:00,112.686702809,28.340059203000003
 02/21  07:00:00,154.920438576,400.18397662900003
 02/21  08:00:00,149.871070809,372.204417602
 02/21  09:00:00,210.03031849299998,327.90248473099996
 02/21  10:00:00,234.61544256099998,274.209518014
 02/21  11:00:00,225.257823319,245.968534108
 02/21  12:00:00,256.475226943,215.10154528900003
 02/21  13:00:00,237.255828842,186.793231836
 02/21  14:00:00,234.47377734,168.416302037
 02/21  15:00:00,230.58896145,157.59950085399998
 02/21  16:00:00,227.5582708,145.828451399
 02/21  17:00:00,227.547031632,149.826722545
 02/21  18:00:00,226.87486294400003,170.823230828
 02/21  19:00:00,238.45433175,203.014198357
 02/21  20:00:00,215.24686987099997,222.129120108
 02/21  21:00:00,190.670233868,234.172808255
 02/21  22:00:00,134.55581677700002,224.261806311
 02/21  23:00:00,79.7585319639,2.355
 02/21  24:00:00,115.371099352,3.49933900607
 02/22  01:00:00,84.6372997904,2.355
 02/22  02:00:00,77.8429319707,2.355
 02/22  03:00:00,77.61590364140001,3.49926795252
 02/22  04:00:00,85.8967782285,17.6833582774
 02/22  05:00:00,96.5877718727,29.7184327876
 02/22  06:00:00,96.2959762781,31.9880142829
 02/22  07:00:00,138.33591288600002,421.95316782300006
 02/22  08:00:00,140.70331908,392.569087136
 02/22  09:00:00,209.96511216,359.424174386
 02/22  10:00:00,234.352918373,324.337454715
 02/22  11:00:00,224.49226858,311.896128882
 02/22  12:00:00,255.039523937,299.638959571
 02/22  13:00:00,234.895719395,292.973314142
 02/22  14:00:00,231.756639772,286.87406378400004
 02/22  15:00:00,227.80633031,283.737094277
 02/22  16:00:00,224.343717753,276.28777693
 02/22  17:00:00,224.30304262299998,283.85776306
 02/22  18:00:00,224.232223137,297.405912196
 02/22  19:00:00,237.116907805,315.408674542
 02/22  20:00:00,220.774867604,328.62259490900004
 02/22  21:00:00,195.93112761700002,344.135907233
 02/22  22:00:00,139.024971363,325.85096499400004
 02/22  23:00:00,79.2261424317,2.355
 02/22  24:00:00,115.119539315,3.4993628691199996
 02/23  01:00:00,91.9512994692,23.3586007825
 02/23  02:00:00,89.93019963030001,42.1480022292
 02/23  03:00:00,90.3028180582,46.1196640178
 02/23  04:00:00,89.17725690489999,36.3475385128
 02/23  05:00:00,101.33904785200001,50.3544915576
 02/23  06:00:00,100.514958506,68.3222303484
 02/23  07:00:00,137.98260504299998,533.545451064
 02/23  08:00:00,136.588471735,506.705192725
 02/23  09:00:00,209.492478141,472.277161335
 02/23  10:00:00,233.426228638,417.29997547199997
 02/23  11:00:00,223.656172243,380.57876570900004
 02/23  12:00:00,254.662537485,345.687153391
 02/23  13:00:00,234.366219193,316.89540532
 02/23  14:00:00,231.002088671,293.451949578
 02/23  15:00:00,227.214917009,284.05713014400004
 02/23  16:00:00,223.780085957,273.46298066599996
 02/23  17:00:00,223.75968650599998,277.344635457
 02/23  18:00:00,223.71481363599997,293.47243628
 02/23  19:00:00,236.83712399200002,317.348548355
 02/23  20:00:00,220.55773166900002,340.781402752
 02/23  21:00:00,195.575055732,361.934881035
 02/23  22:00:00,138.857598283,351.830597132
 02/23  23:00:00,78.94324329359999,2.355
 02/23  24:00:00,115.002511917,2.355
 02/24  01:00:00,96.24121918450001,46.1691683965
 02/24  02:00:00,92.313118983,52.794273536999995
 02/24  03:00:00,91.1064524962,45.144726282600004
 02/24  04:00:00,93.2893320766,73.7745613099
 02/24  05:00:00,117.47887067100001,79.61264049479999
 02/24  06:00:00,113.533255725,63.184155025500004
 02/24  07:00:00,154.207318875,570.885569655
 02/24  08:00:00,145.669939858,519.934762975
 02/24  09:00:00,209.58094743400002,482.94206036800006
 02/24  10:00:00,233.60462720799998,443.50807002
 02/24  11:00:00,223.750052422,417.067241164
 02/24  12:00:00,254.717880085,379.825369641
 02/24  13:00:00,234.591209271,358.565005182
 02/24  14:00:00,231.164272807,349.822530976
 02/24  15:00:00,227.385822902,336.958113388
 02/24  16:00:00,224.00400697900002,330.893073681
 02/24  17:00:00,223.98503372,331.40755363
 02/24  18:00:00,223.969247393,335.419205917
 02/24  19:00:00,236.99980640799998,345.81651338300003
 02/24  20:00:00,214.269940093,355.583378474
 02/24  21:00:00,189.704687987,378.38937040800005
 02/24  22:00:00,134.233221825,370.259511965
 02/24  23:00:00,78.9879527075,3.49950904442
 02/24  24:00:00,121.615962555,25.051358435999997
 02/25  01:00:00,98.22778339950001,73.5244816047
 02/25  02:00:00,91.9414606743,79.1891146568
 02/25  03:00:00,88.7925958307,70.7387955891
 02/25  04:00:00,91.7418420943,101.415317629
 02/25  05:00:00,99.65017371430001,108.162769396
 02/25  06:00:00,97.85481398430001,109.462607645
 02/25  07:00:00,123.39683298700001,653.552654004
 02/25  08:00:00,122.256950589,615.389802291
 02/25  09:00:00,181.978307252,570.025339895
 02/25  10:00:00,198.857371405,513.0095133880001
 02/25  11:00:00,223.59446564700002,476.36144655
 02/25  12:00:00,254.620961291,437.78130538199997
 02/25  13:00:00,234.3698704,409.62236881
 02/25  14:00:00,230.893271464,391.3204752
 02/25  15:00:00,227.119637713,374.348762285
 02/25  16:00:00,223.71195023200002,366.065660075
 02/25  17:00:00,223.727777045,363.44251475199997
 02/25  18:00:00,223.709070765,368.975524335
 02/25  19:00:00,223.08135722400002,402.654000798
 02/25  20:00:00,177.398789875,452.064354606
 02/25  21:00:00,167.094511762,476.739204407
 02/25  22:00:00,124.621777418,447.32608697
 02/25  23:00:00,78.39679422270001,8.67994074737
 02/25  24:00:00,127.07758139100001,60.111679485799996
 02/26  01:00:00,94.2866430238,58.526284132
 02/26  02:00:00,92.4620244236,102.587960811
 02/26  03:00:00,93.37315673270001,113.44653423700001
 02/26  04:00:00,90.3805250402,105.208089729
 02/26  05:00:00,101.90472720700001,158.46621873200002
 02/26  06:00:00,101.68745367,154.81678406700001
 02/26  07:00:00,123.65014662899999,714.469383285
 02/26  08:00:00,122.253561234,659.955564346
 02/26  09:00:00,154.498341064,563.725509468
 02/26  10:00:00,126.887513624,528.2305880380001
 02/26  11:00:00,161.59998055100002,470.323822835
 02/26  12:00:00,193.13320766900003,429.98410596300005
 02/26  13:00:00,200.34272830700002,381.526708381
 02/26  14:00:00,197.38984533599998,361.568255205
 02/26  15:00:00,193.615508304,343.772688709
 02/26  16:00:00,190.21006977099998,326.533047623
 02/26  17:00:00,190.209660548,320.56611653
 02/26  18:00:00,161.733175182,389.31471451199997
 02/26  19:00:00,181.87859728599997,423.07162670099996
 02/26  20:00:00,161.776833156,455.75152551800005
 02/26  21:00:00,152.91278033,461.235314248
 02/26  22:00:00,138.854785832,437.12971982199997
 02/26  23:00:00,76.51189886649999,1.77125
 02/26  24:00:00,121.261556319,28.383902666599997
 02/27  01:00:00,99.34907955290001,61.821012318
 02/27  02:00:00,94.3414277033,67.836095624
 02/27  03:00:00,90.2350313864,57.6203244267
 02/27  04:00:00,94.768692762,94.2354288989
 02/27  05:00:00,100.84902342299999,90.7047468692
 02/27  06:00:00,96.3276828617,74.9416565389
 02/27  07:00:00,137.65103739,624.2782593769999
 02/27  08:00:00,136.512675537,565.942830656
 02/27  09:00:00,209.482667969,496.576816505
 02/27  10:00:00,233.560997653,426.73675272400004
 02/27  11:00:00,223.780831627,382.177159347
 02/27  12:00:00,254.727418964,348.78245887099996
 02/27  13:00:00,234.589402442,320.22189447200003
 02/27  14:00:00,231.136959166,295.695200488
 02/27  15:00:00,227.333170156,283.10287547900003
 02/27  16:00:00,223.932100084,276.21640424599997
 02/27  17:00:00,223.918718448,270.946965371
 02/27  18:00:00,223.878611192,284.795397326
 02/27  19:00:00,233.557798112,309.48785038200003
 02/27  20:00:00,220.75659414400002,325.38827924099996
 02/27  21:00:00,195.78351158799998,342.067379915
 02/27  22:00:00,138.970131626,330.80841586
 02/27  23:00:00,79.1698767999,3.49948231073
 02/27  24:00:00,115.08554037299999,2.355
 02/28  01:00:00,96.4813955132,40.7050308827
 02/28  02:00:00,92.4941152728,53.5791940691
 02/28  03:00:00,91.262909173,48.6008744519
 02/28  04:00:00,93.42016979110001,74.653361062
 02/28  05:00:00,117.595714641,82.7918896999
 02/28  06:00:00,113.634630197,66.61224542
 02/28  07:00:00,154.26278665,571.481991404
 02/28  08:00:00,145.72790529600002,517.501084972
 02/28  09:00:00,209.59844989299998,455.202968734
 02/28  10:00:00,233.61828148200001,378.511102989
 02/28  11:00:00,223.857525985,325.78415440599997
 02/28  12:00:00,254.75775411,284.658360884
 02/28  13:00:00,234.71194227,256.64279277
 02/28  14:00:00,231.649670584,237.51734851400002
 02/28  15:00:00,227.94365152900002,225.357554486
 02/28  16:00:00,224.56640578900002,217.826130688
 02/28  17:00:00,224.46674192700002,223.82710882799998
 02/28  18:00:00,224.21756034599997,238.61932272
 02/28  19:00:00,233.693250199,258.215690496
 02/28  20:00:00,214.397645264,273.02165353
 02/28  21:00:00,189.853838572,282.618340789
 02/28  22:00:00,134.379246768,247.959957291
 02/28  23:00:00,79.8199831618,2.355
 02/28  24:00:00,115.719733639,3.4993874978400004
 03/01  01:00:00,85.8738982872,2.355
 03/01  02:00:00,79.4186999674,3.4992541799000003
 03/01  03:00:00,80.1769352095,2.355
 03/01  04:00:00,81.9545592895,2.355
 03/01  05:00:00,89.7345656439,2.355
 03/01  06:00:00,89.9281725677,3.49924721736
 03/01  07:00:00,144.101372851,288.604040405
 03/01  08:00:00,146.54847519999998,253.193607192
 03/01  09:00:00,220.531793808,220.02599183599997
 03/01  10:00:00,248.97761686400003,193.771907861
 03/01  11:00:00,240.70827709,184.777099656
 03/01  12:00:00,270.366562076,180.3275471
 03/01  13:00:00,250.02461745,191.513103887
 03/01  14:00:00,243.39503652099998,193.89410946900003
 03/01  15:00:00,236.58207866599997,191.530519433
 03/01  16:00:00,231.838914047,190.37606585
 03/01  17:00:00,230.55466932599998,197.29259021099998
 03/01  18:00:00,228.996697195,207.801268367
 03/01  19:00:00,236.931124608,220.488074762
 03/01  20:00:00,223.855018239,232.636457606
 03/01  21:00:00,199.21204815099998,238.84246293400003
 03/01  22:00:00,141.344354214,207.287372814
 03/01  23:00:00,82.2384191075,2.355
 03/01  24:00:00,117.15247671899999,3.49936486551
 03/02  01:00:00,85.7286750371,2.355
 03/02  02:00:00,78.6651634002,2.355
 03/02  03:00:00,78.3049648997,3.49927889726
 03/02  04:00:00,77.9291668586,2.355
 03/02  05:00:00,96.7653126338,24.713896285500002
 03/02  06:00:00,96.36446109049999,26.7158368735
 03/02  07:00:00,138.28328907600002,394.78784667900004
 03/02  08:00:00,137.122730228,362.202119173
 03/02  09:00:00,209.830817855,327.927985168
 03/02  10:00:00,233.96684171400003,291.46210748
 03/02  11:00:00,224.262585318,275.548443765
 03/02  12:00:00,255.03778196,252.58001128400002
 03/02  13:00:00,235.248782065,230.064324328
 03/02  14:00:00,232.647219163,207.758564233
 03/02  15:00:00,229.199977367,191.881710518
 03/02  16:00:00,226.181897446,177.638251006
 03/02  17:00:00,226.30259546,177.621030118
 03/02  18:00:00,225.992518507,190.276187705
 03/02  19:00:00,234.705646419,211.78155867200002
 03/02  20:00:00,221.59148065,232.898553642
 03/02  21:00:00,196.46634031,248.894883219
 03/02  22:00:00,139.237803684,229.57689434099998
 03/02  23:00:00,79.8082853408,2.355
 03/02  24:00:00,115.37941048,2.355
 03/03  01:00:00,84.7288384031,3.4992336828900004
 03/03  02:00:00,77.8905902626,2.355
 03/03  03:00:00,85.96611991569999,19.2960168143
 03/03  04:00:00,86.0329018875,22.104970569499997
 03/03  05:00:00,112.45642393700001,37.2453865121
 03/03  06:00:00,112.713087554,40.4836416144
 03/03  07:00:00,154.76828452200002,458.364598333
 03/03  08:00:00,146.232984116,413.564393942
 03/03  09:00:00,209.901792172,362.61875713300003
 03/03  10:00:00,234.10001068,300.200888184
 03/03  11:00:00,224.787915845,258.822838226
 03/03  12:00:00,255.66403002200002,225.25135556200001
 03/03  13:00:00,236.15153717599998,199.416849105
 03/03  14:00:00,233.67237997599997,175.37057236
 03/03  15:00:00,230.20120410200002,160.410679166
 03/03  16:00:00,227.101856261,148.693616913
 03/03  17:00:00,227.309880823,149.583693791
 03/03  18:00:00,226.991495733,163.013665164
 03/03  19:00:00,235.233619431,195.624472887
 03/03  20:00:00,215.30820965400002,222.80634167
 03/03  21:00:00,190.92316184700002,226.708791435
 03/03  22:00:00,135.224766856,196.350924916
 03/03  23:00:00,80.3499327326,3.4995077727199995
 03/03  24:00:00,115.549999361,2.355
 03/04  01:00:00,82.980591289,2.9156471808899997
 03/04  02:00:00,75.9386049334,1.77125
 03/04  03:00:00,75.6977157257,1.77125
 03/04  04:00:00,79.61958818800001,10.9361717073
 03/04  05:00:00,94.59847240459999,23.0464705996
 03/04  06:00:00,90.01996491770001,18.4272597107
 03/04  07:00:00,123.965831064,414.223196685
 03/04  08:00:00,119.484147115,372.74484532599996
 03/04  09:00:00,182.56484058700002,327.468539967
 03/04  10:00:00,200.369116757,265.636026621
 03/04  11:00:00,225.742653233,224.613617813
 03/04  12:00:00,257.25003515599997,193.575903565
 03/04  13:00:00,241.014159885,156.731830804
 03/04  14:00:00,241.325493585,131.282815229
 03/04  15:00:00,239.99649369099998,115.67394157
 03/04  16:00:00,239.519612433,102.178479331
 03/04  17:00:00,240.603585038,96.1989421647
 03/04  18:00:00,238.02305742099998,113.80620637
 03/04  19:00:00,228.87876033900002,149.643638213
 03/04  20:00:00,185.368738627,169.156831156
 03/04  21:00:00,173.15375707799998,186.13874073
 03/04  22:00:00,129.00321794799999,164.602311492
 03/04  23:00:00,81.8981462333,2.91582018087
 03/04  24:00:00,116.041010691,2.91567138243
 03/05  01:00:00,84.7476631792,1.77125
 03/05  02:00:00,76.8871552799,1.77125
 03/05  03:00:00,76.322533312,2.91555570706
 03/05  04:00:00,75.95188606079999,1.77125
 03/05  05:00:00,90.57465783200001,16.4976450629
 03/05  06:00:00,90.2737439294,18.8394488034
 03/05  07:00:00,124.131358332,437.718554325
 03/05  08:00:00,119.811601542,391.13604914800004
 03/05  09:00:00,156.067470612,320.931085345
 03/05  10:00:00,131.198100436,275.340412785
 03/05  11:00:00,166.392049174,223.655816878
 03/05  12:00:00,196.369337111,193.482690257
 03/05  13:00:00,205.236539875,162.96781365200002
 03/05  14:00:00,204.28766902099997,150.69197288
 03/05  15:00:00,202.171402513,142.066387576
 03/05  16:00:00,199.95458001400002,134.838020243
 03/05  17:00:00,199.72082997099997,135.926093676
 03/05  18:00:00,169.095169795,179.814276435
 03/05  19:00:00,183.871287541,226.10272888900002
 03/05  20:00:00,165.849227812,257.441916441
 03/05  21:00:00,156.040697204,272.259018162
 03/05  22:00:00,141.604799581,239.36067759
 03/05  23:00:00,81.1602070799,2.91568342007
 03/05  24:00:00,116.140072404,1.77125
 03/06  01:00:00,87.1035935917,2.355
 03/06  02:00:00,79.34749118090001,3.4992951839899997
 03/06  03:00:00,78.4278306385,2.355
 03/06  04:00:00,86.28675739879999,16.7362095141
 03/06  05:00:00,92.8488676025,20.0010005434
 03/06  06:00:00,92.45125145860001,21.0076427304
 03/06  07:00:00,138.293026751,416.90056916300006
 03/06  08:00:00,133.911817192,374.555338055
 03/06  09:00:00,210.171448892,319.198023371
 03/06  10:00:00,235.69640971099997,250.605857963
 03/06  11:00:00,227.55470435599997,203.404454514
 03/06  12:00:00,259.507366577,161.32019399799998
 03/06  13:00:00,243.984479558,131.753821149
 03/06  14:00:00,245.45893488599998,104.87014589299999
 03/06  15:00:00,245.488231783,81.2628328679
 03/06  16:00:00,244.352004677,68.6949761172
 03/06  17:00:00,245.39560614599998,68.6595233809
 03/06  18:00:00,243.517686041,84.1621881235
 03/06  19:00:00,246.782034455,119.365644964
 03/06  20:00:00,233.52248531599997,135.73735492
 03/06  21:00:00,206.416968543,144.713599485
 03/06  22:00:00,146.259782813,122.95455925200001
 03/06  23:00:00,87.3268688958,3.4994166689699995
 03/06  24:00:00,121.349242165,2.355
 03/07  01:00:00,91.5862495549,2.355
 03/07  02:00:00,83.57192461300001,3.49926963503
 03/07  03:00:00,82.8071927772,2.355
 03/07  04:00:00,82.2982108873,2.355
 03/07  05:00:00,104.39007254200001,2.355
 03/07  06:00:00,104.099570302,3.49926146815
 03/07  07:00:00,157.765198939,282.491525385
 03/07  08:00:00,148.333415453,254.536848315
 03/07  09:00:00,217.699144939,201.210888285
 03/07  10:00:00,250.076163622,141.573461493
 03/07  11:00:00,247.23453051799999,97.8972008053
 03/07  12:00:00,283.640878252,60.679229855100004
 03/07  13:00:00,276.185366993,33.287573700100005
 03/07  14:00:00,278.408455048,17.0978733441
 03/07  15:00:00,278.129771336,11.672878085399999
 03/07  16:00:00,278.24986458,11.6726353049
 03/07  17:00:00,278.051743427,11.672790114200001
 03/07  18:00:00,275.223811148,12.4140162711
 03/07  19:00:00,279.18996238200003,29.6667659293
 03/07  20:00:00,261.136726195,51.6538242144
 03/07  21:00:00,233.85402637400003,61.9573097206
 03/07  22:00:00,167.65756476200002,42.7988966979
 03/07  23:00:00,112.349681908,2.355
 03/07  24:00:00,143.11327250000002,3.49932073675
 03/08  01:00:00,116.72376359399999,2.355
 03/08  02:00:00,106.922338307,2.355
 03/08  03:00:00,104.863841195,3.49930892732
 03/08  04:00:00,103.192770473,2.355
 03/08  05:00:00,109.39805077700001,2.355
 03/08  06:00:00,108.85869289700001,2.355
 03/08  07:00:00,161.434418525,155.68308907
 03/08  08:00:00,163.202166874,154.489431249
 03/08  09:00:00,240.889771516,124.739244155
 03/08  10:00:00,273.859550064,77.5548112278
 03/08  11:00:00,267.74587705700003,51.2226834788
 03/08  12:00:00,296.109674006,21.7293004484
 03/08  13:00:00,287.332907831,12.8187027398
 03/08  14:00:00,288.4790895,11.6732099976
 03/08  15:00:00,281.201117576,11.6726805125
 03/08  16:00:00,274.267485196,12.8178955804
 03/08  17:00:00,270.611413878,11.6727855288
 03/08  18:00:00,264.801660433,12.9761425427
 03/08  19:00:00,268.9789419,21.9899349507
 03/08  20:00:00,260.13228399400003,35.758215562800004
 03/08  21:00:00,229.277019043,52.32940381270001
 03/08  22:00:00,166.516137443,19.9360167872
 03/08  23:00:00,108.02461033600001,3.49949834815
 03/08  24:00:00,140.581664412,2.355
 03/09  01:00:00,114.136853424,3.4992673128900003
 03/09  02:00:00,104.201878416,2.355
 03/09  03:00:00,103.290345646,2.355
 03/09  04:00:00,103.17024231799999,3.49922727511
 03/09  05:00:00,109.24163946899999,2.355
 03/09  06:00:00,105.16224020700001,2.355
 03/09  07:00:00,155.268622015,151.338435194
 03/09  08:00:00,154.992860569,148.739464148
 03/09  09:00:00,232.01637894200002,127.515751774
 03/09  10:00:00,260.168504477,104.073279328
 03/09  11:00:00,248.72589902400003,100.716722459
 03/09  12:00:00,272.80828390700003,115.300723942
 03/09  13:00:00,255.261209566,126.80017316700001
 03/09  14:00:00,252.90614632700002,130.25325330200002
 03/09  15:00:00,244.92604352200001,173.938071106
 03/09  16:00:00,235.23532425,205.47365980799998
 03/09  17:00:00,231.90767131,214.75469632
 03/09  18:00:00,229.50386888,232.368260952
 03/09  19:00:00,236.66047522,253.31437754599997
 03/09  20:00:00,221.764975091,270.07886739
 03/09  21:00:00,196.353724245,283.641713203
 03/09  22:00:00,139.249776172,265.065569004
 03/09  23:00:00,79.6950722033,3.49946404611
 03/09  24:00:00,115.31667042,2.355
 03/10  01:00:00,83.8823174609,2.355
 03/10  02:00:00,77.7050138529,3.4992968108199998
 03/10  03:00:00,90.0260152725,30.9228553634
 03/10  04:00:00,90.04040032569999,33.825905215300004
 03/10  05:00:00,108.346676065,28.418628473200002
 03/10  06:00:00,112.292277429,45.7962246612
 03/10  07:00:00,154.699228626,465.901072151
 03/10  08:00:00,142.712081141,434.250934681
 03/10  09:00:00,209.800226524,399.60460297099996
 03/10  10:00:00,233.774250438,365.16394179099996
 03/10  11:00:00,224.052578419,349.159884969
 03/10  12:00:00,254.85564850900002,325.417697347
 03/10  13:00:00,234.618157791,307.663133564
 03/10  14:00:00,231.468972198,295.642038352
 03/10  15:00:00,227.674017191,285.134006949
 03/10  16:00:00,224.28006861400002,278.397008369
 03/10  17:00:00,224.272290178,281.035412551
 03/10  18:00:00,224.213621023,284.598530354
 03/10  19:00:00,230.32519221400003,295.178230988
 03/10  20:00:00,214.335744375,312.620862571
 03/10  21:00:00,189.853419883,324.584586587
 03/10  22:00:00,134.362162562,306.626331132
 03/10  23:00:00,79.4038948466,2.355
 03/10  24:00:00,115.17662689,3.4993863255599997
 03/11  01:00:00,89.85754070860001,23.198830885
 03/11  02:00:00,83.61643243649999,27.0564322187
 03/11  03:00:00,87.96917386860001,43.4298871042
 03/11  04:00:00,88.9035303744,39.5170091106
 03/11  05:00:00,93.8664918411,39.7261828233
 03/11  06:00:00,99.2642270035,61.7371878736
 03/11  07:00:00,123.914255579,511.104914221
 03/11  08:00:00,119.27200693299999,460.88234168900004
 03/11  09:00:00,182.227766651,413.822429229
 03/11  10:00:00,199.41146225900002,357.34144601599996
 03/11  11:00:00,224.18527265900002,319.659220581
 03/11  12:00:00,254.91944276099997,292.646010432
 03/11  13:00:00,234.785132252,275.264831549
 03/11  14:00:00,231.60500581,268.957511979
 03/11  15:00:00,227.76500465799998,261.802094756
 03/11  16:00:00,224.36340046400002,253.365837656
 03/11  17:00:00,224.362784284,253.05539968099998
 03/11  18:00:00,224.321619349,262.590582924
 03/11  19:00:00,216.66301126599998,285.533883887
 03/11  20:00:00,177.880576719,298.41405508599996
 03/11  21:00:00,167.708168575,304.180742013
 03/11  22:00:00,124.95383193,279.371728395
 03/11  23:00:00,77.27287136560001,1.77125
 03/11  24:00:00,112.965157338,2.91569705856
 03/12  01:00:00,81.85567498729999,1.77125
 03/12  02:00:00,83.5566000348,19.332247235
 03/12  03:00:00,83.6257951313,20.432166048499997
 03/12  04:00:00,94.145096205,36.2582184364
 03/12  05:00:00,94.27744954069999,40.1545352745
 03/12  06:00:00,123.868441428,502.88954744
 03/12  07:00:00,132.795905202,470.887848269
 03/12  08:00:00,154.697602634,413.263054231
 03/12  09:00:00,127.218977629,385.89085379
 03/12  10:00:00,162.027173817,335.364116443
 03/12  11:00:00,193.475960549,304.19212341900004
 03/12  12:00:00,200.95924244900002,263.584312567
 03/12  13:00:00,198.56050438,237.95473477
 03/12  14:00:00,194.88928791599997,227.408255607
 03/12  15:00:00,191.472764678,223.545734443
 03/12  16:00:00,191.57547037400002,218.786849177
 03/12  17:00:00,163.175104044,246.133582635
 03/12  18:00:00,169.464074082,265.055340783
 03/12  19:00:00,155.977822151,284.021579319
 03/12  20:00:00,153.63824278200002,304.53103746
 03/12  21:00:00,139.179670028,275.18787622599996
 03/12  22:00:00,77.3825144121,2.91568742323
 03/12  23:00:00,113.042066746,1.77125
 03/12  24:00:00,82.3943085499,1.77125
 03/13  01:00:00,77.7786604157,3.4993151109099996
 03/13  02:00:00,81.7047320363,10.5813040466
 03/13  03:00:00,90.08740817700001,24.6145712807
 03/13  04:00:00,92.5470167417,21.1854328812
 03/13  05:00:00,96.14087498040001,34.1110368418
 03/13  06:00:00,138.278677535,426.094293704
 03/13  07:00:00,144.001872486,394.54507646900004
 03/13  08:00:00,209.909827752,356.11221089400004
 03/13  09:00:00,234.298766581,316.335080163
 03/13  10:00:00,224.48424351900002,303.702871938
 03/13  11:00:00,255.638476046,288.086473745
 03/13  12:00:00,236.628785825,275.792977331
 03/13  13:00:00,234.332238554,265.69111717
 03/13  14:00:00,231.254032782,254.24855953099998
 03/13  15:00:00,228.877278776,239.338312652
 03/13  16:00:00,229.93524711599997,230.72133554200002
 03/13  17:00:00,230.729241041,230.502371748
 03/13  18:00:00,229.84389924099997,228.401157629
 03/13  19:00:00,222.10463720099997,229.729917938
 03/13  20:00:00,203.70759935200002,236.369610582
 03/13  21:00:00,145.744337699,206.031755903
 03/13  22:00:00,87.5156835474,2.355
 03/13  23:00:00,122.207822678,3.4993352076899997
 03/13  24:00:00,91.8743816077,2.355
 03/14  01:00:00,84.5045284013,2.355
 03/14  02:00:00,83.83112242520001,3.49927434298
 03/14  03:00:00,83.18589588489999,2.355
 03/14  04:00:00,104.804053967,2.355
 03/14  05:00:00,112.191715323,16.465256508499998
 03/14  06:00:00,157.23109303,377.96883295699996
 03/14  07:00:00,156.69078112100001,346.040819366
 03/14  08:00:00,213.43747891400002,309.293900812
 03/14  09:00:00,238.729651549,275.83092888
 03/14  10:00:00,229.71117527299998,256.342946171
 03/14  11:00:00,261.031073884,219.538025868
 03/14  12:00:00,243.13930684,190.270731881
 03/14  13:00:00,242.14292294700002,162.16027242
 03/14  14:00:00,239.171994855,148.901432476
 03/14  15:00:00,235.36360246200002,138.4044509
 03/14  16:00:00,233.630041419,132.73303870799998
 03/14  17:00:00,232.05439290599998,138.73448986399998
 03/14  18:00:00,229.52720641,152.142286315
 03/14  19:00:00,213.648233003,179.371529858
 03/14  20:00:00,197.26741903099997,195.761442044
 03/14  21:00:00,141.81745713700002,170.620694786
 03/14  22:00:00,88.7413408794,2.355
 03/14  23:00:00,123.192530555,2.355
 03/14  24:00:00,93.43494314370001,3.49923635191
 03/15  01:00:00,85.7328554324,2.355
 03/15  02:00:00,85.0883895514,2.355
 03/15  03:00:00,84.63401535850001,3.4992650909699994
 03/15  04:00:00,90.7917401012,2.355
 03/15  05:00:00,89.4357858426,2.355
 03/15  06:00:00,141.30476603399998,356.192151813
 03/15  07:00:00,148.264706021,321.697410243
 03/15  08:00:00,214.760076871,282.48796895
 03/15  09:00:00,241.378053553,247.419366156
 03/15  10:00:00,233.648040345,217.32807797799998
 03/15  11:00:00,265.702269284,183.73269361599998
 03/15  12:00:00,249.19156045,156.259709085
 03/15  13:00:00,250.17958448599998,129.02238596
 03/15  14:00:00,248.48635371400002,113.70798154799999
 03/15  15:00:00,245.592328454,105.217136931
 03/15  16:00:00,246.28989637400002,100.281503789
 03/15  17:00:00,246.271948998,104.05820607
 03/15  18:00:00,242.016859103,114.993330157
 03/15  19:00:00,232.509672577,132.397422905
 03/15  20:00:00,210.561695519,145.730752938
 03/15  21:00:00,150.98612208,127.70051751700001
 03/15  22:00:00,93.4522221416,3.4994903827599995
 03/15  23:00:00,126.04451563399999,2.355
 03/15  24:00:00,94.0264503944,2.355
 03/16  01:00:00,84.7390181917,3.49924707811
 03/16  02:00:00,82.2489835096,2.355
 03/16  03:00:00,79.87674289510001,2.355
 03/16  04:00:00,84.77362727890001,3.49924569813
 03/16  05:00:00,92.3454363118,17.5243321642
 03/16  06:00:00,138.22720644,400.65006298199995
 03/16  07:00:00,143.889141461,370.502417943
 03/16  08:00:00,209.82477324,338.963768992
 03/16  09:00:00,233.81348364599998,306.625707037
 03/16  10:00:00,224.315830531,297.239160274
 03/16  11:00:00,254.970258345,284.884279666
 03/16  12:00:00,234.596253628,279.352059304
 03/16  13:00:00,231.671690088,266.712837719
 03/16  14:00:00,227.802853202,258.125288059
 03/16  15:00:00,224.36659908,252.39617595200002
 03/16  16:00:00,224.34264508599998,253.34852399099998
 03/16  17:00:00,224.29062687,262.071855181
 03/16  18:00:00,223.583404249,273.515770327
 03/16  19:00:00,214.11864141,285.271389778
 03/16  20:00:00,196.035665455,295.655818113
 03/16  21:00:00,139.106930323,273.749523279
 03/16  22:00:00,79.5198642731,2.355
 03/16  23:00:00,115.248743893,3.49932394684
 03/16  24:00:00,84.1281441962,2.355
 03/17  01:00:00,85.7561374702,21.4246697718
 03/17  02:00:00,85.8215043885,25.2799655802
 03/17  03:00:00,89.7494543814,41.254176299499996
 03/17  04:00:00,112.591187011,42.3302463038
 03/17  05:00:00,109.331003045,32.853325302100004
 03/17  06:00:00,154.47338680299998,483.54245994
 03/17  07:00:00,152.799423475,440.115529681
 03/17  08:00:00,209.75514838,401.589150464
 03/17  09:00:00,233.806083831,350.115727786
 03/17  10:00:00,224.073082784,322.846609431
 03/17  11:00:00,254.884471653,302.372827701
 03/17  12:00:00,234.745816385,286.259078957
 03/17  13:00:00,231.44203444299998,270.522339638
 03/17  14:00:00,227.54236568099998,263.12294627200004
 03/17  15:00:00,224.096378668,258.240665347
 03/17  16:00:00,224.08804702400002,255.54969364299998
 03/17  17:00:00,224.05870849099998,260.700509215
 03/17  18:00:00,223.456670222,271.825006245
 03/17  19:00:00,207.385129136,289.75443765
 03/17  20:00:00,189.716774485,307.865467915
 03/17  21:00:00,134.289682777,284.226659693
 03/17  22:00:00,79.436323519,3.49951352742
 03/17  23:00:00,115.21616997,2.355
 03/17  24:00:00,84.1188314528,2.355
 03/18  01:00:00,83.4799427547,24.0861702298
 03/18  02:00:00,87.77688779729999,39.2153832619
 03/18  03:00:00,87.88729535870002,43.0874959506
 03/18  04:00:00,92.4031893628,33.8847347567
 03/18  05:00:00,98.9534087571,48.3361199787
 03/18  06:00:00,123.71493458299999,516.882197657
 03/18  07:00:00,129.360659296,475.137402806
 03/18  08:00:00,182.168667831,429.454113356
 03/18  09:00:00,199.33894196900002,367.94068034300005
 03/18  10:00:00,224.06577671099998,313.298596917
 03/18  11:00:00,254.927494266,272.208303958
 03/18  12:00:00,235.129958806,247.16349841
 03/18  13:00:00,232.164433717,225.13326339
 03/18  14:00:00,228.63575394400002,202.84593950200002
 03/18  15:00:00,225.735176755,182.563955123
 03/18  16:00:00,226.02535811299998,174.36776068400002
 03/18  17:00:00,225.878899303,183.231644135
 03/18  18:00:00,210.85699457,210.42355628200002
 03/18  19:00:00,171.365205799,239.96017695700002
 03/18  20:00:00,167.724822185,254.04325934599999
 03/18  21:00:00,125.019083665,231.063256679
 03/18  22:00:00,77.54468408460001,2.9158018310900005
 03/18  23:00:00,113.202287884,1.77125
 03/18  24:00:00,82.67650965840001,2.9156958152599994
 03/19  01:00:00,75.6278996991,1.77125
 03/19  02:00:00,75.43240071310001,1.77125
 03/19  03:00:00,75.2741865224,2.9155822544800003
 03/19  04:00:00,94.28299548870001,23.2567844292
 03/19  05:00:00,93.9419558173,23.493759581
 03/19  06:00:00,123.99210453299999,427.606133788
 03/19  07:00:00,129.75042559,390.149246465
 03/19  08:00:00,155.023046723,346.850745995
 03/19  09:00:00,127.814546209,336.038336889
 03/19  10:00:00,162.728747333,302.45962938400004
 03/19  11:00:00,194.182984697,274.607241906
 03/19  12:00:00,202.123002852,237.273129678
 03/19  13:00:00,199.54764492700002,231.42911091
 03/19  14:00:00,195.539060984,232.45799317400002
 03/19  15:00:00,193.29271190400002,235.38057040099997
 03/19  16:00:00,195.730182375,244.322929012
 03/19  17:00:00,167.789102576,282.592762532
 03/19  18:00:00,173.77360542099998,298.16729938099996
 03/19  19:00:00,161.773596655,303.402303866
 03/19  20:00:00,159.819613882,304.825068598
 03/19  21:00:00,145.093432875,263.873843845
 03/19  22:00:00,84.8608431993,1.77125
 03/19  23:00:00,119.96701099,2.91556735477
 03/19  24:00:00,89.7315450991,1.77125
 03/20  01:00:00,84.6816102325,2.355
 03/20  02:00:00,84.00473556029999,3.4992429591199996
 03/20  03:00:00,83.36161035890001,2.355
 03/20  04:00:00,89.05116329229999,2.355
 03/20  05:00:00,96.9795618934,13.3664449751
 03/20  06:00:00,143.250422236,346.254609529
 03/20  07:00:00,151.608088845,309.238058733
 03/20  08:00:00,217.569937882,273.260508464
 03/20  09:00:00,244.085677076,242.310444618
 03/20  10:00:00,234.185556122,228.649533668
 03/20  11:00:00,264.73907992799997,207.001500645
 03/20  12:00:00,247.38588371,179.624681896
 03/20  13:00:00,244.997716567,162.608381708
 03/20  14:00:00,241.022985931,158.068065177
 03/20  15:00:00,237.69855566099997,154.930602938
 03/20  16:00:00,238.225842536,156.312759487
 03/20  17:00:00,239.25879372400001,155.26599755
 03/20  18:00:00,237.362536414,158.235130134
 03/20  19:00:00,230.82027124099997,166.06322265
 03/20  20:00:00,212.517892988,173.33489166599998
 03/20  21:00:00,154.01639786,143.77712775
 03/20  22:00:00,97.3583133998,3.49950159209
 03/20  23:00:00,130.726704464,2.355
 03/20  24:00:00,100.791762699,3.4992478992000002
 03/21  01:00:00,91.8212842036,2.355
 03/21  02:00:00,90.17918836790001,2.355
 03/21  03:00:00,88.8418695312,3.49927403954
 03/21  04:00:00,110.038006526,2.355
 03/21  05:00:00,109.097995112,2.355
 03/21  06:00:00,162.14347505799998,305.66950961099997
 03/21  07:00:00,159.463155847,285.01377702400003
 03/21  08:00:00,218.83436524200002,254.043293949
 03/21  09:00:00,245.03946740799998,218.847582509
 03/21  10:00:00,235.91553785,196.75585720400002
 03/21  11:00:00,266.344312296,175.437390104
 03/21  12:00:00,247.846677357,166.125122137
 03/21  13:00:00,245.74429423799998,157.39285104799998
 03/21  14:00:00,242.59070338700002,144.205586689
 03/21  15:00:00,240.61222978400002,137.42629962
 03/21  16:00:00,240.99537195,135.520680285
 03/21  17:00:00,240.901043874,136.477125711
 03/21  18:00:00,238.246351655,148.450497582
 03/21  19:00:00,224.02049288,164.931250941
 03/21  20:00:00,204.08063244599998,176.55598336900002
 03/21  21:00:00,146.619800217,145.77327319
 03/21  22:00:00,94.00564950120001,2.355
 03/21  23:00:00,127.956854854,3.4993019294699996
 03/21  24:00:00,98.0755334433,2.355
 03/22  01:00:00,89.8905095067,2.355
 03/22  02:00:00,88.24877159200001,3.49931320927
 03/22  03:00:00,87.0820966837,2.355
 03/22  04:00:00,92.9620075066,2.355
 03/22  05:00:00,92.24330577709999,3.4992214540300006
 03/22  06:00:00,145.853785021,295.78116051
 03/22  07:00:00,151.322966025,267.151952117
 03/22  08:00:00,220.897238847,235.550635682
 03/22  09:00:00,248.347798409,203.66887854599997
 03/22  10:00:00,239.001554574,188.945999937
 03/22  11:00:00,269.454771725,168.470999659
 03/22  12:00:00,253.563414967,149.16385215
 03/22  13:00:00,253.754371378,133.07543433700002
 03/22  14:00:00,251.544270855,120.764739402
 03/22  15:00:00,249.05033022900002,110.413952118
 03/22  16:00:00,249.81178504099998,106.85291129299999
 03/22  17:00:00,249.884455344,109.875561496
 03/22  18:00:00,247.01875874599997,114.10857688600001
 03/22  19:00:00,239.57672862,126.70052957899999
 03/22  20:00:00,217.728885934,140.649007866
 03/22  21:00:00,157.436157609,113.39142329100001
 03/22  22:00:00,100.55353386200001,3.4995085493900002
 03/22  23:00:00,133.37740038299998,2.355
 03/22  24:00:00,103.674400506,3.4992767546699994
 03/23  01:00:00,93.9928125826,2.355
 03/23  02:00:00,91.36348950700001,2.355
 03/23  03:00:00,89.42521707450001,3.4992319271800008
 03/23  04:00:00,95.0398861258,2.355
 03/23  05:00:00,94.33202962440001,2.355
 03/23  06:00:00,147.64208892,280.44584047
 03/23  07:00:00,152.581798109,263.74755277599996
 03/23  08:00:00,221.171098235,232.93875864900002
 03/23  09:00:00,248.426672463,188.748717295
 03/23  10:00:00,240.83952572299998,157.42965505
 03/23  11:00:00,274.83767894,119.41233018700001
 03/23  12:00:00,260.817996294,97.07839642209998
 03/23  13:00:00,260.97345147,77.194911814
 03/23  14:00:00,258.671298947,59.880439244799994
 03/23  15:00:00,255.88486778400002,47.6066844097
 03/23  16:00:00,257.556578308,42.2431901004
 03/23  17:00:00,258.442967877,44.39683721270001
 03/23  18:00:00,253.659829778,58.4389312788
 03/23  19:00:00,239.75280458400002,85.9105210666
 03/23  20:00:00,219.14435487400002,106.127487773
 03/23  21:00:00,155.357877748,89.2160477494
 03/23  22:00:00,97.42577361110001,2.355
 03/23  23:00:00,130.90541944,3.4993112060900002
 03/23  24:00:00,102.160986354,2.355
 03/24  01:00:00,93.3713031124,2.355
 03/24  02:00:00,91.52052618799999,3.4993080818599998
 03/24  03:00:00,89.86206422549999,2.355
 03/24  04:00:00,110.84219440000001,2.355
 03/24  05:00:00,109.776941277,3.49928115506
 03/24  06:00:00,162.487754287,286.88409922299996
 03/24  07:00:00,159.36506770100002,270.459214577
 03/24  08:00:00,219.83666178099998,232.7131133
 03/24  09:00:00,248.37644431099997,186.733493241
 03/24  10:00:00,242.09272203700002,151.67021018
 03/24  11:00:00,276.52059049400003,116.724099083
 03/24  12:00:00,263.848627433,90.9092153843
 03/24  13:00:00,264.076443178,67.4735307429
 03/24  14:00:00,261.36429428,48.8667294101
 03/24  15:00:00,258.286240272,37.6225926138
 03/24  16:00:00,258.69037093,35.0073946577
 03/24  17:00:00,258.708932702,33.247668788
 03/24  18:00:00,253.74145862900002,49.0282312247
 03/24  19:00:00,235.424380535,70.4667512071
 03/24  20:00:00,218.631802217,81.2278790397
 03/24  21:00:00,157.177438115,58.997465579899995
 03/24  22:00:00,104.32734004,3.49946185813
 03/24  23:00:00,137.91453440799998,2.355
 03/24  24:00:00,110.816440409,2.355
 03/25  01:00:00,98.78756612059999,2.91562517806
 03/25  02:00:00,97.3508191989,1.77125
 03/25  03:00:00,95.61373213030001,2.9155835074699996
 03/25  04:00:00,101.952609215,1.77125
 03/25  05:00:00,102.335530571,1.77125
 03/25  06:00:00,143.384970319,178.161624913
 03/25  07:00:00,150.72143870600001,177.961345441
 03/25  08:00:00,205.830039368,163.527765831
 03/25  09:00:00,226.237249683,141.557653695
 03/25  10:00:00,246.043376326,121.08643424899999
 03/25  11:00:00,273.76466583900003,101.217613101
 03/25  12:00:00,256.284968466,88.495054153
 03/25  13:00:00,253.719751575,78.8214185105
 03/25  14:00:00,248.36033768400003,71.2317217886
 03/25  15:00:00,241.73035204200002,72.4288251079
 03/25  16:00:00,238.039730301,78.6557149236
 03/25  17:00:00,235.46993492099998,92.30182708049999
 03/25  18:00:00,218.20191177400002,118.67932002299999
 03/25  19:00:00,173.132836709,135.976926598
 03/25  20:00:00,171.20615731700002,152.740704561
 03/25  21:00:00,127.469811424,131.568980999
 03/25  22:00:00,80.2886941858,1.77125
 03/25  23:00:00,115.031400005,2.9157283631
 03/25  24:00:00,85.51818926029999,1.77125
 03/26  01:00:00,78.4008129714,2.91559285092
 03/26  02:00:00,77.9956451622,1.77125
 03/26  03:00:00,77.7047752066,1.77125
 03/26  04:00:00,84.1324303492,2.91554736141
 03/26  05:00:00,83.16520097840001,1.77125
 03/26  06:00:00,125.16894931600001,340.275712727
 03/26  07:00:00,127.12301712799999,333.131187969
 03/26  08:00:00,155.91539970600002,288.48099011
 03/26  09:00:00,129.05278263600002,265.923542809
 03/26  10:00:00,164.15728841,229.279604018
 03/26  11:00:00,195.135027879,202.10564003599998
 03/26  12:00:00,203.663705261,164.78106466399998
 03/26  13:00:00,203.711138415,141.732030935
 03/26  14:00:00,201.366509409,125.813228244
 03/26  15:00:00,199.237769741,113.076495059
 03/26  16:00:00,200.002301205,107.585751073
 03/26  17:00:00,170.239388026,128.956138869
 03/26  18:00:00,175.576446844,142.726475479
 03/26  19:00:00,157.191944823,161.485275555
 03/26  20:00:00,156.655031254,177.735003115
 03/26  21:00:00,141.58849685,158.145105532
 03/26  22:00:00,82.1001693517,1.77125
 03/26  23:00:00,118.15209018799999,1.77125
 03/26  24:00:00,90.3704149458,2.91554829085
 03/27  01:00:00,86.0358355104,2.355
 03/27  02:00:00,87.2602627577,2.355
 03/27  03:00:00,86.9616279239,3.49923287058
 03/27  04:00:00,93.8434215602,2.355
 03/27  05:00:00,93.7078019341,2.355
 03/27  06:00:00,145.95560035100002,261.81328470200003
 03/27  07:00:00,148.604738506,258.77843399200003
 03/27  08:00:00,216.743402178,239.59011309
 03/27  09:00:00,242.323396857,212.300283026
 03/27  10:00:00,231.887296653,200.197113932
 03/27  11:00:00,262.021406314,181.64083130400002
 03/27  12:00:00,242.91518303900003,163.022039619
 03/27  13:00:00,240.205348198,143.177288944
 03/27  14:00:00,235.53141166400002,131.913099517
 03/27  15:00:00,231.052043289,121.24026281299999
 03/27  16:00:00,229.00888265,126.985616271
 03/27  17:00:00,228.10243239099998,140.018678389
 03/27  18:00:00,227.01077548400002,146.68892223
 03/27  19:00:00,213.69948313400002,162.148537721
 03/27  20:00:00,198.482359924,180.093281355
 03/27  21:00:00,142.098838654,151.75619481
 03/27  22:00:00,83.9238265163,2.355
 03/27  23:00:00,118.855984085,3.4993572099300003
 03/27  24:00:00,89.3574158936,2.355
 03/28  01:00:00,81.7814412437,2.355
 03/28  02:00:00,80.7928571098,3.49929130524
 03/28  03:00:00,80.0845122827,2.355
 03/28  04:00:00,102.04992547100001,2.355
 03/28  05:00:00,102.09859115299999,3.49927184074
 03/28  06:00:00,156.628324029,338.611116304
 03/28  07:00:00,153.81620889299998,308.459512233
 03/28  08:00:00,214.52007941,269.20132604099996
 03/28  09:00:00,240.94416433799998,222.58522936900002
 03/28  10:00:00,232.31996218400002,196.26717981
 03/28  11:00:00,262.835591566,171.978074558
 03/28  12:00:00,244.243504973,153.587618551
 03/28  13:00:00,240.973010722,140.111176083
 03/28  14:00:00,235.726070017,130.079713422
 03/28  15:00:00,231.189058728,122.34174139299999
 03/28  16:00:00,230.732986173,118.07307765899999
 03/28  17:00:00,230.686354588,117.95275362
 03/28  18:00:00,229.46061575599998,142.647989762
 03/28  19:00:00,211.84433935,162.718502605
 03/28  20:00:00,198.235845638,167.720743962
 03/28  21:00:00,142.19800386,138.88611646
 03/28  22:00:00,88.485452479,3.49945893199
 03/28  23:00:00,122.149971408,2.355
 03/28  24:00:00,91.8071464579,2.355
 03/29  01:00:00,83.161657285,3.49930405666
 03/29  02:00:00,81.8135728977,2.355
 03/29  03:00:00,81.0750311168,2.355
 03/29  04:00:00,87.02747390459999,3.49923229491
 03/29  05:00:00,85.998193429,2.355
 03/29  06:00:00,139.207151983,337.251669169
 03/29  07:00:00,138.150037185,314.912299141
 03/29  08:00:00,210.912753605,283.974331261
 03/29  09:00:00,235.619955798,248.45330677
 03/29  10:00:00,226.799513732,226.98790364099997
 03/29  11:00:00,257.753566213,204.504322207
 03/29  12:00:00,238.81639192,183.02601194599998
 03/29  13:00:00,236.73639908799998,167.883134294
 03/29  14:00:00,233.164631236,160.346237715
 03/29  15:00:00,229.559839458,162.221982511
 03/29  16:00:00,228.733159073,170.023842829
 03/29  17:00:00,227.791373941,179.770191968
 03/29  18:00:00,225.585070349,193.31565757099997
 03/29  19:00:00,212.105396272,210.11722703200002
 03/29  20:00:00,197.22041178400002,223.24056411599997
 03/29  21:00:00,140.045689162,192.549482488
 03/29  22:00:00,80.79776242930001,2.355
 03/29  23:00:00,115.985550119,2.355
 03/29  24:00:00,85.7997720998,3.4992876659699994
 03/30  01:00:00,78.8623107367,2.355
 03/30  02:00:00,78.3665356793,2.355
 03/30  03:00:00,77.96130018560001,3.49924026079
 03/30  04:00:00,92.6580143341,16.1844742044
 03/30  05:00:00,92.30163998399999,18.2347896108
 03/30  06:00:00,138.359426525,393.90930385900003
 03/30  07:00:00,137.261945209,363.029806474
 03/30  08:00:00,209.944143018,323.074375809
 03/30  09:00:00,234.710575641,275.259313199
 03/30  10:00:00,226.36056274700002,237.033814603
 03/30  11:00:00,257.581290179,202.10245738900002
 03/30  12:00:00,237.895277661,184.012239294
 03/30  13:00:00,234.825529265,161.812096504
 03/30  14:00:00,231.787692249,134.922972421
 03/30  15:00:00,229.58829800700002,117.964461525
 03/30  16:00:00,229.954228964,115.21686760200001
 03/30  17:00:00,230.547672863,115.413089156
 03/30  18:00:00,229.986179189,119.76506396100001
 03/30  19:00:00,215.23913016400002,137.814485475
 03/30  20:00:00,198.85187597599997,164.936010011
 03/30  21:00:00,140.866336738,151.649366812
 03/30  22:00:00,81.3371558904,2.355
 03/30  23:00:00,116.172737564,3.49930080616
 03/30  24:00:00,86.21378479190001,2.355
 03/31  01:00:00,78.8214264048,2.355
 03/31  02:00:00,78.18215746850001,3.4993081036400002
 03/31  03:00:00,77.8933436084,2.355
 03/31  04:00:00,100.15311299700001,2.355
 03/31  05:00:00,112.519036161,29.050611395900003
 03/31  06:00:00,154.795873101,397.574818032
 03/31  07:00:00,146.253927793,373.80494137
 03/31  08:00:00,209.913194167,328.012524531
 03/31  09:00:00,234.66883516599998,267.921774176
 03/31  10:00:00,225.74087421,226.73481412299998
 03/31  11:00:00,256.83062409900003,185.44458955099998
 03/31  12:00:00,238.019811033,157.684822804
 03/31  13:00:00,237.526887336,128.133776461
 03/31  14:00:00,236.33230824700001,105.29753632799999
 03/31  15:00:00,235.599296926,83.7098897476
 03/31  16:00:00,237.463370425,76.2869926166
 03/31  17:00:00,236.770802377,80.6852552202
 03/31  18:00:00,234.71669334700002,90.9191389863
 03/31  19:00:00,213.21561588900002,110.935291195
 03/31  20:00:00,194.732110155,136.191357711
 03/31  21:00:00,137.063098959,115.468295252
 03/31  22:00:00,82.7109691765,3.4994462115499996
 03/31  23:00:00,117.379247792,2.355
 03/31  24:00:00,88.3224826171,2.355
 04/01  01:00:00,78.5314378297,2.9156481082099996
 04/01  02:00:00,78.5884509141,1.77125
 04/01  03:00:00,78.40253017479999,1.77125
 04/01  04:00:00,84.4766418271,2.9155845741500004
 04/01  05:00:00,83.70521971609999,1.77125
 04/01  06:00:00,125.125998916,334.081998797
 04/01  07:00:00,124.891825054,314.227504995
 04/01  08:00:00,185.068807868,279.176738695
 04/01  09:00:00,203.83195480900002,233.596789494
 04/01  10:00:00,229.73255657,193.98486915
 04/01  11:00:00,261.419550971,162.604916991
 04/01  12:00:00,244.10864566400002,137.752365932
 04/01  13:00:00,242.90976276799998,122.107687416
 04/01  14:00:00,239.093943469,110.973636396
 04/01  15:00:00,235.557705305,103.275450026
 04/01  16:00:00,234.875919304,100.59954405
 04/01  17:00:00,234.196406495,103.936223529
 04/01  18:00:00,216.934064274,128.45729173200002
 04/01  19:00:00,173.148578549,153.15105331200002
 04/01  20:00:00,174.065907595,170.150350077
 04/01  21:00:00,131.019532518,147.271032374
 04/01  22:00:00,84.3311073315,1.77125
 04/01  23:00:00,118.793091803,2.9157212766000002
 04/01  24:00:00,89.07950488370001,1.77125
 04/02  01:00:00,81.1273165912,1.77125
 04/02  02:00:00,80.2180214345,2.9156108732200003
 04/02  03:00:00,79.7883872435,1.77125
 04/02  04:00:00,85.97236608889999,2.9155479728400002
 04/02  05:00:00,84.8106232727,1.77125
 04/02  06:00:00,125.956942645,354.71349751099996
 04/02  07:00:00,125.74891257899999,331.399251318
 04/02  08:00:00,157.583607078,296.05336681
 04/02  09:00:00,130.77499078,286.121550347
 04/02  10:00:00,165.600359822,257.460310353
 04/02  11:00:00,196.782275437,243.428990086
 04/02  12:00:00,205.34251636,221.17251413900001
 04/02  13:00:00,203.550624443,213.24407264
 04/02  14:00:00,199.978382694,206.99520540700001
 04/02  15:00:00,197.214037875,196.81755979599998
 04/02  16:00:00,197.175732635,191.574334655
 04/02  17:00:00,168.63692417200002,219.47985553400002
 04/02  18:00:00,172.887982404,226.23654186099998
 04/02  19:00:00,154.41415782200002,246.048492881
 04/02  20:00:00,154.91429561,265.647778134
 04/02  21:00:00,141.442706774,213.47303243
 04/02  22:00:00,80.5059640466,2.9156664663200003
 04/02  23:00:00,115.44241565,1.77125
 04/02  24:00:00,84.4090823999,1.77125
 04/03  01:00:00,79.0735977408,3.49924605555
 04/03  02:00:00,78.723801651,2.355
 04/03  03:00:00,78.5180828297,2.355
 04/03  04:00:00,88.8744906014,10.2033589737
 04/03  05:00:00,92.55057940120001,15.938460411800001
 04/03  06:00:00,138.582440544,367.046939077
 04/03  07:00:00,137.428810998,339.516938853
 04/03  08:00:00,210.27407615599998,298.789031782
 04/03  09:00:00,234.849260097,254.709316796
 04/03  10:00:00,225.785651177,217.731835109
 04/03  11:00:00,256.644108469,185.38598266
 04/03  12:00:00,237.355609277,165.192404282
 04/03  13:00:00,235.469946733,142.209245434
 04/03  14:00:00,233.781388437,123.67609283600001
 04/03  15:00:00,231.91034267,106.239104186
 04/03  16:00:00,232.55996537599998,102.35122086
 04/03  17:00:00,231.67234148,111.31722013299999
 04/03  18:00:00,229.226216126,125.383670064
 04/03  19:00:00,214.41476373700002,147.460919304
 04/03  20:00:00,198.97813032599998,159.433659739
 04/03  21:00:00,141.177560035,138.805650452
 04/03  22:00:00,81.7326905259,3.4994990275999998
 04/03  23:00:00,116.72774583100001,2.355
 04/03  24:00:00,87.32219962319999,3.49925681251
 04/04  01:00:00,79.90519558449999,2.355
 04/04  02:00:00,79.2473499146,2.355
 04/04  03:00:00,78.843847465,3.4992762217699998
 04/04  04:00:00,101.141382906,2.355
 04/04  05:00:00,101.01968342299999,2.355
 04/04  06:00:00,155.510888786,330.904775031
 04/04  07:00:00,147.038487911,305.982516122
 04/04  08:00:00,211.014855659,264.49258085599996
 04/04  09:00:00,235.832578097,219.220456815
 04/04  10:00:00,227.64619999299998,179.066435335
 04/04  11:00:00,261.870314743,135.903354634
 04/04  12:00:00,245.342017097,118.37427698799999
 04/04  13:00:00,244.162024428,98.74820837540001
 04/04  14:00:00,241.98353151700002,78.71115685550001
 04/04  15:00:00,239.07399770700002,64.1291297705
 04/04  16:00:00,239.33405192,60.585831265
 04/04  17:00:00,239.386540762,62.913836994899995
 04/04  18:00:00,237.171944913,76.73917161039999
 04/04  19:00:00,212.927957813,99.2095973239
 04/04  20:00:00,200.000680631,114.403427725
 04/04  21:00:00,141.31814231,92.1889916791
 04/04  22:00:00,86.7794555747,2.355
 04/04  23:00:00,120.513872063,2.355
 04/04  24:00:00,91.46980523229999,3.49926695432
 04/05  01:00:00,82.7042122954,2.355
 04/05  02:00:00,81.78888814140001,2.355
 04/05  03:00:00,81.0177573193,3.4992861108199995
 04/05  04:00:00,87.37028169950001,2.355
 04/05  05:00:00,86.7577578789,2.355
 04/05  06:00:00,140.523895999,264.807642535
 04/05  07:00:00,141.61732727,243.50313251900002
 04/05  08:00:00,217.163984028,199.34160775700002
 04/05  09:00:00,248.18523234900002,148.616620565
 04/05  10:00:00,243.79235650599998,113.280816588
 04/05  11:00:00,278.989621678,77.71605589149999
 04/05  12:00:00,269.259275855,47.079122071899995
 04/05  13:00:00,269.569880103,25.5077486005
 04/05  14:00:00,268.088892613,12.6356976821
 04/05  15:00:00,266.81573336900004,11.672550846099998
 04/05  16:00:00,268.10386279700003,11.672663050999999
 04/05  17:00:00,268.262403732,11.6727931073
 04/05  18:00:00,263.868029177,12.3163065646
 04/05  19:00:00,251.06702513,28.3040983078
 04/05  20:00:00,233.311733793,43.196387625
 04/05  21:00:00,167.644349245,27.9542654899
 04/05  22:00:00,106.68421239899999,2.355
 04/05  23:00:00,138.27876223200002,3.49931439441
 04/05  24:00:00,111.16733799,2.355
 04/06  01:00:00,101.923554897,2.355
 04/06  02:00:00,101.006985931,3.49929221205
 04/06  03:00:00,100.311925963,2.355
 04/06  04:00:00,103.94027217700001,2.355
 04/06  05:00:00,100.412901709,2.355
 04/06  06:00:00,150.896402199,200.250208632
 04/06  07:00:00,150.23616969100001,211.27281509099998
 04/06  08:00:00,220.18890949200002,196.978948069
 04/06  09:00:00,245.896076408,173.35435508700002
 04/06  10:00:00,236.142168722,160.56090855
 04/06  11:00:00,267.15777997,133.811682545
 04/06  12:00:00,253.74274782900002,103.06920171700001
 04/06  13:00:00,255.39393390599997,87.4152003601
 04/06  14:00:00,251.622107253,84.917491358
 04/06  15:00:00,247.186795266,81.8235090409
 04/06  16:00:00,247.00635668599998,81.6534580175
 04/06  17:00:00,244.715547341,95.59810724309999
 04/06  18:00:00,239.035462805,118.384036175
 04/06  19:00:00,223.148386292,140.158046441
 04/06  20:00:00,211.169764298,149.776544777
 04/06  21:00:00,151.86334455899998,131.368635064
 04/06  22:00:00,93.3714025185,2.355
 04/06  23:00:00,126.66574649799999,3.49932994144
 04/06  24:00:00,96.7939660073,2.355
 04/07  01:00:00,88.6392521681,2.355
 04/07  02:00:00,87.43565843440001,3.4992463741300006
 04/07  03:00:00,86.9685845979,2.355
 04/07  04:00:00,109.05514248600001,2.355
 04/07  05:00:00,108.827613168,3.49928763584
 04/07  06:00:00,162.93226030000002,252.586767744
 04/07  07:00:00,153.775438211,238.236909335
 04/07  08:00:00,219.910698515,224.255498223
 04/07  09:00:00,246.28549971599998,197.714209158
 04/07  10:00:00,236.819162865,180.07300728099997
 04/07  11:00:00,266.864233281,159.341365852
 04/07  12:00:00,248.446699621,150.229990416
 04/07  13:00:00,246.05014644,137.677838325
 04/07  14:00:00,243.204648007,121.086520805
 04/07  15:00:00,241.67873482099998,103.976050774
 04/07  16:00:00,241.911806195,104.804243101
 04/07  17:00:00,240.60879877099998,111.93550437299999
 04/07  18:00:00,237.509225346,116.06542282
 04/07  19:00:00,214.707998384,128.19415217600002
 04/07  20:00:00,201.547827693,149.809643226
 04/07  21:00:00,144.063814143,131.775893276
 04/07  22:00:00,90.563204225,2.355
 04/07  23:00:00,124.715365068,3.49932042941
 04/07  24:00:00,94.8513609282,2.355
 04/08  01:00:00,84.3154697286,2.9156114121099996
 04/08  02:00:00,83.0650054638,1.77125
 04/08  03:00:00,81.77298690970001,1.77125
 04/08  04:00:00,87.4829974827,2.91550876787
 04/08  05:00:00,85.7073866004,1.77125
 04/08  06:00:00,125.663321004,357.60794283900003
 04/08  07:00:00,122.08557877700001,319.91399227799997
 04/08  08:00:00,185.624291567,268.42265583200003
 04/08  09:00:00,204.069585653,224.17740503099998
 04/08  10:00:00,229.600124255,194.32330547400002
 04/08  11:00:00,260.528172893,166.455553517
 04/08  12:00:00,241.857331565,145.564987388
 04/08  13:00:00,240.450466849,127.305149005
 04/08  14:00:00,238.26051258,110.33859133200001
 04/08  15:00:00,236.398868162,97.4884870435
 04/08  16:00:00,237.018603547,91.4679014624
 04/08  17:00:00,235.314526617,100.42512198899999
 04/08  18:00:00,218.49580041,119.77886635899999
 04/08  19:00:00,169.748048987,147.042892949
 04/08  20:00:00,172.035248639,174.186864741
 04/08  21:00:00,128.792324695,154.368116529
 04/08  22:00:00,82.1467579421,2.91578930806
 04/08  23:00:00,116.885226352,1.77125
 04/08  24:00:00,86.963806625,2.91569124503
 04/09  01:00:00,79.2193367838,1.77125
 04/09  02:00:00,78.14574750189999,1.77125
 04/09  03:00:00,77.3667795529,2.9155122634599997
 04/09  04:00:00,83.8256788325,1.77125
 04/09  05:00:00,83.16857124479999,1.77125
 04/09  06:00:00,124.775030846,397.24382359300006
 04/09  07:00:00,121.802141062,358.64034291900003
 04/09  08:00:00,158.59960470299998,303.413178202
 04/09  09:00:00,133.620388442,268.252802195
 04/09  10:00:00,169.788008794,207.74787055599998
 04/09  11:00:00,202.67654347400003,166.925683478
 04/09  12:00:00,214.770474275,126.113618033
 04/09  13:00:00,214.77171444200002,103.46468373399999
 04/09  14:00:00,211.44579749099998,86.53041206620001
 04/09  15:00:00,208.22414637900002,79.8432228355
 04/09  16:00:00,209.59350878400002,75.9865946562
 04/09  17:00:00,180.07142576599998,90.1805618734
 04/09  18:00:00,183.772340365,112.149680535
 04/09  19:00:00,162.534400928,137.070584019
 04/09  20:00:00,162.282486,167.661836602
 04/09  21:00:00,146.235089063,141.656674359
 04/09  22:00:00,85.55026472520001,1.77125
 04/09  23:00:00,119.97961456700001,2.9155103043599997
 04/09  24:00:00,90.7790500007,1.77125
 04/10  01:00:00,85.4511988717,2.355
 04/10  02:00:00,84.4748540966,3.49924019379
 04/10  03:00:00,83.7536073536,2.355
 04/10  04:00:00,89.8337691174,2.355
 04/10  05:00:00,89.0362681889,2.355
 04/10  06:00:00,141.928992656,320.777107953
 04/10  07:00:00,139.303132201,289.847121329
 04/10  08:00:00,216.53992183900002,241.50785447400003
 04/10  09:00:00,244.21675805900003,182.336404042
 04/10  10:00:00,239.054687862,139.410096852
 04/10  11:00:00,271.043632266,107.417190134
 04/10  12:00:00,255.553921605,88.87638667440001
 04/10  13:00:00,254.133247204,73.35972930439999
 04/10  14:00:00,250.04617883400002,61.8346043171
 04/10  15:00:00,243.342599113,70.3695802915
 04/10  16:00:00,242.23461151200001,78.7971713046
 04/10  17:00:00,240.29686781700002,92.24006106690001
 04/10  18:00:00,234.363735867,120.52267621899999
 04/10  19:00:00,217.229536069,146.369952498
 04/10  20:00:00,203.817125863,162.895360744
 04/10  21:00:00,145.874868368,142.01597796299998
 04/10  22:00:00,88.2319986769,2.355
 04/10  23:00:00,122.666558952,3.4993510580500002
 04/10  24:00:00,93.3767797191,2.355
 04/11  01:00:00,85.7277073575,2.355
 04/11  02:00:00,85.0459389137,3.4992394578800003
 04/11  03:00:00,84.1541473848,2.355
 04/11  04:00:00,105.673670696,2.355
 04/11  05:00:00,105.137590193,2.355
 04/11  06:00:00,158.185174085,301.638235158
 04/11  07:00:00,146.94773713200001,267.672588954
 04/11  08:00:00,214.002602268,226.262745625
 04/11  09:00:00,239.140441851,194.03224628799998
 04/11  10:00:00,230.981948752,165.734123747
 04/11  11:00:00,262.721644783,140.723732044
 04/11  12:00:00,245.270642454,131.56076006700002
 04/11  13:00:00,243.232400193,123.75110343799999
 04/11  14:00:00,239.566029098,115.511625439
 04/11  15:00:00,235.251950327,114.505146849
 04/11  16:00:00,233.974584135,124.625534154
 04/11  17:00:00,232.809068108,137.886860068
 04/11  18:00:00,229.951706426,154.158538717
 04/11  19:00:00,206.382974502,178.019626478
 04/11  20:00:00,193.61244575799998,197.483625057
 04/11  21:00:00,138.016027283,170.963568878
 04/11  22:00:00,85.10322738229999,2.355
 04/11  23:00:00,119.486252694,3.4993247656
 04/11  24:00:00,88.66057727120001,2.355
 04/12  01:00:00,80.50030526270001,2.355
 04/12  02:00:00,79.2388541066,2.355
 04/12  03:00:00,78.5810013832,3.4992630057099996
 04/12  04:00:00,85.1258429689,2.355
 04/12  05:00:00,84.6412961978,2.355
 04/12  06:00:00,138.794109491,346.69957534400004
 04/12  07:00:00,134.243331962,316.885857368
 04/12  08:00:00,210.654389665,274.96524695200003
 04/12  09:00:00,235.46777151700002,224.09776582400002
 04/12  10:00:00,226.417766969,196.000588841
 04/12  11:00:00,257.393161455,165.06455156200002
 04/12  12:00:00,239.057615255,143.462535925
 04/12  13:00:00,237.755475722,127.427234488
 04/12  14:00:00,235.558266379,110.260354026
 04/12  15:00:00,229.246605091,122.696999478
 04/12  16:00:00,229.18709022599998,141.21834899
 04/12  17:00:00,229.437608348,153.209331179
 04/12  18:00:00,227.92845000900002,162.925672508
 04/12  19:00:00,211.170958242,177.32391479400002
 04/12  20:00:00,198.319503177,198.831887736
 04/12  21:00:00,141.400974552,175.084846693
 04/12  22:00:00,83.4117836151,2.355
 04/12  23:00:00,118.53287835299999,2.355
 04/12  24:00:00,88.6707146625,3.4992639573300006
 04/13  01:00:00,80.7579547978,2.355
 04/13  02:00:00,79.36827960149999,2.355
 04/13  03:00:00,78.7559197774,3.4992784510800004
 04/13  04:00:00,85.2775937684,2.355
 04/13  05:00:00,84.6757006413,2.355
 04/13  06:00:00,138.68077434,356.277276172
 04/13  07:00:00,134.353404106,323.648257478
 04/13  08:00:00,210.984860244,271.550366998
 04/13  09:00:00,237.07561567,222.205510743
 04/13  10:00:00,228.437770097,196.62601232
 04/13  11:00:00,259.093491054,170.506248119
 04/13  12:00:00,239.392217267,152.23597459299998
 04/13  13:00:00,236.472156591,136.804346442
 04/13  14:00:00,233.02013883700002,125.11060707200001
 04/13  15:00:00,229.56817294799998,118.203110798
 04/13  16:00:00,229.579307898,118.690339749
 04/13  17:00:00,228.631841664,127.905108098
 04/13  18:00:00,226.92015057400002,142.95992727799998
 04/13  19:00:00,210.144564848,159.993645232
 04/13  20:00:00,198.083792655,180.377446328
 04/13  21:00:00,140.719703975,156.658173938
 04/13  22:00:00,81.2840580304,2.355
 04/13  23:00:00,116.318656555,2.355
 04/13  24:00:00,86.4964412485,3.4992529429
 04/14  01:00:00,79.0749130854,2.355
 04/14  02:00:00,79.1258005787,2.355
 04/14  03:00:00,79.3619339745,3.49926667884
 04/14  04:00:00,101.56330361299999,2.355
 04/14  05:00:00,101.321127132,2.355
 04/14  06:00:00,155.89243569200002,327.175828713
 04/14  07:00:00,144.808625858,284.70900308299997
 04/14  08:00:00,213.236650248,237.4555517
 04/14  09:00:00,238.91027116400002,202.885237694
 04/14  10:00:00,229.65528506599998,190.32104312299998
 04/14  11:00:00,260.137390224,173.41388339
 04/14  12:00:00,241.40577058,158.411137904
 04/14  13:00:00,238.74021669299998,147.821121188
 04/14  14:00:00,235.12189209599998,139.693017589
 04/14  15:00:00,232.395977912,132.548476593
 04/14  16:00:00,232.216198505,133.031569294
 04/14  17:00:00,231.37701296400002,142.172498946
 04/14  18:00:00,228.488675472,163.699621253
 04/14  19:00:00,205.114904227,184.715748988
 04/14  20:00:00,193.71235387599998,200.006274231
 04/14  21:00:00,137.839200642,172.16359671200001
 04/14  22:00:00,84.1034309832,3.4994913160100003
 04/14  23:00:00,119.12908290700001,2.355
 04/14  24:00:00,89.0696069999,3.4992830673300004
 04/15  01:00:00,79.179169341,1.77125
 04/15  02:00:00,78.5539742819,1.77125
 04/15  03:00:00,78.08337916229999,2.91553243184
 04/15  04:00:00,84.2409978301,1.77125
 04/15  05:00:00,83.03350688649999,1.77125
 04/15  06:00:00,124.536208531,364.25927324
 04/15  07:00:00,120.12585755,330.737633826
 04/15  08:00:00,183.61415938099998,283.372345948
 04/15  09:00:00,202.952169637,225.67431711
 04/15  10:00:00,229.33017334099998,176.566181417
 04/15  11:00:00,260.716867503,141.736662349
 04/15  12:00:00,243.75661338900002,116.816968582
 04/15  13:00:00,242.00552683,101.02025699200001
 04/15  14:00:00,239.053827097,86.66567672139999
 04/15  15:00:00,235.064805592,83.4095825271
 04/15  16:00:00,234.616712,83.8659514667
 04/15  17:00:00,233.63362185900002,91.58180304129999
 04/15  18:00:00,216.952472817,115.703451236
 04/15  19:00:00,167.771363497,146.191139824
 04/15  20:00:00,169.766172084,180.192873577
 04/15  21:00:00,126.873357496,159.632655873
 04/15  22:00:00,81.0440415246,1.77125
 04/15  23:00:00,116.255782146,2.9156570741100003
 04/15  24:00:00,86.8174672956,1.77125
 04/16  01:00:00,78.9262086403,1.77125
 04/16  02:00:00,78.3766134387,2.91559414689
 04/16  03:00:00,77.525631848,1.77125
 04/16  04:00:00,83.0417943406,1.77125
 04/16  05:00:00,82.051596297,2.9155138043199997
 04/16  06:00:00,120.90635764299999,400.024541204
 04/16  07:00:00,120.163869401,358.255004813
 04/16  08:00:00,156.371690189,291.7649668
 04/16  09:00:00,131.506018687,242.027012273
 04/16  10:00:00,171.25090931399998,186.202328259
 04/16  11:00:00,206.78296296,142.618595859
 04/16  12:00:00,223.14043928,92.6386685939
 04/16  13:00:00,224.590141168,64.69445121439999
 04/16  14:00:00,220.386424209,52.4147243854
 04/16  15:00:00,216.69302665200001,42.577418154
 04/16  16:00:00,216.606730335,35.2541377687
 04/16  17:00:00,186.992189182,40.9504162957
 04/16  18:00:00,191.644008777,53.1842713766
 04/16  19:00:00,171.175869093,70.3418884904
 04/16  20:00:00,171.555582729,83.8361522021
 04/16  21:00:00,150.559370921,71.06379749999999
 04/16  22:00:00,87.6275454177,1.77125
 04/16  23:00:00,121.982202846,2.91553047607
 04/16  24:00:00,93.3044285006,1.77125
 04/17  01:00:00,87.20157272760001,2.355
 04/17  02:00:00,86.7954883139,3.49926019251
 04/17  03:00:00,86.5169583625,2.355
 04/17  04:00:00,93.34322588110001,2.355
 04/17  05:00:00,92.88561032700001,3.49922261601
 04/17  06:00:00,142.46662147700002,193.710846572
 04/17  07:00:00,144.32162565299998,189.22133119400002
 04/17  08:00:00,222.47881864599998,166.248909824
 04/17  09:00:00,252.20575593200002,132.988228542
 04/17  10:00:00,244.433982903,110.885286805
 04/17  11:00:00,277.496534213,83.7683789121
 04/17  12:00:00,264.754841387,63.919647043199994
 04/17  13:00:00,263.694373077,48.6208342458
 04/17  14:00:00,261.552655368,31.4281429926
 04/17  15:00:00,258.585462284,21.9191777014
 04/17  16:00:00,258.852679998,21.1680600234
 04/17  17:00:00,259.982137343,18.8847021121
 04/17  18:00:00,255.85767615700001,28.133960788499998
 04/17  19:00:00,242.08743624299998,45.5306989109
 04/17  20:00:00,216.821456641,84.9491601269
 04/17  21:00:00,156.193531909,75.4952819095
 04/17  22:00:00,98.0809358476,2.355
 04/17  23:00:00,131.688957397,2.355
 04/17  24:00:00,101.807994307,3.49925020503
 04/18  01:00:00,91.8636501935,2.355
 04/18  02:00:00,90.2102731325,2.355
 04/18  03:00:00,88.9026968699,3.4992615542000003
 04/18  04:00:00,110.208050282,2.355
 04/18  05:00:00,109.434487713,2.355
 04/18  06:00:00,159.497560099,245.921510297
 04/18  07:00:00,153.660170065,231.243366515
 04/18  08:00:00,221.249424133,190.411142605
 04/18  09:00:00,253.633703437,134.992983898
 04/18  10:00:00,248.620827128,99.1371021501
 04/18  11:00:00,281.790894872,67.50806747
 04/18  12:00:00,270.594002751,41.2899265721
 04/18  13:00:00,272.949800182,18.8240653241
 04/18  14:00:00,272.813662054,11.6728319238
 04/18  15:00:00,271.071880167,11.672551401199998
 04/18  16:00:00,273.549762,11.672643523800001
 04/18  17:00:00,273.302983628,11.6727528295
 04/18  18:00:00,270.341660243,10.5049550904
 04/18  19:00:00,249.47923889700002,11.2653391799
 04/18  20:00:00,224.403665285,29.876551329699996
 04/18  21:00:00,163.05491142,16.8849604704
 04/18  22:00:00,107.57758054,3.49949399102
 04/18  23:00:00,139.57435925,2.355
 04/18  24:00:00,113.008892879,3.49923806145
 04/19  01:00:00,101.908386318,2.355
 04/19  02:00:00,99.7153517021,2.355
 04/19  03:00:00,98.4253031057,2.355
 04/19  04:00:00,103.929302314,3.4992483091000004
 04/19  05:00:00,102.44451914,2.355
 04/19  06:00:00,151.49799427600001,156.351727051
 04/19  07:00:00,156.458624292,149.828384968
 04/19  08:00:00,236.023084164,117.09605737
 04/19  09:00:00,270.65051595299997,74.9960990778
 04/19  10:00:00,267.014663725,45.6141946546
 04/19  11:00:00,299.731432685,18.4350817887
 04/19  12:00:00,293.055594165,11.6729461061
 04/19  13:00:00,293.762422717,11.672950560599999
 04/19  14:00:00,289.320019561,12.817807895
 04/19  15:00:00,283.73880410000004,11.6725566053
 04/19  16:00:00,282.43859121599996,11.6726509909
 04/19  17:00:00,280.46984544599997,11.6727624963
 04/19  18:00:00,275.421969826,10.504942075499999
 04/19  19:00:00,261.006523257,11.9225316928
 04/19  20:00:00,235.798453161,12.7184587699
 04/19  21:00:00,170.69590785,6.05159714006
 04/19  22:00:00,108.426005914,3.49946023513
 04/19  23:00:00,140.068496566,2.355
 04/19  24:00:00,113.042565618,2.355
 04/20  01:00:00,104.051165093,3.4993011778400005
 04/20  02:00:00,104.23113797200001,2.355
 04/20  03:00:00,101.30626633799999,2.355
 04/20  04:00:00,107.51090874299999,2.355
 04/20  05:00:00,108.427862895,3.4992747507599997
 04/20  06:00:00,160.615483423,109.476303108
 04/20  07:00:00,170.33584699,110.880323561
 04/20  08:00:00,249.71607930000002,93.2856371032
 04/20  09:00:00,279.758009055,77.6241290294
 04/20  10:00:00,272.493893131,78.0694330435
 04/20  11:00:00,286.848717313,99.91382654690001
 04/20  12:00:00,262.14800204200003,129.584848521
 04/20  13:00:00,254.62693821,138.204481471
 04/20  14:00:00,246.44232371099997,145.700723321
 04/20  15:00:00,241.622476428,142.087226514
 04/20  16:00:00,240.75274790000003,141.402157727
 04/20  17:00:00,240.563298522,145.867842834
 04/20  18:00:00,237.470975832,153.268754398
 04/20  19:00:00,222.155693584,166.424317713
 04/20  20:00:00,206.419679643,174.43253870599997
 04/20  21:00:00,151.012810222,141.599851861
 04/20  22:00:00,92.3616436692,2.355
 04/20  23:00:00,124.966737345,3.49934693948
 04/20  24:00:00,93.4704239019,2.355
 04/21  01:00:00,84.9350640105,2.355
 04/21  02:00:00,83.38523172149999,3.49924353352
 04/21  03:00:00,82.0898320467,2.355
 04/21  04:00:00,103.31765652899999,2.355
 04/21  05:00:00,102.58467624,2.355
 04/21  06:00:00,152.834524235,359.695075534
 04/21  07:00:00,146.726044147,315.064498761
 04/21  08:00:00,215.94172198,258.851514403
 04/21  09:00:00,243.689768921,214.10037341900002
 04/21  10:00:00,235.159239232,185.47723969900002
 04/21  11:00:00,263.14318905700003,156.94196105
 04/21  12:00:00,243.599504227,144.055236249
 04/21  13:00:00,241.590106815,130.97422379
 04/21  14:00:00,237.592994735,119.27480603299999
 04/21  15:00:00,235.092382743,106.30792435299999
 04/21  16:00:00,235.439457155,107.228966166
 04/21  17:00:00,234.961958765,111.578861924
 04/21  18:00:00,232.311843575,121.85358736799999
 04/21  19:00:00,209.07050086200002,144.428780623
 04/21  20:00:00,193.646126035,163.09998076
 04/21  21:00:00,141.102137024,135.001280999
 04/21  22:00:00,87.8959478322,3.49949307682
 04/21  23:00:00,121.43396074299999,2.355
 04/21  24:00:00,90.9122318957,3.4992589788300004
 04/22  01:00:00,80.052605278,1.77125
 04/22  02:00:00,78.19743480449999,1.77125
 04/22  03:00:00,76.8740603921,2.91557051678
 04/22  04:00:00,82.921553843,1.77125
 04/22  05:00:00,82.2192780747,1.77125
 04/22  06:00:00,121.042804608,359.399878934
 04/22  07:00:00,120.60937354100001,324.523832486
 04/22  08:00:00,184.325388006,277.64636528799997
 04/22  09:00:00,203.602143593,220.322348718
 04/22  10:00:00,230.035241347,177.522106361
 04/22  11:00:00,260.787965009,161.024970808
 04/22  12:00:00,241.77348331599998,157.907481755
 04/22  13:00:00,238.98821111700002,155.458139913
 04/22  14:00:00,234.897135729,156.98467441100001
 04/22  15:00:00,231.320940328,158.019051464
 04/22  16:00:00,231.335344521,156.663666615
 04/22  17:00:00,231.151353104,160.409414099
 04/22  18:00:00,215.14037378400002,177.76131902900002
 04/22  19:00:00,169.184265912,192.252355825
 04/22  20:00:00,168.784318678,199.237061926
 04/22  21:00:00,129.049851482,165.547806501
 04/22  22:00:00,82.7283273653,2.9158036898699997
 04/22  23:00:00,117.53617986299999,1.77125
 04/22  24:00:00,87.346355676,2.91565397862
 04/23  01:00:00,79.53646731229999,1.77125
 04/23  02:00:00,78.699895657,1.77125
 04/23  03:00:00,77.9921873508,2.91556622653
 04/23  04:00:00,84.1944005285,1.77125
 04/23  05:00:00,83.4352350569,1.77125
 04/23  06:00:00,121.74037737,366.319361329
 04/23  07:00:00,120.92734201399999,344.74875294199995
 04/23  08:00:00,156.60348243299998,326.541048722
 04/23  09:00:00,129.885226667,321.571731953
 04/23  10:00:00,164.84850287,294.85881210400004
 04/23  11:00:00,196.13062678,286.90998825599996
 04/23  12:00:00,204.739049355,260.657498467
 04/23  13:00:00,203.59231869099997,250.464905423
 04/23  14:00:00,200.166070654,244.983531639
 04/23  15:00:00,196.580646704,249.52809770099998
 04/23  16:00:00,195.739876001,251.65110136799998
 04/23  17:00:00,165.99056859799998,296.207731501
 04/23  18:00:00,171.173406736,318.61672724
 04/23  19:00:00,151.31645535799998,322.68832493400004
 04/23  20:00:00,152.56259628200002,327.072624847
 04/23  21:00:00,141.562286048,278.383649927
 04/23  22:00:00,81.1787568685,1.77125
 04/23  23:00:00,116.48736312700001,1.77125
 04/23  24:00:00,85.4631667713,2.91557033
 04/24  01:00:00,80.6708564192,2.355
 04/24  02:00:00,80.0067928095,2.355
 04/24  03:00:00,87.6651159481,17.0637671406
 04/24  04:00:00,94.4215982881,15.9735078532
 04/24  05:00:00,93.7096222207,17.2322499494
 04/24  06:00:00,135.215592522,396.11241194699994
 04/24  07:00:00,133.980733791,358.958936162
 04/24  08:00:00,209.99194448400002,330.991788252
 04/24  09:00:00,234.80802169700002,296.677901353
 04/24  10:00:00,226.072091959,285.54692005
 04/24  11:00:00,257.68687004,265.462400917
 04/24  12:00:00,238.44447549999998,247.982250757
 04/24  13:00:00,235.845612932,235.49387491599998
 04/24  14:00:00,231.98952741099998,231.946500837
 04/24  15:00:00,228.675083139,224.09044625299998
 04/24  16:00:00,228.897221285,223.548202515
 04/24  17:00:00,229.11976116,224.817643353
 04/24  18:00:00,227.414200916,231.85426713799998
 04/24  19:00:00,211.67356999700002,239.90347667400002
 04/24  20:00:00,197.048500468,243.455796631
 04/24  21:00:00,143.241711315,211.635240164
 04/24  22:00:00,85.1191375058,3.4994202837199997
 04/24  23:00:00,120.19981961299999,2.355
 04/24  24:00:00,89.8740999059,2.355
 04/25  01:00:00,82.5585419434,3.4992596570199996
 04/25  02:00:00,82.0936000535,2.355
 04/25  03:00:00,81.77031887449999,2.355
 04/25  04:00:00,103.702310188,2.355
 04/25  05:00:00,103.36099124200001,3.4992304266199996
 04/25  06:00:00,150.389487111,357.714566025
 04/25  07:00:00,146.960754317,324.882692283
 04/25  08:00:00,214.616103201,282.989665268
 04/25  09:00:00,240.508330272,250.293845128
 04/25  10:00:00,231.60763721799998,221.192342294
 04/25  11:00:00,263.074881092,182.387496599
 04/25  12:00:00,244.99836258,161.288290278
 04/25  13:00:00,243.77603286299998,131.87807184
 04/25  14:00:00,242.201813705,109.06572824
 04/25  15:00:00,238.307510115,98.1627325515
 04/25  16:00:00,237.931108213,92.2549052607
 04/25  17:00:00,238.055626911,91.2587675516
 04/25  18:00:00,235.573440031,101.421667445
 04/25  19:00:00,211.76049285,117.012908328
 04/25  20:00:00,192.842378046,143.39651641
 04/25  21:00:00,138.901044296,133.93406372200002
 04/25  22:00:00,85.61699506859999,2.355
 04/25  23:00:00,120.41147811299999,2.355
 04/25  24:00:00,91.0877701665,3.4992399723800003
 04/26  01:00:00,83.8122856099,2.355
 04/26  02:00:00,83.7123975977,2.355
 04/26  03:00:00,83.635402054,3.4992459929
 04/26  04:00:00,90.6277935466,2.355
 04/26  05:00:00,90.8147395506,2.355
 04/26  06:00:00,138.730557703,241.033793667
 04/26  07:00:00,145.883885755,234.025638658
 04/26  08:00:00,222.207912616,216.416987064
 04/26  09:00:00,249.16539880099998,191.735077836
 04/26  10:00:00,239.822569047,177.514047216
 04/26  11:00:00,267.77271963,164.842848422
 04/26  12:00:00,249.468977968,155.437093906
 04/26  13:00:00,247.254749558,136.76670231
 04/26  14:00:00,244.35973411,125.74832427
 04/26  15:00:00,241.961757895,117.665165585
 04/26  16:00:00,241.44545784,116.411380006
 04/26  17:00:00,240.43908885599998,123.980817081
 04/26  18:00:00,237.46626506599998,132.158118236
 04/26  19:00:00,222.248346852,139.77781955
 04/26  20:00:00,205.426402472,161.296594575
 04/26  21:00:00,149.92352222600002,141.124535236
 04/26  22:00:00,91.7918323737,3.4994626151
 04/26  23:00:00,125.62738936299999,2.355
 04/26  24:00:00,95.35456020790001,2.355
 04/27  01:00:00,87.5133521819,3.4993009396300008
 04/27  02:00:00,86.962926244,2.355
 04/27  03:00:00,86.11419092530001,2.355
 04/27  04:00:00,91.61214182120001,2.355
 04/27  05:00:00,90.423109203,3.49927046286
 04/27  06:00:00,136.503528641,307.296609048
 04/27  07:00:00,140.79776878799998,284.647158932
 04/27  08:00:00,217.476982175,248.440792372
 04/27  09:00:00,244.145272677,213.341885862
 04/27  10:00:00,234.76406277799998,198.10796762
 04/27  11:00:00,265.747657371,172.42898709
 04/27  12:00:00,247.059957538,153.949198922
 04/27  13:00:00,243.532094222,143.096502598
 04/27  14:00:00,239.334323264,136.767582579
 04/27  15:00:00,236.692986147,134.243332158
 04/27  16:00:00,237.302278384,141.018332754
 04/27  17:00:00,236.782898201,141.90440653299999
 04/27  18:00:00,233.553569788,151.92196348299998
 04/27  19:00:00,216.792922903,164.957815375
 04/27  20:00:00,199.010531991,178.16897761200002
 04/27  21:00:00,143.972588049,151.667181475
 04/27  22:00:00,86.0354688885,2.355
 04/27  23:00:00,120.474444854,2.355
 04/27  24:00:00,90.5477109393,3.49922135644
 04/28  01:00:00,82.83315946229999,2.355
 04/28  02:00:00,81.9137062229,2.355
 04/28  03:00:00,81.7483539271,3.4992259902699994
 04/28  04:00:00,104.02424132600001,2.355
 04/28  05:00:00,103.84946910200001,2.355
 04/28  06:00:00,150.456410744,337.86989198099997
 04/28  07:00:00,146.326788021,309.930604778
 04/28  08:00:00,213.99729052,280.156322861
 04/28  09:00:00,239.592966047,247.078596174
 04/28  10:00:00,231.0824926,214.126322482
 04/28  11:00:00,262.015017344,184.936920701
 04/28  12:00:00,242.27834161200002,171.817108331
 04/28  13:00:00,238.005040989,166.582663892
 04/28  14:00:00,233.81076834599997,155.73044989299999
 04/28  15:00:00,230.829982608,144.397463559
 04/28  16:00:00,230.910275153,139.451795175
 04/28  17:00:00,230.906807832,137.32780449700002
 04/28  18:00:00,228.567729523,142.322825265
 04/28  19:00:00,205.4255452,154.07628147
 04/28  20:00:00,190.045263348,167.033428958
 04/28  21:00:00,138.165138274,145.50987250100002
 04/28  22:00:00,85.2459373506,3.49938192925
 04/28  23:00:00,120.237176964,2.355
 04/28  24:00:00,90.63879549469999,2.355
 04/29  01:00:00,79.9383239305,2.9156463312700005
 04/29  02:00:00,78.28465998829999,1.77125
 04/29  03:00:00,77.1265005616,1.77125
 04/29  04:00:00,83.038848917,2.91553079946
 04/29  05:00:00,82.21210924,1.77125
 04/29  06:00:00,117.447226925,365.81921676800005
 04/29  07:00:00,119.89236683600001,337.00088466799997
 04/29  08:00:00,183.47273047299998,296.247955128
 04/29  09:00:00,204.10857647400002,238.495316055
 04/29  10:00:00,231.27109014200002,201.879453951
 04/29  11:00:00,260.509711677,180.35504521400003
 04/29  12:00:00,241.70886128,165.05761136700002
 04/29  13:00:00,240.33644530400002,150.549836781
 04/29  14:00:00,237.193492148,138.729056112
 04/29  15:00:00,233.548158243,129.27446895399999
 04/29  16:00:00,233.51726061,113.695087874
 04/29  17:00:00,232.31665980000002,113.64108996899999
 04/29  18:00:00,216.383984365,129.23088150700002
 04/29  19:00:00,169.19855580799998,146.85765497100002
 04/29  20:00:00,169.765234104,163.748112793
 04/29  21:00:00,131.146521732,135.55474552200002
 04/29  22:00:00,85.8310231201,1.77125
 04/29  23:00:00,120.237673104,2.9156717959900003
 04/29  24:00:00,91.31134699540002,1.77125
 04/30  01:00:00,83.7114008228,1.77125
 04/30  02:00:00,83.2099595438,2.9155423027999996
 04/30  03:00:00,82.53847387649999,1.77125
 04/30  04:00:00,88.16800116700001,1.77125
 04/30  05:00:00,86.56970755430001,2.91553743588
 04/30  06:00:00,120.161537779,327.765644005
 04/30  07:00:00,124.547191343,308.89102708400003
 04/30  08:00:00,160.500938526,256.37844309400003
 04/30  09:00:00,133.743926626,233.210113465
 04/30  10:00:00,167.448701636,203.742630505
 04/30  11:00:00,198.400549635,176.50977141599998
 04/30  12:00:00,205.74209390599998,159.98259685600001
 04/30  13:00:00,204.04880993400002,151.569398486
 04/30  14:00:00,202.29048349400003,138.511596108
 04/30  15:00:00,199.059206472,131.53719566700002
 04/30  16:00:00,198.44730426200002,132.342555074
 04/30  17:00:00,167.957436317,151.96401603200002
 04/30  18:00:00,173.310825506,167.048152425
 04/30  19:00:00,152.981991849,179.50811189599997
 04/30  20:00:00,150.577679152,196.56322627400002
 04/30  21:00:00,143.48745812200002,157.128832841
 04/30  22:00:00,81.63804981130001,1.77125
 04/30  23:00:00,116.174087786,1.77125
 04/30  24:00:00,86.05912903790001,2.91554253416
 05/01  01:00:00,80.9549875332,2.355
 05/01  02:00:00,81.7068576511,2.355
 05/01  03:00:00,81.8386939016,3.49927718203
 05/01  04:00:00,87.9499368517,2.355
 05/01  05:00:00,87.0802863215,2.355
 05/01  06:00:00,133.665908502,341.743854667
 05/01  07:00:00,137.789257008,308.642780335
 05/01  08:00:00,214.298830695,274.333208393
 05/01  09:00:00,240.45908391400002,241.298900772
 05/01  10:00:00,231.464948662,218.768029281
 05/01  11:00:00,262.681727447,197.949273681
 05/01  12:00:00,243.909708113,187.01838966900002
 05/01  13:00:00,241.221556832,170.643064303
 05/01  14:00:00,237.66432520400002,158.165782293
 05/01  15:00:00,234.71340392099998,138.712106243
 05/01  16:00:00,235.13649147700002,131.82179210799998
 05/01  17:00:00,234.755288744,130.511992364
 05/01  18:00:00,231.502367336,142.690107759
 05/01  19:00:00,215.098146246,147.684291924
 05/01  20:00:00,195.218672645,162.698001515
 05/01  21:00:00,143.911709999,147.876428833
 05/01  22:00:00,85.6195673916,2.355
 05/01  23:00:00,120.09161163200001,3.49933713345
 05/01  24:00:00,90.2395129451,2.355
 05/02  01:00:00,82.44759121189999,2.355
 05/02  02:00:00,81.4547621364,3.4992527834500002
 05/02  03:00:00,80.6508961121,2.355
 05/02  04:00:00,102.47392017700001,2.355
 05/02  05:00:00,101.893577186,3.4992152495099997
 05/02  06:00:00,148.649941419,351.17843387
 05/02  07:00:00,145.068510865,308.17152871
 05/02  08:00:00,214.369895013,248.258798092
 05/02  09:00:00,241.254817524,198.71884716099999
 05/02  10:00:00,232.193025164,171.698451
 05/02  11:00:00,264.412801645,138.249703009
 05/02  12:00:00,251.024022305,103.32333785200001
 05/02  13:00:00,248.86654078200002,90.8654736259
 05/02  14:00:00,242.18165859599998,94.7290500355
 05/02  15:00:00,237.884121869,90.0041718932
 05/02  16:00:00,239.089584638,81.5321825188
 05/02  17:00:00,239.13447093,76.97118238590001
 05/02  18:00:00,235.30596545,89.06472754549999
 05/02  19:00:00,212.892182381,96.826040027
 05/02  20:00:00,191.86126436799998,112.961061659
 05/02  21:00:00,138.889274007,94.4409315016
 05/02  22:00:00,84.5783339562,3.49946728255
 05/02  23:00:00,118.858272032,2.355
 05/02  24:00:00,90.1331994958,2.355
 05/03  01:00:00,82.70363175850001,3.4992437615400003
 05/03  02:00:00,82.2112483118,2.355
 05/03  03:00:00,81.7802419318,2.355
 05/03  04:00:00,87.92657682870001,3.49922212535
 05/03  05:00:00,86.8926053389,2.355
 05/03  06:00:00,133.37915168,304.71504151700003
 05/03  07:00:00,138.096935027,260.810993129
 05/03  08:00:00,216.31797370700002,212.663156521
 05/03  09:00:00,245.62855350700002,162.65382410799998
 05/03  10:00:00,240.18623718900002,129.82757696299998
 05/03  11:00:00,272.366736827,100.323994475
 05/03  12:00:00,254.136015397,87.41924626129999
 05/03  13:00:00,250.544576555,74.5763743378
 05/03  14:00:00,246.600078999,63.2736557287
 05/03  15:00:00,245.030944933,49.9020694637
 05/03  16:00:00,246.823491806,42.1858306997
 05/03  17:00:00,245.948343038,47.1219787371
 05/03  18:00:00,242.66448364,59.5865549166
 05/03  19:00:00,227.429867493,74.0826228007
 05/03  20:00:00,203.665685327,101.819171528
 05/03  21:00:00,149.018770039,85.8999268958
 05/03  22:00:00,90.39739900209999,2.355
 05/03  23:00:00,123.41106449700001,2.355
 05/03  24:00:00,94.25842902629999,3.49926619196
 05/04  01:00:00,85.4557810157,2.355
 05/04  02:00:00,84.0357523328,2.355
 05/04  03:00:00,82.5757879386,3.49926648559
 05/04  04:00:00,87.48110076709999,2.355
 05/04  05:00:00,86.2475077144,2.355
 05/04  06:00:00,133.318453946,295.456930498
 05/04  07:00:00,138.123121659,261.822736582
 05/04  08:00:00,216.715398608,206.410000577
 05/04  09:00:00,245.998304934,151.72997762
 05/04  10:00:00,239.128453185,123.62908490299999
 05/04  11:00:00,271.988219653,96.12956172540001
 05/04  12:00:00,256.89448405400003,80.4827449254
 05/04  13:00:00,255.71361648299998,68.15050497840001
 05/04  14:00:00,252.429279195,58.6214550539
 05/04  15:00:00,248.350043038,56.2474603329
 05/04  16:00:00,250.66133501,48.9199429947
 05/04  17:00:00,252.182544746,48.9553970193
 05/04  18:00:00,248.95932092900003,62.7942087112
 05/04  19:00:00,234.074038618,81.5233321539
 05/04  20:00:00,211.672430771,97.5300388881
 05/04  21:00:00,156.814222231,72.1725637956
 05/04  22:00:00,98.7803965958,2.355
 05/04  23:00:00,131.128667954,3.4993352036300003
 05/04  24:00:00,103.46289680299999,2.355
 05/05  01:00:00,94.82107462649999,2.355
 05/05  02:00:00,93.6862144805,3.4992968234300004
 05/05  03:00:00,92.8110491751,2.355
 05/05  04:00:00,114.05604052,2.355
 05/05  05:00:00,113.14968853,2.355
 05/05  06:00:00,156.633882468,212.712998403
 05/05  07:00:00,159.184249438,198.05393474099998
 05/05  08:00:00,225.862545873,176.532073108
 05/05  09:00:00,256.36025448099997,135.419250743
 05/05  10:00:00,251.108967695,112.09794879100001
 05/05  11:00:00,283.65140451599996,80.6548625938
 05/05  12:00:00,269.340864247,69.265131073
 05/05  13:00:00,265.23685982,70.5227156566
 05/05  14:00:00,259.135662462,70.0344310232
 05/05  15:00:00,259.491223618,55.143721928299996
 05/05  16:00:00,260.96699726599996,43.102492860299996
 05/05  17:00:00,255.357127867,54.004501795
 05/05  18:00:00,250.88696179,72.7360445911
 05/05  19:00:00,225.388736608,102.600509581
 05/05  20:00:00,199.825829863,123.455063287
 05/05  21:00:00,145.3562336,112.16933242200001
 05/05  22:00:00,90.6411463548,2.355
 05/05  23:00:00,124.036367795,3.49935481755
 05/05  24:00:00,93.55679195649999,2.355
 05/06  01:00:00,83.2198413821,2.91561840958
 05/06  02:00:00,81.9003466583,1.77125
 05/06  03:00:00,80.61132085,1.77125
 05/06  04:00:00,86.24116200379999,2.9155747019400002
 05/06  05:00:00,85.3092100771,1.77125
 05/06  06:00:00,115.932783172,318.63957091099996
 05/06  07:00:00,122.779304647,295.93556331
 05/06  08:00:00,186.57946419200002,253.17236353299998
 05/06  09:00:00,205.801733097,214.574863608
 05/06  10:00:00,232.11695412,184.978768494
 05/06  11:00:00,263.660458188,159.389513902
 05/06  12:00:00,246.823871793,138.480747667
 05/06  13:00:00,248.215795117,110.650291135
 05/06  14:00:00,248.135553166,87.75583176319999
 05/06  15:00:00,247.01227499,71.6502695385
 05/06  16:00:00,248.565096341,60.2427858627
 05/06  17:00:00,248.102803468,61.0112465211
 05/06  18:00:00,229.80914701700002,83.4189393796
 05/06  19:00:00,185.810166127,94.1092680482
 05/06  20:00:00,178.162958452,109.567313099
 05/06  21:00:00,137.108728785,96.799307239
 05/06  22:00:00,91.358448209,2.9157903306999997
 05/06  23:00:00,124.92114963600001,1.77125
 05/06  24:00:00,96.8315178476,2.9156855788
 05/07  01:00:00,89.38417400290001,1.77125
 05/07  02:00:00,88.7042576365,2.9155291702499997
 05/07  03:00:00,87.8769246375,1.77125
 05/07  04:00:00,93.72626036700001,1.77125
 05/07  05:00:00,92.6444811762,2.91550628201
 05/07  06:00:00,123.881865569,257.67095597900004
 05/07  07:00:00,133.010606714,244.539035496
 05/07  08:00:00,168.060198796,214.745307824
 05/07  09:00:00,143.31816173299998,204.390686448
 05/07  10:00:00,176.17085645400002,187.268103111
 05/07  11:00:00,205.267875249,181.724749615
 05/07  12:00:00,215.057788245,170.119154853
 05/07  13:00:00,214.573505273,166.253529555
 05/07  14:00:00,210.523722625,168.462513277
 05/07  15:00:00,206.508483939,171.910501165
 05/07  16:00:00,206.38609604799998,170.364340499
 05/07  17:00:00,177.460418436,194.58264984299998
 05/07  18:00:00,181.69725186,204.941310958
 05/07  19:00:00,163.414354181,208.413240015
 05/07  20:00:00,160.55859409,212.16461425900002
 05/07  21:00:00,151.042724317,178.832205472
 05/07  22:00:00,91.08848688309999,2.9156380756700004
 05/07  23:00:00,125.063311936,1.77125
 05/07  24:00:00,95.0785749052,1.77125
 05/08  01:00:00,89.3446282608,3.4992409797099997
 05/08  02:00:00,88.0648340893,2.355
 05/08  03:00:00,87.296186997,2.355
 05/08  04:00:00,93.18095150209999,3.4992801925199997
 05/08  05:00:00,91.76645403090001,2.355
 05/08  06:00:00,133.68488911,318.64403275
 05/08  07:00:00,141.302205359,276.95744422
 05/08  08:00:00,217.87976251,225.46518211400002
 05/08  09:00:00,246.480758993,171.265195416
 05/08  10:00:00,241.336497268,134.843062132
 05/08  11:00:00,273.384099286,103.83245354799999
 05/08  12:00:00,258.031527793,86.037666387
 05/08  13:00:00,256.996370631,69.9788377915
 05/08  14:00:00,255.099894744,52.3274756276
 05/08  15:00:00,254.247197574,35.1829746462
 05/08  16:00:00,256.455619087,26.547949975
 05/08  17:00:00,256.089405537,26.5718156935
 05/08  18:00:00,250.84072420200002,39.6258072005
 05/08  19:00:00,232.895653045,62.9747967275
 05/08  20:00:00,209.138217575,80.4775554547
 05/08  21:00:00,154.75470426299998,59.8926794193
 05/08  22:00:00,96.4186359851,3.49943527416
 05/08  23:00:00,130.210398172,2.355
 05/08  24:00:00,102.800975526,2.355
 05/09  01:00:00,93.87231888459999,3.4992615121599995
 05/09  02:00:00,93.1681478141,2.355
 05/09  03:00:00,92.3436685468,2.355
 05/09  04:00:00,115.17474853899999,3.4992359336699996
 05/09  05:00:00,116.21656482600001,2.355
 05/09  06:00:00,161.03664889700002,174.509151777
 05/09  07:00:00,165.847568456,172.84886536
 05/09  08:00:00,233.830921105,147.299136343
 05/09  09:00:00,264.51990276,113.88866840000001
 05/09  10:00:00,260.25233422400004,90.8981391942
 05/09  11:00:00,288.201360744,65.52291631060001
 05/09  12:00:00,268.847116171,54.648809512700005
 05/09  13:00:00,260.98996502200004,48.8400913983
 05/09  14:00:00,255.36598635599998,40.9685042726
 05/09  15:00:00,249.923238135,39.8223588519
 05/09  16:00:00,246.231565986,49.626415268500004
 05/09  17:00:00,244.268435818,52.5559107531
 05/09  18:00:00,242.149052922,60.2587278437
 05/09  19:00:00,218.00708271099998,75.6157095828
 05/09  20:00:00,194.686759835,98.9096748532
 05/09  21:00:00,142.828426483,73.3414188939
 05/09  22:00:00,88.40176426030001,3.4993269445699995
 05/09  23:00:00,121.655676289,2.355
 05/09  24:00:00,92.8474620848,3.4992315556099998
 05/10  01:00:00,84.9003762864,2.355
 05/10  02:00:00,84.3042328119,2.355
 05/10  03:00:00,83.9315946528,2.355
 05/10  04:00:00,90.49120541229999,3.49922721391
 05/10  05:00:00,90.27853385729999,2.355
 05/10  06:00:00,133.905915093,221.02083547700002
 05/10  07:00:00,142.027764278,207.49140722599998
 05/10  08:00:00,219.964243271,172.36112657099997
 05/10  09:00:00,250.780413685,129.563254478
 05/10  10:00:00,242.902258022,105.79625633200001
 05/10  11:00:00,273.65044706,85.6357189278
 05/10  12:00:00,254.75701702599997,81.8478877089
 05/10  13:00:00,249.24420172,79.4640320653
 05/10  14:00:00,247.430848266,63.6602022003
 05/10  15:00:00,245.17976913200002,48.6786427582
 05/10  16:00:00,245.18137583799998,42.3252489329
 05/10  17:00:00,245.04520113400002,41.3069537022
 05/10  18:00:00,244.263469159,46.6263435376
 05/10  19:00:00,228.26108384,62.6325311086
 05/10  20:00:00,203.256700011,87.2653459675
 05/10  21:00:00,148.469039818,64.47622594020001
 05/10  22:00:00,88.6203158877,3.4994714882699998
 05/10  23:00:00,121.95347691799999,2.355
 05/10  24:00:00,92.77433447,3.4992588755500003
 05/11  01:00:00,84.8021038233,2.355
 05/11  02:00:00,84.5414138456,2.355
 05/11  03:00:00,84.565177843,2.355
 05/11  04:00:00,91.1450796023,3.49925383703
 05/11  05:00:00,90.3747527215,2.355
 05/11  06:00:00,134.43386941100002,211.978225699
 05/11  07:00:00,143.596863251,195.05633684400001
 05/11  08:00:00,220.660336001,170.597324103
 05/11  09:00:00,250.817857529,144.701689925
 05/11  10:00:00,246.12180655900002,130.092965268
 05/11  11:00:00,279.732490686,112.82934407200001
 05/11  12:00:00,266.655054803,103.645646913
 05/11  13:00:00,264.545822874,99.33980104870001
 05/11  14:00:00,263.00267457,81.9613203977
 05/11  15:00:00,264.804288327,53.966782718400005
 05/11  16:00:00,270.048133978,36.8813272648
 05/11  17:00:00,273.648764867,25.0300805119
 05/11  18:00:00,270.536324622,28.367666243600002
 05/11  19:00:00,254.584347415,56.5944848818
 05/11  20:00:00,226.195288337,89.25497896280001
 05/11  21:00:00,162.457137128,76.52516598380001
 05/11  22:00:00,101.10548616,3.4994672491500003
 05/11  23:00:00,132.552651994,2.355
 05/11  24:00:00,102.17769004799999,3.49925414867
 05/12  01:00:00,92.76270863069999,2.355
 05/12  02:00:00,90.443719986,2.355
 05/12  03:00:00,89.0013148109,2.355
 05/12  04:00:00,110.22405266,3.4992483805300005
 05/12  05:00:00,109.37441144,2.355
 05/12  06:00:00,151.883955362,236.108879557
 05/12  07:00:00,151.79224503,223.64053121400002
 05/12  08:00:00,218.895726257,195.93296301900003
 05/12  09:00:00,246.037986336,159.642453704
 05/12  10:00:00,239.04003842,136.164753521
 05/12  11:00:00,269.237831268,114.70747317700001
 05/12  12:00:00,251.825489317,99.70941795450001
 05/12  13:00:00,250.36986450400002,84.9518012712
 05/12  14:00:00,247.98895168599998,70.5282475064
 05/12  15:00:00,245.405698497,58.947209207700006
 05/12  16:00:00,245.750731067,55.787331963199996
 05/12  17:00:00,244.68685138400002,59.927726470399996
 05/12  18:00:00,240.77963711299998,71.3988917947
 05/12  19:00:00,216.422782341,86.2318654132
 05/12  20:00:00,192.66783031900002,109.213269096
 05/12  21:00:00,138.697114785,96.2415378816
 05/12  22:00:00,83.9084504312,3.4994681209199996
 05/12  23:00:00,118.129925505,2.355
 05/12  24:00:00,88.6367594408,3.4992173234900004
 05/13  01:00:00,78.501103084,1.77125
 05/13  02:00:00,77.9159011507,1.77125
 05/13  03:00:00,77.56512478020001,2.91551236288
 05/13  04:00:00,83.68060698010001,1.77125
 05/13  05:00:00,82.7338942519,1.77125
 05/13  06:00:00,114.51443919100001,322.29127852700003
 05/13  07:00:00,120.771559591,279.372965756
 05/13  08:00:00,184.423035766,226.30586009099997
 05/13  09:00:00,202.46031037400002,182.19919730400002
 05/13  10:00:00,229.963365123,146.952196002
 05/13  11:00:00,261.90607097,126.186031377
 05/13  12:00:00,246.398142566,104.778834854
 05/13  13:00:00,246.905064597,79.52477849350001
 05/13  14:00:00,245.554648372,59.183356054899996
 05/13  15:00:00,242.53890762900002,46.9043787616
 05/13  16:00:00,244.03433960400002,39.0039947421
 05/13  17:00:00,243.47712594900003,38.8065949709
 05/13  18:00:00,227.29275945,56.8889511388
 05/13  19:00:00,181.543305594,71.6342984345
 05/13  20:00:00,171.145868374,89.9663048334
 05/13  21:00:00,134.825893877,74.4661440578
 05/13  22:00:00,87.4781745719,1.77125
 05/13  23:00:00,120.541479002,2.9156233483499996
 05/13  24:00:00,92.66798385850001,1.77125
 05/14  01:00:00,84.4990125268,1.77125
 05/14  02:00:00,83.8573297025,2.9155388666500004
 05/14  03:00:00,83.2771423539,1.77125
 05/14  04:00:00,89.249786053,1.77125
 05/14  05:00:00,88.23448464020001,2.91551419505
 05/14  06:00:00,119.54432276799999,256.929712516
 05/14  07:00:00,128.45624351700002,225.23635773700002
 05/14  08:00:00,165.332731038,186.038756407
 05/14  09:00:00,142.796328706,159.085933705
 05/14  10:00:00,180.099481413,123.97107624899999
 05/14  11:00:00,211.963111266,100.49017952
 05/14  12:00:00,224.136887908,79.4830044871
 05/14  13:00:00,222.56577888,66.28503641649999
 05/14  14:00:00,219.782411325,54.740794435699996
 05/14  15:00:00,217.81928538,49.2010115374
 05/14  16:00:00,219.321209693,44.708737683100004
 05/14  17:00:00,188.919755485,54.8246401279
 05/14  18:00:00,194.472884055,63.3504884167
 05/14  19:00:00,177.14809350299998,71.95460294109999
 05/14  20:00:00,168.827634419,82.02527121140001
 05/14  21:00:00,160.600278221,48.3790256486
 05/14  22:00:00,98.8085925322,2.91558114727
 05/14  23:00:00,131.907238729,1.77125
 05/14  24:00:00,102.58332631299999,1.77125
 05/15  01:00:00,96.7381533024,3.4992518140199995
 05/15  02:00:00,98.2973413194,2.355
 05/15  03:00:00,99.712663115,2.355
 05/15  04:00:00,107.925619278,3.4992143809400003
 05/15  05:00:00,109.106970444,2.355
 05/15  06:00:00,156.119107382,119.496407195
 05/15  07:00:00,174.65787041299998,120.37181433299999
 05/15  08:00:00,252.719010948,98.8455596013
 05/15  09:00:00,284.245442087,73.444686018
 05/15  10:00:00,280.208460344,65.0988612138
 05/15  11:00:00,299.220125569,60.3038555495
 05/15  12:00:00,285.103523827,58.864405417
 05/15  13:00:00,282.658947642,57.164485626099996
 05/15  14:00:00,275.717631225,53.7480122728
 05/15  15:00:00,270.26425723799997,50.1915435421
 05/15  16:00:00,268.368634557,53.6208299938
 05/15  17:00:00,267.277730709,58.468426247299995
 05/15  18:00:00,262.434349601,66.96239556399999
 05/15  19:00:00,248.628069342,78.5321485567
 05/15  20:00:00,222.146167075,86.9857809648
 05/15  21:00:00,166.029296896,64.60429805439999
 05/15  22:00:00,105.51468771100001,2.355
 05/15  23:00:00,136.098171708,3.49935728036
 05/15  24:00:00,106.509540931,2.355
 05/16  01:00:00,97.0399577169,2.355
 05/16  02:00:00,94.3695042284,3.4992641926999997
 05/16  03:00:00,92.0727441683,2.355
 05/16  04:00:00,112.258031838,2.355
 05/16  05:00:00,110.705611586,3.4992181320599998
 05/16  06:00:00,152.532433085,247.323430602
 05/16  07:00:00,151.938419205,245.14144347799999
 05/16  08:00:00,218.055642307,225.32810344400002
 05/16  09:00:00,243.779583278,197.12690004099997
 05/16  10:00:00,234.535859054,185.034403887
 05/16  11:00:00,265.101199828,161.507833473
 05/16  12:00:00,246.89875771400003,145.330446618
 05/16  13:00:00,246.08124710299998,129.788271352
 05/16  14:00:00,245.18161863900002,111.78761228399999
 05/16  15:00:00,244.47792602,95.00696012030001
 05/16  16:00:00,246.499385112,87.1081932128
 05/16  17:00:00,247.421764413,83.4452011403
 05/16  18:00:00,245.12342724400003,86.1495472828
 05/16  19:00:00,223.43621573,96.61973002290001
 05/16  20:00:00,198.066763124,110.808193099
 05/16  21:00:00,148.507604811,84.6712745711
 05/16  22:00:00,94.55332742809999,2.355
 05/16  23:00:00,127.01872235799999,3.49936143871
 05/16  24:00:00,97.8373177549,2.355
 05/17  01:00:00,89.3742183299,2.355
 05/17  02:00:00,87.7155130396,3.49924397975
 05/17  03:00:00,86.4310109243,2.355
 05/17  04:00:00,91.8104072967,2.355
 05/17  05:00:00,90.3898684231,2.355
 05/17  06:00:00,132.975226223,268.603995767
 05/17  07:00:00,140.199472893,242.64372372900002
 05/17  08:00:00,216.80613887099997,209.27889346599997
 05/17  09:00:00,243.868954125,168.15853666700002
 05/17  10:00:00,236.500830065,146.35676507899998
 05/17  11:00:00,268.213390468,128.096065495
 05/17  12:00:00,252.400927999,111.923360495
 05/17  13:00:00,254.41359729599998,85.75697056029999
 05/17  14:00:00,253.774485184,66.61804291060001
 05/17  15:00:00,252.706199485,51.215764235500004
 05/17  16:00:00,252.32279381799998,55.8174671488
 05/17  17:00:00,250.04119045,67.2912326731
 05/17  18:00:00,245.34991146099998,78.5379063501
 05/17  19:00:00,229.62258668,94.93887224209999
 05/17  20:00:00,201.353983075,115.510376499
 05/17  21:00:00,148.70549718700002,103.843213301
 05/17  22:00:00,90.0615732893,2.355
 05/17  23:00:00,123.819251307,2.355
 05/17  24:00:00,94.2083998758,3.4992473377
 05/18  01:00:00,86.1428747313,2.355
 05/18  02:00:00,85.396069653,2.355
 05/18  03:00:00,84.8351872344,3.4992376110100003
 05/18  04:00:00,90.99156336530001,2.355
 05/18  05:00:00,90.0739879493,2.355
 05/18  06:00:00,129.62485346100001,293.81063176099997
 05/18  07:00:00,141.842566452,255.16040035400002
 05/18  08:00:00,219.585850587,203.272910262
 05/18  09:00:00,248.490135365,157.01910308700002
 05/18  10:00:00,239.410688041,141.481513707
 05/18  11:00:00,269.795821558,125.82763913
 05/18  12:00:00,252.970330346,114.221614275
 05/18  13:00:00,251.235253307,103.479644623
 05/18  14:00:00,249.068764198,89.6993684912
 05/18  15:00:00,246.500255343,78.87302979520001
 05/18  16:00:00,246.785742967,75.6950085021
 05/18  17:00:00,246.78069722900003,76.4765215085
 05/18  18:00:00,243.57208671700002,83.92933368119999
 05/18  19:00:00,228.61529446400002,95.3133281118
 05/18  20:00:00,202.522130384,110.717206891
 05/18  21:00:00,150.811405677,95.96697701069999
 05/18  22:00:00,92.6614677181,3.49945504327
 05/18  23:00:00,126.25556063100001,2.355
 05/18  24:00:00,97.0619889461,3.49922128825
 05/19  01:00:00,89.08071947030001,2.355
 05/19  02:00:00,88.46887408069999,2.355
 05/19  03:00:00,88.0347437258,2.355
 05/19  04:00:00,109.90823079299999,3.49901020629
 05/19  05:00:00,109.386020358,2.355
 05/19  06:00:00,149.2613578,250.265976906
 05/19  07:00:00,154.52841350399999,219.40772534799999
 05/19  08:00:00,224.52726867599998,169.76575259
 05/19  09:00:00,258.23479443,120.109835966
 05/19  10:00:00,252.34086009799998,95.77207251889999
 05/19  11:00:00,282.897086877,76.2503920859
 05/19  12:00:00,267.84269582,65.02828097279999
 05/19  13:00:00,264.862423298,52.271239763400004
 05/19  14:00:00,260.80024667,40.9639054891
 05/19  15:00:00,258.509361657,28.204805100500003
 05/19  16:00:00,259.697304539,23.6059892421
 05/19  17:00:00,258.28776865099996,27.055581882800002
 05/19  18:00:00,254.64111077799998,33.5398134019
 05/19  19:00:00,234.337290413,45.8875908288
 05/19  20:00:00,206.814689618,67.85901337850001
 05/19  21:00:00,154.697596951,55.9292624706
 05/19  22:00:00,101.237030608,3.49943443326
 05/19  23:00:00,133.509875521,2.355
 05/19  24:00:00,105.738426678,2.355
 05/20  01:00:00,94.4533314928,2.9155881826
 05/20  02:00:00,92.68798615819999,1.77125
 05/20  03:00:00,91.3766501158,1.77125
 05/20  04:00:00,97.0690099915,2.9155495988099998
 05/20  05:00:00,95.72462914309999,1.77125
 05/20  06:00:00,122.39400381,233.41496165900003
 05/20  07:00:00,136.704169275,198.749109365
 05/20  08:00:00,205.587583165,150.785557496
 05/20  09:00:00,234.84214965799998,100.205544353
 05/20  10:00:00,263.924693135,62.4118936363
 05/20  11:00:00,294.386113995,33.4825008342
 05/20  12:00:00,282.514185803,19.7187084768
 05/20  13:00:00,282.901651321,11.672918917999999
 05/20  14:00:00,280.183578373,11.672540263599998
 05/20  15:00:00,278.990861247,11.6725665505
 05/20  16:00:00,280.317676345,11.6725771377
 05/20  17:00:00,281.39324373799997,11.6725719727
 05/20  18:00:00,262.23830830400004,10.5943233977
 05/20  19:00:00,218.615826967,8.071468905549999
 05/20  20:00:00,201.688694382,15.6693906267
 05/20  21:00:00,157.44784899,6.501977201310001
 05/20  22:00:00,108.455339186,2.9156955523400003
 05/20  23:00:00,139.657414133,1.77125
 05/20  24:00:00,112.537323663,1.77125
 05/21  01:00:00,101.29382223399999,2.91556877191
 05/21  02:00:00,98.775851963,1.77125
 05/21  03:00:00,96.8063977041,1.77125
 05/21  04:00:00,102.266618235,2.91555785824
 05/21  05:00:00,100.32843165799999,1.77125
 05/21  06:00:00,126.53565994600001,151.050956971
 05/21  07:00:00,142.444796245,143.55062209
 05/21  08:00:00,183.78102896299998,101.613351693
 05/21  09:00:00,165.111791052,77.69011597810001
 05/21  10:00:00,202.55257989900002,45.92740346229999
 05/21  11:00:00,234.90828211,23.666608868
 05/21  12:00:00,255.82921411700002,10.5048346408
 05/21  13:00:00,258.289635332,10.5048769598
 05/21  14:00:00,256.814907902,10.5048534691
 05/21  15:00:00,257.333691988,9.36
 05/21  16:00:00,259.83802734299996,10.5049355462
 05/21  17:00:00,230.100345699,8.16973713111
 05/21  18:00:00,232.523586912,6.22016247061
 05/21  19:00:00,220.05359591200002,4.69
 05/21  20:00:00,205.772929536,6.33619558597
 05/21  21:00:00,184.02380644299998,5.83444043944
 05/21  22:00:00,117.356752907,1.77125
 05/21  23:00:00,148.44474254,1.77125
 05/21  24:00:00,123.34084403600001,2.91551689311
 05/22  01:00:00,113.09161009600001,2.355
 05/22  02:00:00,110.16270673,2.355
 05/22  03:00:00,107.60976738,3.4992140752699994
 05/22  04:00:00,112.885767315,2.355
 05/22  05:00:00,110.425514665,2.355
 05/22  06:00:00,150.341969054,95.54669923430001
 05/22  07:00:00,169.346396214,99.3497929165
 05/22  08:00:00,250.45569806400002,67.9161749174
 05/22  09:00:00,284.77245082,31.6601132615
 05/22  10:00:00,280.43004814200003,13.1025397031
 05/22  11:00:00,309.14691674200003,11.672858160399999
 05/22  12:00:00,305.911448042,12.8181875169
 05/22  13:00:00,307.695823558,11.6727542362
 05/22  14:00:00,303.897478181,11.6726746871
 05/22  15:00:00,300.197683164,11.6725965703
 05/22  16:00:00,301.015528772,11.6726134538
 05/22  17:00:00,299.677166175,11.672645940599999
 05/22  18:00:00,293.706319438,10.5050209087
 05/22  19:00:00,283.235811417,10.5047311312
 05/22  20:00:00,252.56067041900002,8.1925
 05/22  21:00:00,185.652298615,5.83467076396
 05/22  22:00:00,118.12599668899999,3.49941127482
 05/22  23:00:00,147.376124584,2.355
 05/22  24:00:00,122.555876342,2.355
 05/23  01:00:00,110.547448081,3.49923958856
 05/23  02:00:00,109.46154189299999,2.355
 05/23  03:00:00,108.524421622,2.355
 05/23  04:00:00,131.683798991,2.355
 05/23  05:00:00,129.791832554,3.4992605074300003
 05/23  06:00:00,168.174091037,98.5706649202
 05/23  07:00:00,176.122900742,110.261959624
 05/23  08:00:00,243.23600815,93.05291363469999
 05/23  09:00:00,274.75053996099996,67.04572183350001
 05/23  10:00:00,267.894549362,54.3960318472
 05/23  11:00:00,296.610779456,29.848987649899996
 05/23  12:00:00,286.390673735,15.386446725399999
 05/23  13:00:00,288.54266919599996,11.6727242547
 05/23  14:00:00,288.25457914099997,12.817774312300001
 05/23  15:00:00,287.116047568,11.6724464047
 05/23  16:00:00,289.532991977,11.672465033699998
 05/23  17:00:00,284.90227887,11.6724992254
 05/23  18:00:00,276.44230316,9.36
 05/23  19:00:00,253.023374518,12.331894936900001
 05/23  20:00:00,222.768457799,30.600581577399996
 05/23  21:00:00,164.43977259,20.6786172502
 05/23  22:00:00,109.058404174,2.355
 05/23  23:00:00,140.213883286,2.355
 05/23  24:00:00,112.406028498,3.4992692214599996
 05/24  01:00:00,102.43231497,2.355
 05/24  02:00:00,100.265660335,2.355
 05/24  03:00:00,98.8754853659,3.4992551815800006
 05/24  04:00:00,106.22911120799999,2.355
 05/24  05:00:00,105.85821799799999,2.355
 05/24  06:00:00,145.235279395,118.30635245299999
 05/24  07:00:00,161.32908827100002,128.27076881899998
 05/24  08:00:00,237.38124375,117.23808988200001
 05/24  09:00:00,264.870121485,100.670353901
 05/24  10:00:00,258.240813342,93.59551023530001
 05/24  11:00:00,286.630750661,82.5165512792
 05/24  12:00:00,272.73909995099996,76.199542585
 05/24  13:00:00,273.06305740700003,69.127996573
 05/24  14:00:00,271.00547994,57.9891132117
 05/24  15:00:00,271.82123044,37.8367627997
 05/24  16:00:00,274.515302555,27.5925870903
 05/24  17:00:00,275.93046518799997,20.8416197763
 05/24  18:00:00,273.260067778,17.908860139
 05/24  19:00:00,263.144628668,21.845512111799998
 05/24  20:00:00,234.948902309,42.2006901844
 05/24  21:00:00,176.33431799299998,21.2958426358
 05/24  22:00:00,115.319561669,3.49942304564
 05/24  23:00:00,144.103466608,2.355
 05/24  24:00:00,117.58163331799999,2.355
 05/25  01:00:00,108.87933860700001,3.4992812835000002
 05/25  02:00:00,108.04540332,2.355
 05/25  03:00:00,107.85044978100001,2.355
 05/25  04:00:00,114.911870239,3.49923738823
 05/25  05:00:00,114.407565769,2.355
 05/25  06:00:00,153.52380169,115.397525033
 05/25  07:00:00,168.834844564,129.491466147
 05/25  08:00:00,244.007956058,109.256834096
 05/25  09:00:00,272.653645862,90.5577516825
 05/25  10:00:00,266.175971407,82.3048000035
 05/25  11:00:00,293.75657274,60.8964954837
 05/25  12:00:00,281.709141853,45.688989776999996
 05/25  13:00:00,281.490461659,38.4297353021
 05/25  14:00:00,275.991937266,29.372650628200002
 05/25  15:00:00,273.325252976,14.229183409300001
 05/25  16:00:00,275.614553722,11.672529577799999
 05/25  17:00:00,275.546897049,11.6725590806
 05/25  18:00:00,265.866519006,30.185609186500002
 05/25  19:00:00,249.985842857,54.023053147
 05/25  20:00:00,223.90775713,74.1111826161
 05/25  21:00:00,170.394584928,48.399098608500005
 05/25  22:00:00,112.82149096200001,2.355
 05/25  23:00:00,144.644140833,3.4993192971199996
 05/25  24:00:00,117.654909061,2.355
 05/26  01:00:00,107.83782214700001,2.355
 05/26  02:00:00,106.36508383700001,2.355
 05/26  03:00:00,104.941959708,3.4992357722000005
 05/26  04:00:00,127.280329277,2.355
 05/26  05:00:00,124.26827517299999,2.355
 05/26  06:00:00,159.25541644,185.00752467
 05/26  07:00:00,160.472495853,208.83507288799998
 05/26  08:00:00,222.742555232,205.93434644200002
 05/26  09:00:00,247.80027673,184.339349113
 05/26  10:00:00,237.438146561,179.391177915
 05/26  11:00:00,266.769921541,176.606626461
 05/26  12:00:00,247.540684305,171.830994814
 05/26  13:00:00,245.343165207,163.478936861
 05/26  14:00:00,242.69776018599998,145.019437808
 05/26  15:00:00,239.91324531700002,132.91712289
 05/26  16:00:00,239.54199005400002,131.412674965
 05/26  17:00:00,238.675077722,131.13982031700002
 05/26  18:00:00,234.962058458,138.52401275100001
 05/26  19:00:00,211.76178110900003,146.757875203
 05/26  20:00:00,188.034323761,155.00453725100002
 05/26  21:00:00,140.232033979,145.720685356
 05/26  22:00:00,87.44715972450001,3.4994093477699995
 05/26  23:00:00,122.27122162299999,2.355
 05/26  24:00:00,92.6672573896,2.355
 05/27  01:00:00,83.04189926229999,2.91556892597
 05/27  02:00:00,82.1723428985,1.77125
 05/27  03:00:00,81.2836109254,1.77125
 05/27  04:00:00,86.86150987069999,2.91554009532
 05/27  05:00:00,85.586707722,1.77125
 05/27  06:00:00,113.095117534,343.595399397
 05/27  07:00:00,124.62443129,299.37563321700003
 05/27  08:00:00,188.55939954599998,247.248514785
 05/27  09:00:00,209.778448142,187.723561218
 05/27  10:00:00,240.014100953,146.125039553
 05/27  11:00:00,272.18066811,120.071972685
 05/27  12:00:00,256.56384516599996,101.32168597200001
 05/27  13:00:00,255.735200863,78.7553266764
 05/27  14:00:00,251.419047709,66.0296930396
 05/27  15:00:00,247.12303977099998,56.64724316149999
 05/27  16:00:00,246.628888243,47.905917166
 05/27  17:00:00,245.285615961,48.1560907994
 05/27  18:00:00,226.871706934,67.5505744207
 05/27  19:00:00,180.14441556,82.2815165906
 05/27  20:00:00,169.2552907,100.171732115
 05/27  21:00:00,131.117542517,90.7831176247
 05/27  22:00:00,83.3522369546,1.77125
 05/27  23:00:00,117.57707166700001,2.9156954127599994
 05/27  24:00:00,88.90653109600001,1.77125
 05/28  01:00:00,81.3087039216,2.91556685673
 05/28  02:00:00,80.8553566833,1.77125
 05/28  03:00:00,80.4014637758,1.77125
 05/28  04:00:00,86.5922923142,2.9155420153400002
 05/28  05:00:00,85.9823629755,1.77125
 05/28  06:00:00,113.84284970600001,279.66615093
 05/28  07:00:00,125.60290406600001,247.268188131
 05/28  08:00:00,164.566926489,191.41732837900003
 05/28  09:00:00,144.522962536,157.631397445
 05/28  10:00:00,184.86729789900002,116.166196287
 05/28  11:00:00,219.657304193,85.0371336296
 05/28  12:00:00,236.787983407,58.590382871
 05/28  13:00:00,237.520691929,41.8476046731
 05/28  14:00:00,233.577165225,28.7252132069
 05/28  15:00:00,226.74967964799998,25.6731825677
 05/28  16:00:00,228.975550744,20.4448903076
 05/28  17:00:00,201.173206647,19.1559332081
 05/28  18:00:00,205.19575636099998,23.517061720300003
 05/28  19:00:00,187.508973295,35.3981325564
 05/28  20:00:00,172.835696236,49.936519600100006
 05/28  21:00:00,165.816415986,23.315446904899996
 05/28  22:00:00,103.78137526299999,2.91564078389
 05/28  23:00:00,135.501283299,1.77125
 05/28  24:00:00,108.70069026700001,1.77125
 05/29  01:00:00,98.55985076120001,2.91551864353
 05/29  02:00:00,96.89144129379999,1.77125
 05/29  03:00:00,96.9565807291,1.77125
 05/29  04:00:00,104.701481144,2.91549687178
 05/29  05:00:00,105.249416414,1.77125
 05/29  06:00:00,135.340398617,132.49925248
 05/29  07:00:00,155.130809349,124.904677944
 05/29  08:00:00,190.90580558,102.04984222
 05/29  09:00:00,168.77933225299998,91.01974266629999
 05/29  10:00:00,204.353234554,61.61707479729999
 05/29  11:00:00,234.902839072,40.3700963956
 05/29  12:00:00,251.821276505,21.0065593398
 05/29  13:00:00,249.560699003,12.492255670799999
 05/29  14:00:00,244.700185565,9.36
 05/29  15:00:00,240.76983533700002,10.504824378099999
 05/29  16:00:00,242.048715245,10.5048791813
 05/29  17:00:00,210.722506615,8.16983849212
 05/29  18:00:00,211.723651953,7.33090791296
 05/29  19:00:00,194.432317735,18.2600539363
 05/29  20:00:00,178.558624463,35.8702583041
 05/29  21:00:00,168.3074235,20.3627221975
 05/29  22:00:00,105.790577451,2.91556040005
 05/29  23:00:00,138.714896157,1.77125
 05/29  24:00:00,112.294567377,1.77125
 05/30  01:00:00,103.85038670000002,3.4992920046499996
 05/30  02:00:00,101.999279969,2.355
 05/30  03:00:00,100.492201561,2.355
 05/30  04:00:00,124.114723528,2.355
 05/30  05:00:00,123.95739012899999,3.4992412615300004
 05/30  06:00:00,166.090447249,98.7400607213
 05/30  07:00:00,177.06897208200002,95.7733299435
 05/30  08:00:00,247.131406511,70.5288706444
 05/30  09:00:00,281.628004197,39.3867363443
 05/30  10:00:00,279.049170294,18.2951806361
 05/30  11:00:00,309.286262493,11.672740099
 05/30  12:00:00,305.21865110000005,11.6727464894
 05/30  13:00:00,311.320693015,11.672667800000001
 05/30  14:00:00,308.626369965,11.672656418699999
 05/30  15:00:00,306.77558391,11.6726009727
 05/30  16:00:00,309.709422443,11.672592243399999
 05/30  17:00:00,308.87088778099996,11.672598841700001
 05/30  18:00:00,301.22344862299997,10.5049976549
 05/30  19:00:00,282.141459434,10.5047586336
 05/30  20:00:00,249.929772883,10.567184207
 05/30  21:00:00,187.04998066099998,5.83454235008
 05/30  22:00:00,128.051476858,2.355
 05/30  23:00:00,155.862213761,2.355
 05/30  24:00:00,133.533209524,3.49923798438
 05/31  01:00:00,124.21877259799999,2.355
 05/31  02:00:00,124.102815893,2.355
 05/31  03:00:00,123.88825726700001,3.49921862696
 05/31  04:00:00,132.28307642,2.355
 05/31  05:00:00,131.799961464,2.355
 05/31  06:00:00,173.80543506,13.1285065978
 05/31  07:00:00,193.394088096,38.9869338386
 05/31  08:00:00,270.411586045,21.9510848523
 05/31  09:00:00,303.90713219099996,11.6723133413
 05/31  10:00:00,297.606439858,11.672476783699999
 05/31  11:00:00,314.184898186,11.6727729228
 05/31  12:00:00,307.993086584,12.8179553386
 05/31  13:00:00,308.709501874,11.6728919322
 05/31  14:00:00,296.154982195,11.6725118758
 05/31  15:00:00,288.35960678,11.6724162779
 05/31  16:00:00,283.749919343,11.6724132457
 05/31  17:00:00,278.746500063,11.672583296900001
 05/31  18:00:00,272.926975867,10.504995276499999
 05/31  19:00:00,260.39306878400004,9.36
 05/31  20:00:00,224.614058125,10.1403662028
 05/31  21:00:00,167.501833701,5.8345448924
 05/31  22:00:00,106.325495009,2.355
 05/31  23:00:00,138.693035116,3.4993018560699998
 05/31  24:00:00,111.70706531399999,2.355
 06/01  01:00:00,102.578280173,2.355
 06/01  02:00:00,103.906295731,3.4992470734900003
 06/01  03:00:00,104.74229219899999,2.355
 06/01  04:00:00,111.79986842299999,2.355
 06/01  05:00:00,109.950586892,2.355
 06/01  06:00:00,148.90641461299998,94.1808138761
 06/01  07:00:00,165.216734467,111.279833868
 06/01  08:00:00,243.316200234,89.4460707203
 06/01  09:00:00,274.203595275,59.5991425205
 06/01  10:00:00,268.363231021,42.3867138978
 06/01  11:00:00,296.25678487700003,24.7943857236
 06/01  12:00:00,286.604293257,12.2188569133
 06/01  13:00:00,289.616682695,11.6728728128
 06/01  14:00:00,282.146426508,11.6725331617
 06/01  15:00:00,277.538662714,11.6724545799
 06/01  16:00:00,276.247504801,11.6724455649
 06/01  17:00:00,274.50249168,11.6724516302
 06/01  18:00:00,269.019660359,10.5050383301
 06/01  19:00:00,255.56136624299998,10.8905865369
 06/01  20:00:00,226.517237588,14.6087928744
 06/01  21:00:00,175.768562924,5.8346584054
 06/01  22:00:00,115.10861787799999,3.4993897127999998
 06/01  23:00:00,145.429486117,2.355
 06/01  24:00:00,120.902218761,2.355
 06/02  01:00:00,110.216969409,2.355
 06/02  02:00:00,109.343094798,3.4992848893699997
 06/02  03:00:00,109.212235924,2.355
 06/02  04:00:00,132.78409321700002,2.355
 06/02  05:00:00,132.332762781,3.49922853117
 06/02  06:00:00,171.441008314,78.2863697689
 06/02  07:00:00,178.229433838,108.70340005700001
 06/02  08:00:00,242.49693651,100.913347319
 06/02  09:00:00,271.15529557400004,78.0415712875
 06/02  10:00:00,265.658952189,63.5003279701
 06/02  11:00:00,292.12354961299997,45.480405249700006
 06/02  12:00:00,279.352224127,33.345091263
 06/02  13:00:00,280.593201831,19.8394838746
 06/02  14:00:00,275.097558896,13.633168058199999
 06/02  15:00:00,270.378906927,11.672464055799999
 06/02  16:00:00,269.422477452,11.672449066199999
 06/02  17:00:00,268.41791901700003,15.130411468399998
 06/02  18:00:00,263.17626314299997,20.699610702
 06/02  19:00:00,242.37643138299998,28.8475131862
 06/02  20:00:00,213.150035887,40.6575372524
 06/02  21:00:00,162.481054075,22.2443616603
 06/02  22:00:00,107.54947773200001,3.49940858736
 06/02  23:00:00,138.503650717,2.355
 06/02  24:00:00,112.018421873,2.355
 06/03  01:00:00,100.58381894700001,2.91557356053
 06/03  02:00:00,99.77219836219999,1.77125
 06/03  03:00:00,98.8101832723,1.77125
 06/03  04:00:00,102.74699190700001,2.91555385261
 06/03  05:00:00,100.697277376,1.77125
 06/03  06:00:00,126.17085975200001,143.921320644
 06/03  07:00:00,138.931479894,151.214642153
 06/03  08:00:00,203.22081712099998,123.81239313200001
 06/03  09:00:00,227.670860565,94.2939333515
 06/03  10:00:00,253.243917821,73.1945969815
 06/03  11:00:00,284.111687546,50.684580754399995
 06/03  12:00:00,268.47590118,40.0879776263
 06/03  13:00:00,265.853060518,30.4853423881
 06/03  14:00:00,262.80375932,19.9092280196
 06/03  15:00:00,259.152237499,12.995572230399999
 06/03  16:00:00,260.364117018,11.6726394231
 06/03  17:00:00,261.933653165,11.672600366800001
 06/03  18:00:00,243.553517854,18.3320850068
 06/03  19:00:00,198.712006036,32.364975563
 06/03  20:00:00,181.73789022900002,53.454398548
 06/03  21:00:00,143.762464926,40.366197142800004
 06/03  22:00:00,94.2748032941,1.77125
 06/03  23:00:00,126.237171605,2.9156679452599996
 06/03  24:00:00,98.0591366608,1.77125
 06/04  01:00:00,89.6830202565,1.77125
 06/04  02:00:00,88.70862811120001,2.91551087235
 06/04  03:00:00,87.81983468979999,1.77125
 06/04  04:00:00,93.89762133459999,1.77125
 06/04  05:00:00,93.2079203199,2.9155508007499997
 06/04  06:00:00,121.535803163,193.540051375
 06/04  07:00:00,135.064870333,185.67939017
 06/04  08:00:00,171.43041086600002,146.898148414
 06/04  09:00:00,147.83165989399998,123.485537408
 06/04  10:00:00,182.851997524,102.176838927
 06/04  11:00:00,214.415412136,83.1335943034
 06/04  12:00:00,228.733649776,54.7012687822
 06/04  13:00:00,229.501672422,35.2920726325
 06/04  14:00:00,228.147796608,22.2901387986
 06/04  15:00:00,225.457615673,17.1935105146
 06/04  16:00:00,226.70676835900002,14.002893222
 06/04  17:00:00,195.91236524599998,22.9735280262
 06/04  18:00:00,199.73511600700002,30.862699530700002
 06/04  19:00:00,182.93490417299998,41.4403419262
 06/04  20:00:00,168.86695868200002,58.2644375355
 06/04  21:00:00,162.274407317,37.7347919272
 06/04  22:00:00,101.025633576,1.77125
 06/04  23:00:00,131.781681291,2.9155200890400006
 06/04  24:00:00,103.59377068799999,1.77125
 06/05  01:00:00,95.68650696579999,2.355
 06/05  02:00:00,93.8655582353,3.4992831288599997
 06/05  03:00:00,92.37422107450001,2.355
 06/05  04:00:00,98.1059999759,2.355
 06/05  05:00:00,97.3380702189,2.355
 06/05  06:00:00,136.684057704,153.077457193
 06/05  07:00:00,150.767535011,148.053888326
 06/05  08:00:00,231.615627509,114.382289819
 06/05  09:00:00,265.176576422,76.0932574755
 06/05  10:00:00,258.439693347,50.1378782752
 06/05  11:00:00,289.085777522,28.9334624667
 06/05  12:00:00,277.14638375,14.2963500028
 06/05  13:00:00,277.715202133,11.6728433369
 06/05  14:00:00,274.093365192,11.672498587
 06/05  15:00:00,271.069239069,11.6724121927
 06/05  16:00:00,270.83549082,11.6726181595
 06/05  17:00:00,271.491865578,11.6726189823
 06/05  18:00:00,266.538325519,10.5049690692
 06/05  19:00:00,254.95862247,10.504840399299999
 06/05  20:00:00,223.177381512,8.1925
 06/05  21:00:00,171.186104798,5.83464625618
 06/05  22:00:00,110.09645578799999,2.355
 06/05  23:00:00,141.109016064,3.4993046227900004
 06/05  24:00:00,115.49218730700001,2.355
 06/06  01:00:00,104.97537542,2.355
 06/06  02:00:00,103.127957864,3.4992691564
 06/06  03:00:00,101.600376599,2.355
 06/06  04:00:00,124.705412334,2.355
 06/06  05:00:00,123.910222358,3.4990644376599995
 06/06  06:00:00,165.295815429,80.7718631804
 06/06  07:00:00,176.77412376700002,93.9826766485
 06/06  08:00:00,246.48707880799998,68.5034499826
 06/06  09:00:00,278.189851183,37.9872938293
 06/06  10:00:00,270.96047321,28.264511958000003
 06/06  11:00:00,298.069291211,15.031097145999999
 06/06  12:00:00,289.885704157,11.672773355599999
 06/06  13:00:00,292.265280109,11.6726764675
 06/06  14:00:00,292.294328765,11.672608900999998
 06/06  15:00:00,289.886490633,11.672520701
 06/06  16:00:00,291.815042009,11.6725008747
 06/06  17:00:00,293.85095179,11.6724959571
 06/06  18:00:00,289.78440075099996,10.504862978
 06/06  19:00:00,271.27395754599996,10.5047624262
 06/06  20:00:00,241.795993628,9.33720222929
 06/06  21:00:00,181.472680616,4.69
 06/06  22:00:00,124.42426385899999,3.4994037255
 06/06  23:00:00,153.289066833,2.355
 06/06  24:00:00,130.496299212,2.355
 06/07  01:00:00,119.984537961,3.4992262277099995
 06/07  02:00:00,120.07244320299999,2.355
 06/07  03:00:00,119.32961961299999,2.355
 06/07  04:00:00,125.79215786,2.355
 06/07  05:00:00,124.039662814,3.49923739814
 06/07  06:00:00,164.19034211299999,27.861565709
 06/07  07:00:00,184.074305919,53.4276396892
 06/07  08:00:00,263.30122476,26.955439712199997
 06/07  09:00:00,300.386769367,11.6722457776
 06/07  10:00:00,301.581271577,11.6724585275
 06/07  11:00:00,324.981583059,11.6725886882
 06/07  12:00:00,317.988606937,11.6728578685
 06/07  13:00:00,322.197114791,11.6727588576
 06/07  14:00:00,318.54773252,11.672689548900001
 06/07  15:00:00,317.003147908,11.672380457300001
 06/07  16:00:00,318.712648846,11.672577433599999
 06/07  17:00:00,318.64612698,11.6725703179
 06/07  18:00:00,308.743408379,10.5049355987
 06/07  19:00:00,296.367449764,10.504833357799999
 06/07  20:00:00,266.703437684,9.337271262949999
 06/07  21:00:00,202.865563064,4.69
 06/07  22:00:00,131.904049273,3.4993717631199996
 06/07  23:00:00,160.729265292,2.355
 06/07  24:00:00,140.559398349,2.355
 06/08  01:00:00,127.70174312,3.4992235507699996
 06/08  02:00:00,126.31495223600001,2.355
 06/08  03:00:00,125.618714155,2.355
 06/08  04:00:00,133.264938236,2.355
 06/08  05:00:00,132.329364636,3.49923776769
 06/08  06:00:00,174.53244860900003,6.357833180730001
 06/08  07:00:00,195.125238398,16.5818738756
 06/08  08:00:00,274.263258515,8.1925
 06/08  09:00:00,315.99548398400003,11.6723083142
 06/08  10:00:00,317.925252301,11.6723148204
 06/08  11:00:00,337.054597348,11.6726458267
 06/08  12:00:00,340.862055993,11.6729122346
 06/08  13:00:00,347.706359963,11.672810913
 06/08  14:00:00,344.411712847,11.6725031337
 06/08  15:00:00,344.549285935,11.672429594
 06/08  16:00:00,347.03164226,11.6724019699
 06/08  17:00:00,345.750684244,11.672614726099999
 06/08  18:00:00,335.959826492,10.5049782325
 06/08  19:00:00,324.652480132,10.5046965389
 06/08  20:00:00,285.85263209,9.337310537010001
 06/08  21:00:00,219.29791322900002,4.69
 06/08  22:00:00,136.588300719,3.49941060333
 06/08  23:00:00,164.707629384,2.355
 06/08  24:00:00,146.001338293,2.355
 06/09  01:00:00,135.22507157200002,3.4992617384199995
 06/09  02:00:00,134.78243072,2.355
 06/09  03:00:00,133.85839203,2.355
 06/09  04:00:00,161.617917616,3.4992086705800003
 06/09  05:00:00,159.784267594,2.355
 06/09  06:00:00,203.0819707,4.69
 06/09  07:00:00,215.22213020700002,7.31867092736
 06/09  08:00:00,280.33302340299997,8.1925
 06/09  09:00:00,316.165030837,11.6721713594
 06/09  10:00:00,318.639570062,11.672345848099999
 06/09  11:00:00,336.22690210400003,11.6726737274
 06/09  12:00:00,333.867246396,11.6726571307
 06/09  13:00:00,337.192899642,11.672834011700001
 06/09  14:00:00,319.75529131400003,12.100685548900001
 06/09  15:00:00,298.374436512,12.518371803900001
 06/09  16:00:00,286.633856728,12.8158376831
 06/09  17:00:00,282.892186396,11.801525151600002
 06/09  18:00:00,281.039836192,10.5049916374
 06/09  19:00:00,263.125009289,10.5047086718
 06/09  20:00:00,233.49141889599997,11.0256770158
 06/09  21:00:00,177.831679017,4.69
 06/09  22:00:00,123.09116493,3.4994200473699997
 06/09  23:00:00,153.573972476,2.355
 06/09  24:00:00,130.134753684,2.355
 06/10  01:00:00,116.49892675299999,2.91556857366
 06/10  02:00:00,114.490877629,1.77125
 06/10  03:00:00,112.354218731,1.77125
 06/10  04:00:00,117.33742566,2.9155283248400004
 06/10  05:00:00,115.905200479,1.77125
 06/10  06:00:00,142.198802998,64.3684610821
 06/10  07:00:00,156.255454318,106.026083839
 06/10  08:00:00,215.09196228099998,103.66731967700001
 06/10  09:00:00,237.140642678,89.06601716729999
 06/10  10:00:00,260.63552539799997,77.8406945259
 06/10  11:00:00,288.02418205099997,67.9906257593
 06/10  12:00:00,273.395258904,59.5547606371
 06/10  13:00:00,272.500816437,54.1168237333
 06/10  14:00:00,267.286729891,50.8937211066
 06/10  15:00:00,264.592542374,42.168511996199996
 06/10  16:00:00,266.27627174099996,30.425557675
 06/10  17:00:00,265.284437116,36.125566059
 06/10  18:00:00,244.14615342099998,61.6050573471
 06/10  19:00:00,200.48274399,73.4396275366
 06/10  20:00:00,186.236220572,78.62003192479999
 06/10  21:00:00,150.904082757,45.2748819411
 06/10  22:00:00,105.139672689,2.91573878679
 06/10  23:00:00,137.104525915,1.77125
 06/10  24:00:00,110.01007448700001,2.9156144020599997
 06/11  01:00:00,99.7044804568,1.77125
 06/11  02:00:00,97.757857149,1.77125
 06/11  03:00:00,96.66405905239999,2.9154908120300003
 06/11  04:00:00,103.238259143,1.77125
 06/11  05:00:00,102.637735705,1.77125
 06/11  06:00:00,131.964848373,112.98523292600001
 06/11  07:00:00,148.953129631,125.271520685
 06/11  08:00:00,184.631518536,114.61266879600001
 06/11  09:00:00,162.849663105,111.348935591
 06/11  10:00:00,195.79360339,101.15341688
 06/11  11:00:00,223.62673828299998,91.7297835769
 06/11  12:00:00,233.379587259,86.4855863737
 06/11  13:00:00,232.47457617700002,75.812750671
 06/11  14:00:00,229.39617665900002,66.2407950542
 06/11  15:00:00,225.574200495,63.160061478100005
 06/11  16:00:00,225.376195257,54.8307386878
 06/11  17:00:00,197.310489513,57.8483593914
 06/11  18:00:00,202.516225038,60.6131366342
 06/11  19:00:00,185.302458375,61.3530345034
 06/11  20:00:00,172.190778652,68.7745670897
 06/11  21:00:00,165.146910566,39.663864264699995
 06/11  22:00:00,102.69546685700001,2.9156371109400006
 06/11  23:00:00,133.937627486,1.77125
 06/11  24:00:00,106.25454044,1.77125
 06/12  01:00:00,98.63780153530001,3.49925962273
 06/12  02:00:00,96.8154240611,2.355
 06/12  03:00:00,96.10244831790001,2.355
 06/12  04:00:00,102.518912739,3.4992122902999996
 06/12  05:00:00,101.731305202,2.355
 06/12  06:00:00,141.971558157,119.03071672
 06/12  07:00:00,156.324476245,132.07688562299998
 06/12  08:00:00,233.014323982,113.50287333
 06/12  09:00:00,261.35441788099996,93.7679310959
 06/12  10:00:00,255.73192524799998,75.46027569350001
 06/12  11:00:00,288.353363139,46.232102711
 06/12  12:00:00,280.581247979,20.747288048199998
 06/12  13:00:00,283.915645836,11.672652183499999
 06/12  14:00:00,283.808675458,11.6726133599
 06/12  15:00:00,283.08256553900003,11.672532308
 06/12  16:00:00,284.050525207,11.6724963641
 06/12  17:00:00,287.09283455599996,11.672475141500001
 06/12  18:00:00,285.058356161,10.5048501501
 06/12  19:00:00,276.791642823,10.504768845700001
 06/12  20:00:00,247.553587266,9.33720152095
 06/12  21:00:00,187.200209305,4.69
 06/12  22:00:00,124.611658506,3.49942293741
 06/12  23:00:00,154.197381035,2.355
 06/12  24:00:00,131.515801492,2.355
 06/13  01:00:00,119.61326081200001,3.4992515558599995
 06/13  02:00:00,117.45665309700001,2.355
 06/13  03:00:00,116.09558522,2.355
 06/13  04:00:00,139.581410656,3.4992661853300007
 06/13  05:00:00,134.863283118,2.355
 06/13  06:00:00,180.00161379,41.7666044996
 06/13  07:00:00,192.126939745,64.58919152899999
 06/13  08:00:00,260.048769323,44.4367654045
 06/13  09:00:00,293.834904253,15.7635211976
 06/13  10:00:00,295.611611872,11.6723771844
 06/13  11:00:00,322.738824338,11.672692704400001
 06/13  12:00:00,319.978615438,11.672667199000001
 06/13  13:00:00,328.759246723,11.6728335401
 06/13  14:00:00,321.879140691,11.672518961199998
 06/13  15:00:00,317.11101936200004,11.6724359944
 06/13  16:00:00,316.86493693299997,11.672398203599998
 06/13  17:00:00,316.568032644,11.6725979279
 06/13  18:00:00,296.859484286,12.130139375799999
 06/13  19:00:00,269.149711578,11.2156902345
 06/13  20:00:00,246.14791223900002,9.33726797025
 06/13  21:00:00,185.90027719999998,4.69
 06/13  22:00:00,128.793212918,3.4993655821199994
 06/13  23:00:00,156.755086335,2.355
 06/13  24:00:00,134.775478622,2.355
 06/14  01:00:00,124.173272667,3.49928468381
 06/14  02:00:00,122.951870302,2.355
 06/14  03:00:00,121.35306042100001,2.355
 06/14  04:00:00,127.84739804200001,2.355
 06/14  05:00:00,123.198442996,3.4992251406
 06/14  06:00:00,167.163871833,32.070210099499995
 06/14  07:00:00,187.231306324,55.924478031599996
 06/14  08:00:00,265.238772004,32.067757215
 06/14  09:00:00,300.775061636,11.6722693843
 06/14  10:00:00,301.056138933,11.672464048399998
 06/14  11:00:00,324.382337836,11.672575798599999
 06/14  12:00:00,320.680535065,11.6728246217
 06/14  13:00:00,322.807813937,11.67271195
 06/14  14:00:00,310.615897645,11.6726291881
 06/14  15:00:00,298.186428082,11.6725260895
 06/14  16:00:00,288.639355352,12.5873832028
 06/14  17:00:00,289.31662308200004,11.6724682461
 06/14  18:00:00,289.87531936799996,10.5048215471
 06/14  19:00:00,283.07255756,10.504707634199999
 06/14  20:00:00,254.88246437900003,8.1925
 06/14  21:00:00,189.98833544099998,5.83460976019
 06/14  22:00:00,126.780840551,2.355
 06/14  23:00:00,156.18869117100002,3.4993307776
 06/14  24:00:00,133.965501051,2.355
 06/15  01:00:00,123.74855871700001,2.355
 06/15  02:00:00,122.170409928,3.4992895849199996
 06/15  03:00:00,119.89351965200001,2.355
 06/15  04:00:00,126.79059283299999,2.355
 06/15  05:00:00,122.679737372,3.49922231607
 06/15  06:00:00,166.167286814,38.4236139901
 06/15  07:00:00,184.045977607,69.86256330100001
 06/15  08:00:00,260.47755113,51.914399892700004
 06/15  09:00:00,290.735997216,27.1598062408
 06/15  10:00:00,284.712910104,19.2672821418
 06/15  11:00:00,304.00136487599997,11.6726892602
 06/15  12:00:00,293.898785693,11.672677575
 06/15  13:00:00,299.067270986,11.672835237000001
 06/15  14:00:00,297.846633542,11.6724780675
 06/15  15:00:00,295.899369901,11.6723732325
 06/15  16:00:00,296.573830312,11.6725535305
 06/15  17:00:00,298.11649274,11.672533451
 06/15  18:00:00,293.540598006,10.5048670144
 06/15  19:00:00,282.088940973,10.504722575499999
 06/15  20:00:00,246.862256396,10.2269709552
 06/15  21:00:00,185.644999066,5.83458214517
 06/15  22:00:00,124.484314864,2.355
 06/15  23:00:00,153.927697576,3.49932945868
 06/15  24:00:00,129.49864294,2.355
 06/16  01:00:00,116.265020781,2.355
 06/16  02:00:00,112.90562884200001,3.4992660639
 06/16  03:00:00,110.822163891,2.355
 06/16  04:00:00,133.315711587,2.355
 06/16  05:00:00,128.7428658,2.355
 06/16  06:00:00,171.718515838,71.9381815071
 06/16  07:00:00,181.961782574,88.76879326129999
 06/16  08:00:00,252.690759943,58.4981299012
 06/16  09:00:00,290.40708538,16.5527518683
 06/16  10:00:00,293.792451475,11.672472066700001
 06/16  11:00:00,322.182046463,11.6726628012
 06/16  12:00:00,318.468475796,12.8181464767
 06/16  13:00:00,324.500431003,11.672656506800001
 06/16  14:00:00,320.241345983,11.672530209300001
 06/16  15:00:00,309.666712484,12.662762711500001
 06/16  16:00:00,303.62839421,12.3486972795
 06/16  17:00:00,301.29480629799997,11.672568438399999
 06/16  18:00:00,293.952948128,10.5048824165
 06/16  19:00:00,275.58722586700003,9.36
 06/16  20:00:00,251.366071655,9.337188209099999
 06/16  21:00:00,187.187790778,5.83452586262
 06/16  22:00:00,130.303937294,2.355
 06/16  23:00:00,157.293346021,2.355
 06/16  24:00:00,136.444270732,3.4992212870499997
 06/17  01:00:00,123.03844015899999,1.77125
 06/17  02:00:00,122.080946055,1.77125
 06/17  03:00:00,121.70019809799999,2.91552918522
 06/17  04:00:00,129.150293288,1.77125
 06/17  05:00:00,124.8474541,1.77125
 06/17  06:00:00,155.45000848,23.2560961988
 06/17  07:00:00,174.63764629599999,53.857251741800006
 06/17  08:00:00,237.430732608,40.5911115199
 06/17  09:00:00,265.964955127,14.4679257305
 06/17  10:00:00,294.01803364299997,10.5275
 06/17  11:00:00,317.240039379,11.672678556800001
 06/17  12:00:00,314.090153572,12.818052008199999
 06/17  13:00:00,317.913417884,11.6726112533
 06/17  14:00:00,314.62266928099996,11.672468820499999
 06/17  15:00:00,312.67890911,11.6724348119
 06/17  16:00:00,314.954286321,11.6726072444
 06/17  17:00:00,317.19161498,11.6725405899
 06/17  18:00:00,280.498599303,11.556706878
 06/17  19:00:00,232.915709649,6.61480404396
 06/17  20:00:00,218.077088709,7.002153107989999
 06/17  21:00:00,173.56027723,4.66711428548
 06/17  22:00:00,124.594964731,1.77125
 06/17  23:00:00,154.137323895,2.91563267272
 06/17  24:00:00,133.12744188899998,1.77125
 06/18  01:00:00,123.212112248,1.77125
 06/18  02:00:00,122.87319282600001,2.91552103483
 06/18  03:00:00,122.543472846,1.77125
 06/18  04:00:00,129.570666076,1.77125
 06/18  05:00:00,124.857115309,2.91554205408
 06/18  06:00:00,155.99836413,15.0808150022
 06/18  07:00:00,174.159504777,49.5235077774
 06/18  08:00:00,206.492113403,48.496886858
 06/18  09:00:00,187.772849035,35.977878383800004
 06/18  10:00:00,222.264849803,16.133330933299998
 06/18  11:00:00,246.932077434,8.16965075675
 06/18  12:00:00,268.035567117,9.36
 06/18  13:00:00,270.801358283,10.5047148342
 06/18  14:00:00,265.947324941,10.504827844
 06/18  15:00:00,262.568207476,10.50480706
 06/18  16:00:00,261.994509875,9.36
 06/18  17:00:00,230.806086438,8.16978344546
 06/18  18:00:00,234.076556409,6.394930602560001
 06/18  19:00:00,220.85155162400002,4.69
 06/18  20:00:00,204.299866251,5.83454705303
 06/18  21:00:00,188.70127974599998,4.69
 06/18  22:00:00,122.93116473,2.9156307833399997
 06/18  23:00:00,151.537814142,1.77125
 06/18  24:00:00,128.896284839,2.9155047815400006
 06/19  01:00:00,117.296229525,2.355
 06/19  02:00:00,110.65071154600001,2.355
 06/19  03:00:00,104.139680676,2.355
 06/19  04:00:00,106.32754844,3.4992415852699996
 06/19  05:00:00,102.22087471100001,2.355
 06/19  06:00:00,139.008570462,106.352354582
 06/19  07:00:00,150.80905905,129.037111782
 06/19  08:00:00,227.44428351099998,111.713758801
 06/19  09:00:00,254.959508681,92.42185934209999
 06/19  10:00:00,244.72606318099997,80.7020080011
 06/19  11:00:00,276.138056366,58.0681799572
 06/19  12:00:00,259.576248924,41.2398869798
 06/19  13:00:00,258.814405888,29.1941527711
 06/19  14:00:00,254.338674153,22.5993638277
 06/19  15:00:00,251.279681547,13.6159364735
 06/19  16:00:00,252.16779210400003,11.672392573900002
 06/19  17:00:00,252.81189644,11.6725774491
 06/19  18:00:00,251.673287583,12.4301307979
 06/19  19:00:00,237.87453803900002,22.9641479309
 06/19  20:00:00,207.790635788,33.9983357121
 06/19  21:00:00,157.229871342,18.9363586978
 06/19  22:00:00,95.3396056081,3.4994116127800003
 06/19  23:00:00,127.92666554,2.355
 06/19  24:00:00,100.3071127,2.355
 06/20  01:00:00,92.3715611265,3.49922947518
 06/20  02:00:00,91.47655851379999,2.355
 06/20  03:00:00,91.1536884966,2.355
 06/20  04:00:00,113.328857126,2.355
 06/20  05:00:00,113.18862716299999,3.49923288774
 06/20  06:00:00,154.348021035,140.571437829
 06/20  07:00:00,162.69800556,136.67099963200002
 06/20  08:00:00,233.772789301,104.444231659
 06/20  09:00:00,266.289120982,70.4058599738
 06/20  10:00:00,259.162789739,48.6756983803
 06/20  11:00:00,288.047401581,24.6726108045
 06/20  12:00:00,271.782795779,14.420509228
 06/20  13:00:00,268.598208473,11.672841551400001
 06/20  14:00:00,265.583595175,11.6724785639
 06/20  15:00:00,263.461667985,11.6723651747
 06/20  16:00:00,264.310501376,11.6725334997
 06/20  17:00:00,264.931294633,11.672503645499999
 06/20  18:00:00,260.844710601,10.504829494800001
 06/20  19:00:00,240.99038153200001,10.5046776862
 06/20  20:00:00,209.546032548,13.9184860548
 06/20  21:00:00,158.854322109,6.7458972943
 06/20  22:00:00,102.868119616,2.355
 06/20  23:00:00,133.460895448,3.49927501928
 06/20  24:00:00,105.837635188,2.355
 06/21  01:00:00,97.0191356741,2.355
 06/21  02:00:00,96.0554335785,2.355
 06/21  03:00:00,96.2447316409,3.49925956326
 06/21  04:00:00,104.09051462299999,2.355
 06/21  05:00:00,103.942655732,2.355
 06/21  06:00:00,145.306486318,87.86406422280001
 06/21  07:00:00,162.66245305,98.9721762358
 06/21  08:00:00,242.482095311,79.780484808
 06/21  09:00:00,277.484220106,40.1555838545
 06/21  10:00:00,274.341310756,17.2260926275
 06/21  11:00:00,302.797795432,11.672566144700001
 06/21  12:00:00,289.409501297,12.8179179772
 06/21  13:00:00,285.23463427900003,11.672796994
 06/21  14:00:00,274.191256818,11.804281566199998
 06/21  15:00:00,268.999226032,13.627797337899999
 06/21  16:00:00,267.44031042299997,27.1605700954
 06/21  17:00:00,267.359469709,39.1462411746
 06/21  18:00:00,263.094058266,47.7914614987
 06/21  19:00:00,251.758512533,57.2270796148
 06/21  20:00:00,227.234539954,63.481785912
 06/21  21:00:00,175.766476395,29.8052540055
 06/21  22:00:00,117.023076262,3.4994149534400005
 06/21  23:00:00,148.819209838,2.355
 06/21  24:00:00,124.898804989,3.4992318625
 06/22  01:00:00,115.647622987,2.355
 06/22  02:00:00,114.809162738,2.355
 06/22  03:00:00,114.117497697,2.355
 06/22  04:00:00,120.042855822,3.4992639664699996
 06/22  05:00:00,118.264854811,2.355
 06/22  06:00:00,157.424871071,79.3419734363
 06/22  07:00:00,174.315545733,104.682863751
 06/22  08:00:00,249.96817885,89.0232035113
 06/22  09:00:00,280.070292479,63.7777147121
 06/22  10:00:00,275.664293037,48.507513126499994
 06/22  11:00:00,301.758534134,24.8043109047
 06/22  12:00:00,292.326363163,11.6726965928
 06/22  13:00:00,290.878982054,11.6728407646
 06/22  14:00:00,283.821736008,11.6725147328
 06/22  15:00:00,279.221546526,11.6724158647
 06/22  16:00:00,277.833691761,11.672508546600001
 06/22  17:00:00,273.947786034,11.6725386575
 06/22  18:00:00,266.725371433,10.504879326900001
 06/22  19:00:00,251.358623265,11.2792545027
 06/22  20:00:00,218.991021095,20.9897188302
 06/22  21:00:00,163.096119944,7.86417988462
 06/22  22:00:00,104.912165549,3.4993572981
 06/22  23:00:00,136.063077711,2.355
 06/22  24:00:00,109.33227192,2.355
 06/23  01:00:00,100.17742129999999,2.355
 06/23  02:00:00,99.0237897727,3.49924404834
 06/23  03:00:00,98.414530759,2.355
 06/23  04:00:00,121.15005034,2.355
 06/23  05:00:00,119.87911337700001,3.49924227516
 06/23  06:00:00,159.006747895,124.25860513100001
 06/23  07:00:00,168.540250095,125.49643563
 06/23  08:00:00,240.272808518,90.5265313468
 06/23  09:00:00,275.565136136,50.9786747242
 06/23  10:00:00,271.523332475,25.836157504299997
 06/23  11:00:00,302.193648704,11.672634798199999
 06/23  12:00:00,294.643031771,11.672877236400002
 06/23  13:00:00,297.427964867,11.6727443678
 06/23  14:00:00,295.44907425400004,11.6726069419
 06/23  15:00:00,287.694905393,11.6724707987
 06/23  16:00:00,278.923494906,13.0113573044
 06/23  17:00:00,278.55841996,11.8005520341
 06/23  18:00:00,273.661452234,10.5049077091
 06/23  19:00:00,253.348052387,10.3152738474
 06/23  20:00:00,225.792851623,27.101088516599997
 06/23  21:00:00,170.005308013,6.5282307875
 06/23  22:00:00,119.381921007,2.355
 06/23  23:00:00,149.444383465,2.355
 06/23  24:00:00,125.103574704,3.4992267463999998
 06/24  01:00:00,114.19787222,1.77125
 06/24  02:00:00,114.243699614,1.77125
 06/24  03:00:00,113.23369857200001,2.9155277652200002
 06/24  04:00:00,118.930668345,1.77125
 06/24  05:00:00,116.8029539,1.77125
 06/24  06:00:00,141.866210747,74.25589350279999
 06/24  07:00:00,155.399701684,105.55531136
 06/24  08:00:00,215.54444785799998,95.26936210299999
 06/24  09:00:00,237.43086752,78.2546005059
 06/24  10:00:00,258.87705835400004,59.9503821479
 06/24  11:00:00,282.610538712,57.59613196390001
 06/24  12:00:00,262.126495535,67.3445362455
 06/24  13:00:00,256.122388206,77.233514089
 06/24  14:00:00,249.00927909900003,86.53547715030001
 06/24  15:00:00,245.157440528,89.249485764
 06/24  16:00:00,248.468441823,76.8285401735
 06/24  17:00:00,250.85141103599997,73.92470696630001
 06/24  18:00:00,234.036157468,85.7209734246
 06/24  19:00:00,191.116343256,92.5978254321
 06/24  20:00:00,179.02818530099998,96.76478660129999
 06/24  21:00:00,141.94491336,67.0119113966
 06/24  22:00:00,98.7047666567,2.91572582852
 06/24  23:00:00,130.441677655,1.77125
 06/24  24:00:00,102.151395492,2.91559674443
 06/25  01:00:00,93.7390944525,1.77125
 06/25  02:00:00,92.5652438991,1.77125
 06/25  03:00:00,91.2237617667,2.91553730133
 06/25  04:00:00,96.79758429040001,1.77125
 06/25  05:00:00,95.659552637,1.77125
 06/25  06:00:00,123.110777876,214.331646134
 06/25  07:00:00,136.757301864,206.308699832
 06/25  08:00:00,173.246266607,166.591504336
 06/25  09:00:00,152.617303087,144.652669132
 06/25  10:00:00,188.84812038200002,117.52208131100001
 06/25  11:00:00,220.375337683,94.74487152569999
 06/25  12:00:00,233.26488040099997,69.259686279
 06/25  13:00:00,233.135989945,52.530102478100005
 06/25  14:00:00,228.878285002,42.4691784111
 06/25  15:00:00,227.22938041700002,29.0600452284
 06/25  16:00:00,228.14356075599997,22.8591711489
 06/25  17:00:00,198.78727170099998,25.7903401019
 06/25  18:00:00,202.017840541,34.2877657021
 06/25  19:00:00,184.591167678,43.027451506700004
 06/25  20:00:00,172.189258112,50.350985139799995
 06/25  21:00:00,161.74011604,23.1730035817
 06/25  22:00:00,102.05827356,2.91556044236
 06/25  23:00:00,133.12155368700002,1.77125
 06/25  24:00:00,105.86742284799999,1.77125
 06/26  01:00:00,99.30852485610001,2.355
 06/26  02:00:00,97.3906242677,3.4992569827099995
 06/26  03:00:00,95.7039029804,2.355
 06/26  04:00:00,100.949975254,2.355
 06/26  05:00:00,99.6158601522,3.4992536628199993
 06/26  06:00:00,138.983035801,145.914192116
 06/26  07:00:00,154.092404372,145.447147059
 06/26  08:00:00,233.30156160400003,120.925629711
 06/26  09:00:00,266.884828133,82.8308770566
 06/26  10:00:00,260.382127313,60.5779535916
 06/26  11:00:00,287.210041989,40.194082412600004
 06/26  12:00:00,271.768971595,28.128159176599997
 06/26  13:00:00,270.654682654,17.9371861113
 06/26  14:00:00,267.498747642,11.672575079400001
 06/26  15:00:00,266.18706229599997,11.672434383099999
 06/26  16:00:00,267.667321421,11.672379579100001
 06/26  17:00:00,267.388914574,11.6725554334
 06/26  18:00:00,263.871373008,10.5048550713
 06/26  19:00:00,250.106501848,9.73760621589
 06/26  20:00:00,217.58810013,21.0545651807
 06/26  21:00:00,162.921162216,8.54494667092
 06/26  22:00:00,106.186654766,2.355
 06/26  23:00:00,137.552277555,2.355
 06/26  24:00:00,110.858967223,3.4992318294699998
 06/27  01:00:00,101.92883944100001,2.355
 06/27  02:00:00,100.73065397299999,2.355
 06/27  03:00:00,99.8638146177,3.4992611388699997
 06/27  04:00:00,122.25323584600001,2.355
 06/27  05:00:00,120.683586644,2.355
 06/27  06:00:00,160.45234638899998,114.16595445700001
 06/27  07:00:00,168.468426412,126.141740093
 06/27  08:00:00,238.201245665,96.19767283350001
 06/27  09:00:00,269.183421168,64.884666987
 06/27  10:00:00,261.16155982099997,43.8573879659
 06/27  11:00:00,287.672927143,27.103725956999998
 06/27  12:00:00,273.039155086,16.5744022581
 06/27  13:00:00,273.05665442,11.6726411892
 06/27  14:00:00,272.492245666,11.6725745927
 06/27  15:00:00,268.58748387099996,11.672467541600001
 06/27  16:00:00,270.530536324,11.6724039425
 06/27  17:00:00,270.488441098,11.672570606199999
 06/27  18:00:00,266.579037344,10.5049038727
 06/27  19:00:00,246.860842235,10.5047706155
 06/27  20:00:00,214.19177647799998,10.6529279507
 06/27  21:00:00,161.05894345299998,4.69
 06/27  22:00:00,108.758556127,3.49936446953
 06/27  23:00:00,140.538358127,2.355
 06/27  24:00:00,115.63557842700001,2.355
 06/28  01:00:00,105.09445599899999,2.355
 06/28  02:00:00,103.796495792,3.4992493771900004
 06/28  03:00:00,103.5802277,2.355
 06/28  04:00:00,110.680401986,2.355
 06/28  05:00:00,110.27867551799999,3.49924504391
 06/28  06:00:00,150.433307099,85.8494297233
 06/28  07:00:00,166.682519478,110.744528835
 06/28  08:00:00,242.95132935700002,97.4325835663
 06/28  09:00:00,271.63619039099996,75.4283540062
 06/28  10:00:00,266.734345023,57.8249847721
 06/28  11:00:00,293.705287315,39.2225416315
 06/28  12:00:00,280.90027163599996,24.318582285399998
 06/28  13:00:00,281.267844391,13.736892174400001
 06/28  14:00:00,277.616420145,11.6725382313
 06/28  15:00:00,275.982887252,11.672394625299999
 06/28  16:00:00,277.932807989,11.672548721300002
 06/28  17:00:00,279.359149767,11.6725078023
 06/28  18:00:00,274.42926789999996,10.5048048854
 06/28  19:00:00,264.331588497,9.36
 06/28  20:00:00,232.153162049,9.337262782849999
 06/28  21:00:00,172.491095533,5.83455092602
 06/28  22:00:00,113.65653227899999,2.355
 06/28  23:00:00,144.186460191,2.355
 06/28  24:00:00,118.329839909,3.4992423617800004
 06/29  01:00:00,108.02544756299999,2.355
 06/29  02:00:00,106.271640358,2.355
 06/29  03:00:00,105.03177779200001,3.4992047060300004
 06/29  04:00:00,111.533597179,2.355
 06/29  05:00:00,109.88008067,2.355
 06/29  06:00:00,149.69280867,83.2934759597
 06/29  07:00:00,167.949504327,95.5131734768
 06/29  08:00:00,248.19415574400003,67.5139187205
 06/29  09:00:00,280.574024761,38.214104015100006
 06/29  10:00:00,277.28592435400003,18.3675156346
 06/29  11:00:00,307.133564415,11.6727552278
 06/29  12:00:00,301.424190945,11.6726977003
 06/29  13:00:00,304.268720308,11.6728262457
 06/29  14:00:00,300.815220039,11.672492249500001
 06/29  15:00:00,298.448050211,11.672382170599999
 06/29  16:00:00,297.790964088,11.672527228800002
 06/29  17:00:00,295.745754743,11.6724777041
 06/29  18:00:00,289.81302793099997,10.504808259099999
 06/29  19:00:00,275.01843778799997,11.597163567
 06/29  20:00:00,241.514484369,9.51827743217
 06/29  21:00:00,181.386190286,5.83461945483
 06/29  22:00:00,124.01432724200001,2.355
 06/29  23:00:00,153.684159699,3.49926503199
 06/29  24:00:00,130.306673593,2.355
 06/30  01:00:00,119.462741708,2.355
 06/30  02:00:00,117.59189040700001,3.4992849358
 06/30  03:00:00,116.120475003,2.355
 06/30  04:00:00,138.188947122,2.355
 06/30  05:00:00,135.967126095,3.49920701078
 06/30  06:00:00,174.931820847,68.37626377710001
 06/30  07:00:00,185.29466923900003,87.515812917
 06/30  08:00:00,254.11275095099998,62.6638181816
 06/30  09:00:00,288.613537831,23.4413248047
 06/30  10:00:00,289.505038269,10.5275
 06/30  11:00:00,316.519791429,11.672645011199998
 06/30  12:00:00,314.402139915,12.818017765899999
 06/30  13:00:00,319.922620461,11.6728191798
 06/30  14:00:00,314.672272311,11.6723256627
 06/30  15:00:00,311.820132575,11.6724691306
 06/30  16:00:00,309.296570181,11.672411136500001
 06/30  17:00:00,306.898450811,11.672367027
 06/30  18:00:00,299.95458821299997,9.36
 06/30  19:00:00,280.937535128,10.5047089537
 06/30  20:00:00,247.999787836,10.477174312
 06/30  21:00:00,182.95840222,4.69
 06/30  22:00:00,125.586802416,3.49942752458
 06/30  23:00:00,154.682459281,2.355
 06/30  24:00:00,131.839655691,2.355
 07/01  01:00:00,116.70077091299999,2.9155877825200003
 07/01  02:00:00,114.258950835,1.77125
 07/01  03:00:00,111.505108079,1.77125
 07/01  04:00:00,115.767248064,2.9155466176
 07/01  05:00:00,114.01534177799999,1.77125
 07/01  06:00:00,141.883043594,40.9646987624
 07/01  07:00:00,159.792436606,65.0986635275
 07/01  08:00:00,225.61632144,41.8302544638
 07/01  09:00:00,256.352107777,12.8754294773
 07/01  10:00:00,288.49419726,11.672400698099999
 07/01  11:00:00,319.882592497,11.672536828399998
 07/01  12:00:00,313.421970661,11.6726834626
 07/01  13:00:00,315.97111317,11.672810567400001
 07/01  14:00:00,309.02163703400004,11.672464014700001
 07/01  15:00:00,303.722975525,11.6724120325
 07/01  16:00:00,304.78258576,11.6725605956
 07/01  17:00:00,303.37776387,11.6724772224
 07/01  18:00:00,279.03095709400003,9.3373579053
 07/01  19:00:00,237.703532768,7.424188062200001
 07/01  20:00:00,218.35750271700002,5.8575
 07/01  21:00:00,167.666354605,4.66709863174
 07/01  22:00:00,119.89488511,1.77125
 07/01  23:00:00,150.423514761,2.9156359049000002
 07/01  24:00:00,128.731389632,1.77125
 07/02  01:00:00,116.999192658,2.91550195327
 07/02  02:00:00,115.96060685100001,1.77125
 07/02  03:00:00,115.024928139,1.77125
 07/02  04:00:00,122.60196573200001,2.91552708257
 07/02  05:00:00,121.935832651,1.77125
 07/02  06:00:00,152.246177164,7.100488714410001
 07/02  07:00:00,174.109769476,24.269995599899996
 07/02  08:00:00,209.902230625,17.0743757577
 07/02  09:00:00,192.76884742099998,8.09292169267
 07/02  10:00:00,231.317903782,8.16965421967
 07/02  11:00:00,259.30177777,8.16969831849
 07/02  12:00:00,284.770294271,10.504718887100001
 07/02  13:00:00,288.735194289,9.36
 07/02  14:00:00,283.21968829900004,10.504812421699999
 07/02  15:00:00,281.689651066,10.5047649114
 07/02  16:00:00,282.458858252,10.5047673243
 07/02  17:00:00,247.68849968,7.025
 07/02  18:00:00,247.497778082,5.83461831738
 07/02  19:00:00,235.37058250200002,5.834586033350001
 07/02  20:00:00,218.055764343,4.69
 07/02  21:00:00,199.97343126599998,5.834424128719999
 07/02  22:00:00,130.396562917,1.77125
 07/02  23:00:00,158.073031167,1.77125
 07/02  24:00:00,136.983205089,2.9155561090400006
 07/03  01:00:00,126.40132598299999,2.355
 07/03  02:00:00,125.05082521700001,2.355
 07/03  03:00:00,124.89661778799999,2.355
 07/03  04:00:00,131.88271201700002,3.4992205818300004
 07/03  05:00:00,130.18050609600002,2.355
 07/03  06:00:00,170.255153898,6.69760893359
 07/03  07:00:00,188.017322412,37.8097042742
 07/03  08:00:00,260.979767053,34.6768396774
 07/03  09:00:00,287.794101964,24.744697771
 07/03  10:00:00,281.391508033,22.1214995249
 07/03  11:00:00,300.960010243,16.5911350959
 07/03  12:00:00,289.42893947700003,11.6726115108
 07/03  13:00:00,292.36702706,11.6727315222
 07/03  14:00:00,291.387456057,11.672617483599998
 07/03  15:00:00,290.055858259,11.6724840674
 07/03  16:00:00,292.012271737,11.672414398199999
 07/03  17:00:00,291.626893832,11.6723585873
 07/03  18:00:00,283.25807601099996,10.5048803563
 07/03  19:00:00,271.42864354299996,10.5047116885
 07/03  20:00:00,242.37747945700002,8.1925
 07/03  21:00:00,180.58327986700002,5.834549076930001
 07/03  22:00:00,122.223457636,2.355
 07/03  23:00:00,151.856480783,3.4992868095099996
 07/03  24:00:00,128.111358959,2.355
 07/04  01:00:00,114.445793763,1.77125
 07/04  02:00:00,112.333336678,2.91555074492
 07/04  03:00:00,110.955900284,1.77125
 07/04  04:00:00,116.86654371700001,1.77125
 07/04  05:00:00,115.159022225,2.9154848709
 07/04  06:00:00,142.54762389799998,65.13059649600001
 07/04  07:00:00,160.830575345,89.30670507290002
 07/04  08:00:00,198.78114106299998,67.8434803437
 07/04  09:00:00,182.129243433,47.087157839
 07/04  10:00:00,217.181227323,22.8205436542
 07/04  11:00:00,245.611148544,7.99850120482
 07/04  12:00:00,270.29795495400003,10.504768914400001
 07/04  13:00:00,275.295955987,10.504727494099999
 07/04  14:00:00,270.553757849,10.5048038737
 07/04  15:00:00,267.533244759,9.36
 07/04  16:00:00,269.487593125,10.5047975379
 07/04  17:00:00,239.237255032,8.16970707959
 07/04  18:00:00,242.28223145200002,5.83453910502
 07/04  19:00:00,230.484456153,4.69
 07/04  20:00:00,209.584000245,5.83450943391
 07/04  21:00:00,187.23430261200002,4.69
 07/04  22:00:00,124.575489495,2.91556810323
 07/04  23:00:00,154.078475296,1.77125
 07/04  24:00:00,132.41257122,1.77125
 07/05  01:00:00,122.288489506,2.355
 07/05  02:00:00,119.20493417700001,3.49926028625
 07/05  03:00:00,115.206484295,2.355
 07/05  04:00:00,119.251007,2.355
 07/05  05:00:00,115.384759996,3.4992527312800004
 07/05  06:00:00,155.127941747,41.232355768299996
 07/05  07:00:00,173.502449872,59.0835241834
 07/05  08:00:00,256.301986375,29.6485240571
 07/05  09:00:00,294.244628417,11.6722496698
 07/05  10:00:00,286.821905771,10.5275
 07/05  11:00:00,308.956220529,12.817772871199999
 07/05  12:00:00,299.56550885900003,11.672761677
 07/05  13:00:00,298.116921941,11.672610636099998
 07/05  14:00:00,292.774199017,11.6724557874
 07/05  15:00:00,289.502650401,11.6725087606
 07/05  16:00:00,290.590760763,11.6724428777
 07/05  17:00:00,290.722965457,11.672390856199998
 07/05  18:00:00,284.10470129,9.36
 07/05  19:00:00,273.313162645,10.504726825
 07/05  20:00:00,242.98104863400002,9.33729268786
 07/05  21:00:00,186.088650138,4.69
 07/05  22:00:00,122.38207239200001,3.4994346543300003
 07/05  23:00:00,150.005211366,2.355
 07/05  24:00:00,124.361594368,2.355
 07/06  01:00:00,110.925589245,3.4992492092300003
 07/06  02:00:00,108.10186490299999,2.355
 07/06  03:00:00,106.86433495200001,2.355
 07/06  04:00:00,113.048280106,3.49925483874
 07/06  05:00:00,112.818267858,2.355
 07/06  06:00:00,153.777865221,43.077898961
 07/06  07:00:00,171.44118287,70.4134098408
 07/06  08:00:00,247.538467568,50.451652188000004
 07/06  09:00:00,275.75915939999993,29.0344917808
 07/06  10:00:00,263.074325026,25.8524742
 07/06  11:00:00,287.232646195,23.398027042600003
 07/06  12:00:00,273.95019119200003,21.6249132754
 07/06  13:00:00,272.406738848,29.281812304299997
 07/06  14:00:00,269.06526355,29.892819629
 07/06  15:00:00,271.63951538099997,16.13218166
 07/06  16:00:00,274.727181019,11.672482967
 07/06  17:00:00,276.561707053,11.672425983
 07/06  18:00:00,275.043818083,10.5049259577
 07/06  19:00:00,264.746889766,9.36
 07/06  20:00:00,238.19231207200002,13.0710390441
 07/06  21:00:00,180.980685584,5.83452283035
 07/06  22:00:00,120.504174569,2.355
 07/06  23:00:00,149.746563747,2.355
 07/06  24:00:00,124.518175196,3.4992130438599998
 07/07  01:00:00,113.11015655899999,2.355
 07/07  02:00:00,110.750818435,2.355
 07/07  03:00:00,108.70559765200001,3.49923711578
 07/07  04:00:00,130.322902028,2.355
 07/07  05:00:00,129.568251411,2.355
 07/07  06:00:00,167.83275836,88.6263527956
 07/07  07:00:00,176.717982409,106.422377557
 07/07  08:00:00,246.965792691,75.8907867376
 07/07  09:00:00,279.712696372,39.9582263747
 07/07  10:00:00,269.769044152,23.4582794508
 07/07  11:00:00,292.84721112200003,13.204019724
 07/07  12:00:00,282.634937021,11.672722907899999
 07/07  13:00:00,283.344546815,11.6725760234
 07/07  14:00:00,278.102661276,11.6724937793
 07/07  15:00:00,273.92344922,11.6723724019
 07/07  16:00:00,271.943818321,11.6725022677
 07/07  17:00:00,270.915437102,11.6724403543
 07/07  18:00:00,266.421947827,10.5049559244
 07/07  19:00:00,244.21559235900003,10.504782663
 07/07  20:00:00,211.53409498599999,8.1925
 07/07  21:00:00,161.836085277,5.83461608163
 07/07  22:00:00,107.555837398,2.355
 07/07  23:00:00,139.144482888,3.4992727925400002
 07/07  24:00:00,112.96599328200001,2.355
 07/08  01:00:00,100.069464975,1.77125
 07/08  02:00:00,98.84725916309999,2.91552515045
 07/08  03:00:00,98.2935493968,1.77125
 07/08  04:00:00,103.90103077200001,1.77125
 07/08  05:00:00,102.635399867,2.9155280717400003
 07/08  06:00:00,131.223221799,83.9211439619
 07/08  07:00:00,148.567912121,105.462308727
 07/08  08:00:00,213.64160867299998,90.6598134541
 07/08  09:00:00,239.994399299,68.408667154
 07/08  10:00:00,269.067206757,34.5178310558
 07/08  11:00:00,300.609764541,12.293884679400001
 07/08  12:00:00,290.054953403,11.6726781125
 07/08  13:00:00,288.454723722,11.6727985487
 07/08  14:00:00,283.76144498400004,11.672588913
 07/08  15:00:00,279.76668343299997,11.6725159511
 07/08  16:00:00,282.205206138,11.672429458900002
 07/08  17:00:00,283.792605142,10.5275
 07/08  18:00:00,264.528163065,10.1968736478
 07/08  19:00:00,226.235503831,7.002240967230001
 07/08  20:00:00,210.28569265599998,7.00219149485
 07/08  21:00:00,168.529023426,3.5225
 07/08  22:00:00,119.28187185600001,2.9156962175700003
 07/08  23:00:00,150.073795461,1.77125
 07/08  24:00:00,126.81041407200001,2.91556575112
 07/09  01:00:00,116.61146559,1.77125
 07/09  02:00:00,116.16670306700001,1.77125
 07/09  03:00:00,115.97024001,2.9154813949
 07/09  04:00:00,124.373193213,1.77125
 07/09  05:00:00,123.98117018,1.77125
 07/09  06:00:00,154.020489655,12.022139375
 07/09  07:00:00,176.274886245,32.768330085500004
 07/09  08:00:00,212.68249945,19.470378210899998
 07/09  09:00:00,195.637304041,11.757722015899999
 07/09  10:00:00,231.73605663799998,7.025
 07/09  11:00:00,256.707849238,8.16967145272
 07/09  12:00:00,281.304737353,10.504821610399999
 07/09  13:00:00,283.239178892,10.5047732367
 07/09  14:00:00,278.187387726,9.36
 07/09  15:00:00,279.014680138,10.5046792486
 07/09  16:00:00,282.639898464,10.5048353778
 07/09  17:00:00,250.795625901,8.16971811238
 07/09  18:00:00,250.897590502,4.69
 07/09  19:00:00,239.47358943400002,5.8346718190999995
 07/09  20:00:00,219.019267531,4.69
 07/09  21:00:00,200.71459375900002,5.83443544752
 07/09  22:00:00,129.421743792,1.77125
 07/09  23:00:00,156.841376147,1.77125
 07/09  24:00:00,136.19154071399998,2.9155497476099996
 07/10  01:00:00,127.30980698200001,2.355
 07/10  02:00:00,126.29713431399999,2.355
 07/10  03:00:00,124.933832754,3.4992422670699996
 07/10  04:00:00,130.934355406,2.355
 07/10  05:00:00,129.444010472,2.355
 07/10  06:00:00,170.086391765,11.4948756336
 07/10  07:00:00,189.639136886,36.994903267699996
 07/10  08:00:00,265.617325561,24.4914490346
 07/10  09:00:00,297.656137784,10.5275
 07/10  10:00:00,298.58918293700003,11.6724070338
 07/10  11:00:00,316.003056314,11.672599436199999
 07/10  12:00:00,304.335323286,11.6727692949
 07/10  13:00:00,298.83429854,11.6726182607
 07/10  14:00:00,295.278439344,11.6725321914
 07/10  15:00:00,300.963349454,11.6724069619
 07/10  16:00:00,302.893151229,11.672531698499998
 07/10  17:00:00,302.107648946,11.672465539500001
 07/10  18:00:00,293.826075532,10.5047825408
 07/10  19:00:00,277.374902026,10.5048005787
 07/10  20:00:00,240.649381065,9.39177224926
 07/10  21:00:00,182.76894935400003,5.83456696053
 07/10  22:00:00,122.19475895,2.355
 07/10  23:00:00,151.725340773,3.49928698546
 07/10  24:00:00,127.796202656,2.355
 07/11  01:00:00,115.99565114,2.355
 07/11  02:00:00,114.360526916,3.4992225381099997
 07/11  03:00:00,112.27269705200001,2.355
 07/11  04:00:00,133.549263985,2.355
 07/11  05:00:00,131.603291181,2.355
 07/11  06:00:00,170.298786752,68.73003268149999
 07/11  07:00:00,181.28548614599998,84.0709558712
 07/11  08:00:00,254.32336002,51.3218921617
 07/11  09:00:00,291.890967667,14.0875258805
 07/11  10:00:00,291.809591983,11.672378059200001
 07/11  11:00:00,312.67994317299997,11.6725145309
 07/11  12:00:00,302.610899696,11.6726656102
 07/11  13:00:00,298.982903411,12.817905174000002
 07/11  14:00:00,292.696182493,11.6724315328
 07/11  15:00:00,289.122078862,10.5275
 07/11  16:00:00,287.452350299,11.6724766205
 07/11  17:00:00,285.878969063,11.6724058782
 07/11  18:00:00,281.477249012,10.5049326904
 07/11  19:00:00,261.845401557,10.5047824457
 07/11  20:00:00,230.82648244,9.33716911334
 07/11  21:00:00,177.475402104,4.69
 07/11  22:00:00,121.966335444,3.49935177889
 07/11  23:00:00,151.228826533,2.355
 07/11  24:00:00,126.384919896,2.355
 07/12  01:00:00,113.243250405,2.355
 07/12  02:00:00,109.535649495,3.4992325083699996
 07/12  03:00:00,106.56993435,2.355
 07/12  04:00:00,111.04901152299999,2.355
 07/12  05:00:00,108.523457135,3.4992221675099997
 07/12  06:00:00,148.16358841,80.3703876582
 07/12  07:00:00,167.316066212,88.8604760463
 07/12  08:00:00,249.931030645,57.041509411999996
 07/12  09:00:00,285.018373594,20.2046446701
 07/12  10:00:00,279.572436748,10.5275
 07/12  11:00:00,304.10673444,11.6726560405
 07/12  12:00:00,292.067282666,12.8179754635
 07/12  13:00:00,292.444777369,11.67276733
 07/12  14:00:00,287.629949271,11.6725671696
 07/12  15:00:00,285.473398878,11.6723888122
 07/12  16:00:00,286.861969564,10.5275
 07/12  17:00:00,288.244555076,11.6725387842
 07/12  18:00:00,283.455277267,10.5048705846
 07/12  19:00:00,275.240146045,10.504746478300001
 07/12  20:00:00,244.735291512,9.337135403
 07/12  21:00:00,184.955112692,4.69
 07/12  22:00:00,122.977193274,3.4993854452999997
 07/12  23:00:00,153.123164004,2.355
 07/12  24:00:00,130.038007176,2.355
 07/13  01:00:00,117.87637265,3.49922389824
 07/13  02:00:00,116.177106219,2.355
 07/13  03:00:00,114.25145538299999,2.355
 07/13  04:00:00,119.199174143,2.355
 07/13  05:00:00,117.176614947,3.4992198828900003
 07/13  06:00:00,156.02989391100002,50.7444559573
 07/13  07:00:00,174.804846169,73.2327556165
 07/13  08:00:00,253.580550605,49.6598660435
 07/13  09:00:00,286.664163138,18.546898225
 07/13  10:00:00,285.848369163,11.6722976307
 07/13  11:00:00,315.850928432,11.6725922508
 07/13  12:00:00,309.752277183,11.672790517200001
 07/13  13:00:00,311.91395344,11.6726290218
 07/13  14:00:00,307.73583694,11.672464928499998
 07/13  15:00:00,309.358397362,11.6725058073
 07/13  16:00:00,314.472473393,11.6724290676
 07/13  17:00:00,319.280468035,11.6723660025
 07/13  18:00:00,311.530040968,9.36
 07/13  19:00:00,299.135987348,10.5046935155
 07/13  20:00:00,270.217094092,9.33724804597
 07/13  21:00:00,209.461589286,4.69
 07/13  22:00:00,133.32089787,3.4994022556699997
 07/13  23:00:00,160.952343555,2.355
 07/13  24:00:00,141.01320901,2.355
 07/14  01:00:00,128.53237939299999,3.4992670017500003
 07/14  02:00:00,127.47135025200001,2.355
 07/14  03:00:00,125.10012464,2.355
 07/14  04:00:00,149.22447967899998,3.4991515204800003
 07/14  05:00:00,147.840805729,2.355
 07/14  06:00:00,190.069985541,5.6276114682700005
 07/14  07:00:00,202.26034331900001,19.2938676904
 07/14  08:00:00,269.739030511,8.1925
 07/14  09:00:00,309.329216833,11.672271370799999
 07/14  10:00:00,309.749620175,11.6724046162
 07/14  11:00:00,330.42685274,11.672697211600001
 07/14  12:00:00,329.183628316,11.672633663900001
 07/14  13:00:00,324.068054562,11.6727310948
 07/14  14:00:00,307.711018318,12.1772964275
 07/14  15:00:00,309.46191008799997,11.6724023004
 07/14  16:00:00,305.960882454,12.0838978048
 07/14  17:00:00,297.997483063,12.11843712
 07/14  18:00:00,288.89588913,9.73914808013
 07/14  19:00:00,266.177615402,11.5834365323
 07/14  20:00:00,238.64319743599998,9.8495197007
 07/14  21:00:00,181.58124556299998,4.69
 07/14  22:00:00,125.765313338,3.4994207843800003
 07/14  23:00:00,155.964788782,2.355
 07/14  24:00:00,134.609094822,3.4992095427900005
 07/15  01:00:00,120.955589426,1.77125
 07/15  02:00:00,119.250214591,1.77125
 07/15  03:00:00,117.847991955,2.9155131400200003
 07/15  04:00:00,124.225966894,1.77125
 07/15  05:00:00,122.310435491,1.77125
 07/15  06:00:00,149.232489412,34.2551878948
 07/15  07:00:00,167.339043035,65.8448420087
 07/15  08:00:00,229.243137322,55.6614496904
 07/15  09:00:00,254.941110495,33.714467453299996
 07/15  10:00:00,281.927777713,13.2311758107
 07/15  11:00:00,307.453707683,11.672488415799998
 07/15  12:00:00,300.81440267799996,11.672609505599999
 07/15  13:00:00,302.998714525,11.672711593299999
 07/15  14:00:00,295.571359906,11.6725689719
 07/15  15:00:00,291.944698335,11.6724937775
 07/15  16:00:00,289.551929787,11.6724052974
 07/15  17:00:00,287.651454589,11.672509525999999
 07/15  18:00:00,268.086377066,10.1564732553
 07/15  19:00:00,229.610198845,7.0022183899899995
 07/15  20:00:00,214.32164062,5.8575
 07/15  21:00:00,172.1957423,4.66706525651
 07/15  22:00:00,122.98420948299999,1.77125
 07/15  23:00:00,152.05757822799998,2.9155958198799996
 07/15  24:00:00,130.68807059600002,1.77125
 07/16  01:00:00,120.74162746799999,1.77125
 07/16  02:00:00,119.30269855200001,2.9155641841000004
 07/16  03:00:00,117.87344385700001,1.77125
 07/16  04:00:00,123.72454555700001,1.77125
 07/16  05:00:00,121.608314995,2.91549583662
 07/16  06:00:00,148.847901986,47.1102636917
 07/16  07:00:00,167.677332993,72.5221748075
 07/16  08:00:00,204.027710083,56.6070456661
 07/16  09:00:00,185.822217213,43.0453446929
 07/16  10:00:00,219.677884206,27.7291818217
 07/16  11:00:00,245.03889685400003,12.5273255658
 07/16  12:00:00,263.504749012,10.5048025099
 07/16  13:00:00,264.90559893200003,10.5047458748
 07/16  14:00:00,264.801887212,10.5048053317
 07/16  15:00:00,265.532056292,9.36
 07/16  16:00:00,265.375793466,10.5047829345
 07/16  17:00:00,231.402335483,8.738705879349999
 07/16  18:00:00,230.602333878,5.07644675085
 07/16  19:00:00,218.01022012400003,5.834671773869999
 07/16  20:00:00,201.79043670099998,5.834456712030001
 07/16  21:00:00,187.366823453,4.69
 07/16  22:00:00,123.732782734,1.77125
 07/16  23:00:00,153.25714065100001,2.91552179265
 07/16  24:00:00,131.32434258700002,1.77125
 07/17  01:00:00,122.46779104,2.355
 07/17  02:00:00,120.778504676,3.49926515384
 07/17  03:00:00,119.34448989799999,2.355
 07/17  04:00:00,125.673029214,2.355
 07/17  05:00:00,124.50047933399999,3.49924970917
 07/17  06:00:00,167.866443423,35.3260410405
 07/17  07:00:00,183.60817022400002,60.488652244799994
 07/17  08:00:00,261.65443527400004,35.8673024675
 07/17  09:00:00,297.914798165,11.67214646
 07/17  10:00:00,300.88227596400003,10.5275
 07/17  11:00:00,326.873727469,11.6725950139
 07/17  12:00:00,326.448577854,12.8178321099
 07/17  13:00:00,334.85991198799996,11.672685165
 07/17  14:00:00,329.332281005,11.672480453499999
 07/17  15:00:00,324.84095116,10.5275
 07/17  16:00:00,320.025497219,11.6725175234
 07/17  17:00:00,312.101770215,11.6724394642
 07/17  18:00:00,297.755609505,10.5047662798
 07/17  19:00:00,284.472277217,10.504802740299999
 07/17  20:00:00,250.49516812,10.1941070699
 07/17  21:00:00,189.43296176799998,4.69
 07/17  22:00:00,123.930095559,3.49936376611
 07/17  23:00:00,153.902684841,2.355
 07/17  24:00:00,129.491347153,2.355
 07/18  01:00:00,114.561657954,2.355
 07/18  02:00:00,110.17466606200001,3.499242981
 07/18  03:00:00,106.281020413,2.355
 07/18  04:00:00,125.150195967,2.355
 07/18  05:00:00,121.60114808700001,3.4992305686500003
 07/18  06:00:00,162.632880962,83.43685529470001
 07/18  07:00:00,166.41239225299998,105.461761882
 07/18  08:00:00,235.459010085,83.0242598082
 07/18  09:00:00,264.231904812,57.2813021292
 07/18  10:00:00,254.989867774,41.9625902803
 07/18  11:00:00,286.129447839,23.2124885537
 07/18  12:00:00,272.334855979,13.368826956800001
 07/18  13:00:00,271.478872851,11.6727226673
 07/18  14:00:00,269.161289602,11.6725169881
 07/18  15:00:00,268.732686694,11.672332835599999
 07/18  16:00:00,272.76263359,10.5275
 07/18  17:00:00,272.92150819299997,11.6724739015
 07/18  18:00:00,267.834474593,10.5047997975
 07/18  19:00:00,246.822199637,10.5046696617
 07/18  20:00:00,216.365669895,13.9536405723
 07/18  21:00:00,165.539386001,4.69
 07/18  22:00:00,109.48649455799999,3.4993950694400002
 07/18  23:00:00,140.402870828,2.355
 07/18  24:00:00,114.97593220899999,2.355
 07/19  01:00:00,105.46752823799999,2.355
 07/19  02:00:00,104.031984049,3.49927388119
 07/19  03:00:00,102.917073165,2.355
 07/19  04:00:00,108.99824821200001,2.355
 07/19  05:00:00,107.78585636700001,3.4992610906099997
 07/19  06:00:00,149.479914716,84.3820348636
 07/19  07:00:00,160.134762538,110.80431419700001
 07/19  08:00:00,236.19568304599997,100.13148363200001
 07/19  09:00:00,266.605561172,69.9195844254
 07/19  10:00:00,262.335606707,47.7163743908
 07/19  11:00:00,292.23833449200004,27.9619226158
 07/19  12:00:00,279.339456393,17.4816859071
 07/19  13:00:00,278.996726626,11.6727451075
 07/19  14:00:00,275.673206361,11.6725385296
 07/19  15:00:00,272.083914293,11.6723534984
 07/19  16:00:00,272.824962855,10.5275
 07/19  17:00:00,272.694434438,11.672493241700002
 07/19  18:00:00,268.54117581599996,10.5048182329
 07/19  19:00:00,257.54131202900004,10.5046872563
 07/19  20:00:00,224.39664329599998,9.33723138411
 07/19  21:00:00,168.96482205799998,4.69
 07/19  22:00:00,107.274774781,3.49941121199
 07/19  23:00:00,137.404588435,2.355
 07/19  24:00:00,111.101224378,2.355
 07/20  01:00:00,100.86306112700001,3.49922129264
 07/20  02:00:00,98.35881797520001,2.355
 07/20  03:00:00,96.6684956835,2.355
 07/20  04:00:00,102.141497052,2.355
 07/20  05:00:00,100.796581957,3.4992116140199996
 07/20  06:00:00,142.90257025100001,123.696379099
 07/20  07:00:00,152.90387801,136.634498264
 07/20  08:00:00,232.739840619,105.116775887
 07/20  09:00:00,266.091311097,62.3582577704
 07/20  10:00:00,258.387303905,35.3380497129
 07/20  11:00:00,291.758165059,15.5374264725
 07/20  12:00:00,285.301153066,11.8723049095
 07/20  13:00:00,285.239918129,11.672753200499999
 07/20  14:00:00,283.321591873,11.6725457891
 07/20  15:00:00,280.568839244,11.6723599151
 07/20  16:00:00,282.270136183,10.5275
 07/20  17:00:00,281.156511293,11.6724983765
 07/20  18:00:00,273.569401559,10.5048225037
 07/20  19:00:00,261.823320918,10.5046906862
 07/20  20:00:00,233.12635867,9.33723375642
 07/20  21:00:00,178.299371863,4.69
 07/20  22:00:00,118.214012792,3.4994132776199995
 07/20  23:00:00,146.978821716,2.355
 07/20  24:00:00,121.949429542,2.355
 07/21  01:00:00,111.678295351,3.4992231808699996
 07/21  02:00:00,110.38589235200001,2.355
 07/21  03:00:00,108.642047132,2.355
 07/21  04:00:00,130.055882656,2.355
 07/21  05:00:00,127.56039690799999,3.49921320557
 07/21  06:00:00,169.914341597,86.24151947899999
 07/21  07:00:00,175.781084232,107.543501623
 07/21  08:00:00,245.524508803,83.7531185381
 07/21  09:00:00,277.095145115,51.8241263892
 07/21  10:00:00,271.03392532,31.5731477486
 07/21  11:00:00,294.967426289,17.6234443644
 07/21  12:00:00,278.680242442,17.4008049468
 07/21  13:00:00,277.852378309,12.0558658834
 07/21  14:00:00,271.974306092,11.6725389167
 07/21  15:00:00,266.82527832700004,11.6723522347
 07/21  16:00:00,267.270136325,10.5275
 07/21  17:00:00,268.38342749,11.6724894542
 07/21  18:00:00,263.91946437,10.5048127575
 07/21  19:00:00,245.870081497,14.7968340103
 07/21  20:00:00,217.977805815,23.109621562399997
 07/21  21:00:00,168.238376431,4.80944172002
 07/21  22:00:00,113.70608588799999,3.49940140997
 07/21  23:00:00,143.15762800000002,2.355
 07/21  24:00:00,116.00972294700001,2.355
 07/22  01:00:00,102.782622764,2.9156015725200004
 07/22  02:00:00,100.638057251,1.77125
 07/22  03:00:00,99.225788951,1.77125
 07/22  04:00:00,104.97971660200001,2.9155100810900003
 07/22  05:00:00,103.906538201,1.77125
 07/22  06:00:00,134.792071328,101.61624739700001
 07/22  07:00:00,146.678099734,121.89356431600001
 07/22  08:00:00,211.043571364,101.12949366299999
 07/22  09:00:00,237.199158701,72.4460585612
 07/22  10:00:00,263.49183605900004,43.4674823683
 07/22  11:00:00,291.570880043,23.0727184696
 07/22  12:00:00,276.77539983099996,14.682778100799998
 07/22  13:00:00,276.882753531,11.6726227208
 07/22  14:00:00,274.808738042,11.672437054000001
 07/22  15:00:00,270.15571841599996,11.6723513969
 07/22  16:00:00,272.556828212,11.6724600272
 07/22  17:00:00,273.30076605700003,11.6723445115
 07/22  18:00:00,253.219155606,9.09071830092
 07/22  19:00:00,211.64339956,7.00224177981
 07/22  20:00:00,195.964002292,12.6464300971
 07/22  21:00:00,157.64083125,4.058643930680001
 07/22  22:00:00,108.487227929,2.91567477884
 07/22  23:00:00,138.803073089,1.77125
 07/22  24:00:00,112.751351586,2.9156245979400004
 07/23  01:00:00,102.44457674200001,1.77125
 07/23  02:00:00,101.11514373899999,1.77125
 07/23  03:00:00,101.381369555,2.91551820424
 07/23  04:00:00,107.77097319399999,1.77125
 07/23  05:00:00,106.464130096,1.77125
 07/23  06:00:00,136.561366451,112.45619055600001
 07/23  07:00:00,149.428697801,129.000267068
 07/23  08:00:00,187.888638364,96.7871558366
 07/23  09:00:00,170.02305024,76.6181867052
 07/23  10:00:00,204.179140798,56.3090479803
 07/23  11:00:00,233.67182453400002,36.7921829101
 07/23  12:00:00,248.485372765,14.4299346023
 07/23  13:00:00,246.27137364,9.36
 07/23  14:00:00,239.87115589400003,10.5047991455
 07/23  15:00:00,236.941401021,10.5047237842
 07/23  16:00:00,239.100085667,10.5046930954
 07/23  17:00:00,209.613335347,7.025
 07/23  18:00:00,212.73054293,5.8345655474800004
 07/23  19:00:00,198.595256595,5.83464512449
 07/23  20:00:00,184.116098112,16.4208222554
 07/23  21:00:00,173.788627694,8.941189107949999
 07/23  22:00:00,110.51836219,1.77125
 07/23  23:00:00,140.664790196,1.77125
 07/23  24:00:00,114.65752799200001,2.91551865659
 07/24  01:00:00,107.246980189,2.355
 07/24  02:00:00,105.274638244,2.355
 07/24  03:00:00,103.42957937799999,2.355
 07/24  04:00:00,108.92850097,3.4992517795599998
 07/24  05:00:00,107.685915972,2.355
 07/24  06:00:00,150.062660691,101.86410529700001
 07/24  07:00:00,164.29366154,111.780353816
 07/24  08:00:00,246.954331582,74.5609405476
 07/24  09:00:00,282.337834866,35.738145390300005
 07/24  10:00:00,278.835429607,15.1814740858
 07/24  11:00:00,304.028929119,11.672586528499998
 07/24  12:00:00,291.69244459099997,11.6727517796
 07/24  13:00:00,292.027298824,11.672582913
 07/24  14:00:00,288.049419628,11.672445189400001
 07/24  15:00:00,286.270436776,11.672489938800002
 07/24  16:00:00,288.895131032,11.672398508599999
 07/24  17:00:00,287.469999084,11.672527638399998
 07/24  18:00:00,281.019923243,10.504798833099999
 07/24  19:00:00,269.331965075,9.36
 07/24  20:00:00,231.766349429,10.7470131149
 07/24  21:00:00,176.23441279099998,5.8344956001199995
 07/24  22:00:00,114.47621157200001,2.355
 07/24  23:00:00,143.866067379,2.355
 07/24  24:00:00,118.162179695,3.4992499767500003
 07/25  01:00:00,107.283122965,2.355
 07/25  02:00:00,105.622394986,2.355
 07/25  03:00:00,104.284155468,2.355
 07/25  04:00:00,127.17318189,3.4992017536800004
 07/25  05:00:00,126.688527866,2.355
 07/25  06:00:00,170.163530452,75.2258672933
 07/25  07:00:00,176.950988852,95.32008436870001
 07/25  08:00:00,248.27808435900002,63.0444012926
 07/25  09:00:00,284.141120167,23.549867248600002
 07/25  10:00:00,283.50251168200003,11.6723103508
 07/25  11:00:00,312.388034516,11.672533016400001
 07/25  12:00:00,302.931823875,11.6726970996
 07/25  13:00:00,300.95164924700003,11.6727803634
 07/25  14:00:00,294.709480186,11.672388729100001
 07/25  15:00:00,291.751365699,11.6724325821
 07/25  16:00:00,292.218469097,11.672340486500001
 07/25  17:00:00,292.652905547,11.6724685479
 07/25  18:00:00,288.75359340299997,9.36
 07/25  19:00:00,270.826282723,10.5047868251
 07/25  20:00:00,237.80786610400003,11.0235581277
 07/25  21:00:00,183.424586197,4.69
 07/25  22:00:00,127.570672786,3.4994246478099997
 07/25  23:00:00,155.438530662,2.355
 07/25  24:00:00,132.841669968,2.355
 07/26  01:00:00,119.13622522799999,3.4992719303699995
 07/26  02:00:00,116.39069816799999,2.355
 07/26  03:00:00,115.081660265,2.355
 07/26  04:00:00,122.207711663,3.4992055007699996
 07/26  05:00:00,120.922673782,2.355
 07/26  06:00:00,164.405009057,26.8612892327
 07/26  07:00:00,180.939300465,51.576655753900006
 07/26  08:00:00,260.154826551,29.236923801
 07/26  09:00:00,296.50228048400004,11.6721578177
 07/26  10:00:00,300.019223838,11.6722467894
 07/26  11:00:00,325.086918386,11.672707783699998
 07/26  12:00:00,320.864740157,11.672631148499999
 07/26  13:00:00,326.741623046,11.6727134935
 07/26  14:00:00,322.950218393,11.6725380975
 07/26  15:00:00,319.681115868,11.672364243699999
 07/26  16:00:00,319.796409159,11.6724748359
 07/26  17:00:00,315.673888207,11.672398341600001
 07/26  18:00:00,305.531533022,9.36
 07/26  19:00:00,294.61900914,10.5047158689
 07/26  20:00:00,263.78019369599997,10.1172586799
 07/26  21:00:00,202.520811992,4.69
 07/26  22:00:00,131.121645046,3.49940634286
 07/26  23:00:00,159.479408866,2.355
 07/26  24:00:00,138.910096314,2.355
 07/27  01:00:00,126.94232288100001,3.49926778574
 07/27  02:00:00,126.173676285,2.355
 07/27  03:00:00,124.954734178,2.355
 07/27  04:00:00,131.347483592,3.49926275576
 07/27  05:00:00,129.470208563,2.355
 07/27  06:00:00,172.957774388,6.46182283941
 07/27  07:00:00,188.134594253,34.3363190727
 07/27  08:00:00,265.58241141400003,17.143239561199998
 07/27  09:00:00,302.400517127,11.6722411118
 07/27  10:00:00,302.826902108,11.6723586345
 07/27  11:00:00,324.378306617,11.6726313168
 07/27  12:00:00,321.099848287,11.6725541952
 07/27  13:00:00,328.192843606,11.6726352718
 07/27  14:00:00,328.11714877099996,11.6724593405
 07/27  15:00:00,326.086455238,11.6724848699
 07/27  16:00:00,323.981031757,11.672394369700001
 07/27  17:00:00,313.141915913,10.5275
 07/27  18:00:00,297.74208004900004,11.585373580799999
 07/27  19:00:00,280.720162272,11.157083296500002
 07/27  20:00:00,251.07349181200001,9.337173789489999
 07/27  21:00:00,189.04456074900003,4.69
 07/27  22:00:00,126.931462365,3.49941766513
 07/27  23:00:00,156.28917211,2.355
 07/27  24:00:00,136.239960044,2.355
 07/28  01:00:00,125.745560106,3.49925278296
 07/28  02:00:00,124.79930806600001,2.355
 07/28  03:00:00,123.764381019,2.355
 07/28  04:00:00,148.58998274299998,2.355
 07/28  05:00:00,147.948644876,3.4992442684400005
 07/28  06:00:00,193.23413160400003,7.586538471869999
 07/28  07:00:00,200.723855706,36.6379478355
 07/28  08:00:00,264.493320106,26.121134935900002
 07/28  09:00:00,294.494557906,11.672156001
 07/28  10:00:00,289.369809289,11.6722727651
 07/28  11:00:00,308.80465599400003,11.6725444043
 07/28  12:00:00,301.637347979,11.6727217899
 07/28  13:00:00,309.258095244,11.6725468971
 07/28  14:00:00,308.14753478299997,11.672370018399999
 07/28  15:00:00,304.803321029,11.6723948153
 07/28  16:00:00,303.378128645,10.5275
 07/28  17:00:00,297.51955308,11.672524666400001
 07/28  18:00:00,285.58986693,11.4980522016
 07/28  19:00:00,267.711104088,10.504705533300001
 07/28  20:00:00,248.75403327799998,9.33724152113
 07/28  21:00:00,184.86712788,4.69
 07/28  22:00:00,127.948199016,3.49941899549
 07/28  23:00:00,156.487018301,2.355
 07/28  24:00:00,136.100684667,2.355
 07/29  01:00:00,123.512739446,2.9156167956299996
 07/29  02:00:00,122.512872304,1.77125
 07/29  03:00:00,121.959268055,1.77125
 07/29  04:00:00,129.22181556799998,2.9155234230500002
 07/29  05:00:00,128.14877910200002,1.77125
 07/29  06:00:00,159.12417623,10.9980350657
 07/29  07:00:00,173.29830669999998,47.9291840998
 07/29  08:00:00,234.29554909599997,37.576359531
 07/29  09:00:00,260.635983704,17.092501039800002
 07/29  10:00:00,287.599881343,11.6721478207
 07/29  11:00:00,313.685805744,11.672615251099998
 07/29  12:00:00,306.701650625,11.6725069714
 07/29  13:00:00,309.158044798,11.672595715
 07/29  14:00:00,306.063734795,11.672405393499998
 07/29  15:00:00,306.096161381,11.672523643800002
 07/29  16:00:00,307.980236914,11.6724158988
 07/29  17:00:00,307.611972946,10.5275
 07/29  18:00:00,281.085736323,10.3976230112
 07/29  19:00:00,238.03328418400002,7.55578705291
 07/29  20:00:00,224.73973444799998,7.00211866496
 07/29  21:00:00,176.673286642,3.5225
 07/29  22:00:00,127.292334519,2.9157172931999997
 07/29  23:00:00,156.153669273,1.77125
 07/29  24:00:00,136.306550233,2.91555931648
 07/30  01:00:00,125.76834146899999,1.77125
 07/30  02:00:00,124.9989189,1.77125
 07/30  03:00:00,124.46205544,1.77125
 07/30  04:00:00,131.763368655,2.9155230903400002
 07/30  05:00:00,131.252658084,1.77125
 07/30  06:00:00,162.572823946,5.618020137899999
 07/30  07:00:00,178.69292376400003,32.3412890889
 07/30  08:00:00,211.244621437,29.1860978956
 07/30  09:00:00,191.13580854900002,28.470610243299998
 07/30  10:00:00,224.211563804,16.3619184133
 07/30  11:00:00,246.767615935,13.186194563299999
 07/30  12:00:00,266.74432504099997,10.504811203300001
 07/30  13:00:00,265.970513637,9.36
 07/30  14:00:00,257.026465914,10.5047071306
 07/30  15:00:00,251.380271605,10.5047938415
 07/30  16:00:00,251.90220058,10.5047643185
 07/30  17:00:00,223.547779549,9.56923951864
 07/30  18:00:00,225.58192807900002,19.788373445599998
 07/30  19:00:00,213.960557585,20.7781756115
 07/30  20:00:00,205.669362068,21.7455805599
 07/30  21:00:00,189.583555455,4.69
 07/30  22:00:00,126.682111983,2.91560228603
 07/30  23:00:00,156.066484463,1.77125
 07/30  24:00:00,135.485981975,1.77125
 07/31  01:00:00,127.37840206700001,3.4992671315
 07/31  02:00:00,126.77993484,2.355
 07/31  03:00:00,126.53204736200001,2.355
 07/31  04:00:00,133.455313269,3.49919982929
 07/31  05:00:00,132.155593872,2.355
 07/31  06:00:00,174.585198654,16.2980784711
 07/31  07:00:00,190.26277611900002,48.6640004849
 07/31  08:00:00,266.87853201,28.769395992800003
 07/31  09:00:00,298.91497241900004,11.6721454695
 07/31  10:00:00,298.101161498,11.672416701500001
 07/31  11:00:00,318.253631047,11.672685081600001
 07/31  12:00:00,315.342318736,11.672604828199999
 07/31  13:00:00,320.228705708,11.672682751500002
 07/31  14:00:00,313.887932864,11.6725044563
 07/31  15:00:00,309.382095227,11.672327691400001
 07/31  16:00:00,313.196833491,11.672434059
 07/31  17:00:00,315.15931786,11.672354188599998
 07/31  18:00:00,306.07253257900004,9.36
 07/31  19:00:00,296.588667833,10.5046689556
 07/31  20:00:00,270.562098407,9.33720624141
 07/31  21:00:00,194.32808746799998,4.69
 07/31  22:00:00,130.33613555600002,3.4994020013599996
 07/31  23:00:00,159.179558781,2.355
 07/31  24:00:00,139.97107226,2.355
 08/01  01:00:00,129.345240341,3.4992153661300005
 08/01  02:00:00,129.085595541,2.355
 08/01  03:00:00,128.87376496,2.355
 08/01  04:00:00,156.486007332,3.49920943333
 08/01  05:00:00,156.454094462,2.355
 08/01  06:00:00,202.034202758,4.69
 08/01  07:00:00,212.10228472900002,8.38920702605
 08/01  08:00:00,277.566849155,8.1925
 08/01  09:00:00,315.288291592,11.672180944
 08/01  10:00:00,313.828438175,11.6722945541
 08/01  11:00:00,329.97704901599997,11.6725622265
 08/01  12:00:00,321.49550065299997,11.672736007200001
 08/01  13:00:00,324.734609448,11.6725586798
 08/01  14:00:00,318.64861394900004,11.6723797214
 08/01  15:00:00,312.879394555,11.6724017396
 08/01  16:00:00,313.14628147400003,10.5275
 08/01  17:00:00,313.554613352,11.6725283767
 08/01  18:00:00,299.707186892,12.056391503
 08/01  19:00:00,273.15205581,11.5769114584
 08/01  20:00:00,247.720896962,9.33723840453
 08/01  21:00:00,184.12072502900003,4.69
 08/01  22:00:00,127.69684748700001,3.49941512872
 08/01  23:00:00,157.24679306299998,2.355
 08/01  24:00:00,136.022669422,2.355
 08/02  01:00:00,124.91598709700001,3.49922344884
 08/02  02:00:00,123.55645862700001,2.355
 08/02  03:00:00,122.52052101299999,2.355
 08/02  04:00:00,129.710030557,2.355
 08/02  05:00:00,128.603507708,3.49921081648
 08/02  06:00:00,176.881845478,6.13111569884
 08/02  07:00:00,188.795455106,24.511445080700003
 08/02  08:00:00,264.343394467,16.239303836199998
 08/02  09:00:00,296.088283763,11.67220851
 08/02  10:00:00,291.840858206,10.5275
 08/02  11:00:00,311.769145518,11.672634094200001
 08/02  12:00:00,303.93762608,12.8178623493
 08/02  13:00:00,304.694563183,11.6726775757
 08/02  14:00:00,301.22041739599996,11.6724624403
 08/02  15:00:00,303.304122831,10.5275
 08/02  16:00:00,304.76794115,11.6724851821
 08/02  17:00:00,305.04255841099996,11.6723942404
 08/02  18:00:00,296.555140565,10.5048993428
 08/02  19:00:00,280.713596021,10.5047329831
 08/02  20:00:00,257.100751575,8.1925
 08/02  21:00:00,191.515260285,5.83458586992
 08/02  22:00:00,129.12806971700002,2.355
 08/02  23:00:00,158.662090606,3.49928480829
 08/02  24:00:00,138.426537997,2.355
 08/03  01:00:00,127.66451662,2.355
 08/03  02:00:00,127.499592274,3.4992241447300003
 08/03  03:00:00,127.382894043,2.355
 08/03  04:00:00,135.404657596,2.355
 08/03  05:00:00,134.80722757,3.4992048819300003
 08/03  06:00:00,182.455443751,4.69
 08/03  07:00:00,195.70564920700002,16.555958936
 08/03  08:00:00,270.24898202099996,11.3183679892
 08/03  09:00:00,301.994572735,10.5275
 08/03  10:00:00,302.35476737700003,11.672387802000001
 08/03  11:00:00,321.872853171,11.672496965999999
 08/03  12:00:00,315.795469367,11.6726202933
 08/03  13:00:00,319.731714838,12.817741743
 08/03  14:00:00,312.056350377,10.5275
 08/03  15:00:00,307.930729003,11.6724500174
 08/03  16:00:00,307.398878185,11.6723455394
 08/03  17:00:00,305.956846818,11.672459738099999
 08/03  18:00:00,297.254038504,10.5047586399
 08/03  19:00:00,287.863855025,10.5047550521
 08/03  20:00:00,266.97110148400003,8.1925
 08/03  21:00:00,197.731748103,5.83457044814
 08/03  22:00:00,131.796336437,2.355
 08/03  23:00:00,159.903567407,3.49929856935
 08/03  24:00:00,140.75754015200002,2.355
 08/04  01:00:00,130.099984034,2.355
 08/04  02:00:00,129.76444652200001,3.49921816635
 08/04  03:00:00,129.524528485,2.355
 08/04  04:00:00,157.07913715700002,2.355
 08/04  05:00:00,156.935564862,2.355
 08/04  06:00:00,205.978707115,5.83425717602
 08/04  07:00:00,213.29055887799998,7.52142237115
 08/04  08:00:00,278.447679612,9.33709052132
 08/04  09:00:00,311.473069576,10.5275
 08/04  10:00:00,309.575547394,11.6722439479
 08/04  11:00:00,326.615249361,11.672590777
 08/04  12:00:00,325.948463499,11.6727298097
 08/04  13:00:00,333.286716,11.6725576077
 08/04  14:00:00,331.54098948,11.6724494275
 08/04  15:00:00,328.247375212,11.6723037276
 08/04  16:00:00,331.528827311,11.6724010122
 08/04  17:00:00,311.96279507400004,12.430135777
 08/04  18:00:00,300.249872801,10.504800084500001
 08/04  19:00:00,283.432725046,9.36
 08/04  20:00:00,256.938290455,9.33725224776
 08/04  21:00:00,189.938918388,5.83454873962
 08/04  22:00:00,131.13183288,2.355
 08/04  23:00:00,158.636799775,2.355
 08/04  24:00:00,139.43648034,3.49923471939
 08/05  01:00:00,126.32724032700001,1.77125
 08/05  02:00:00,125.72326959200001,1.77125
 08/05  03:00:00,125.032129736,2.9155103014
 08/05  04:00:00,132.563798711,1.77125
 08/05  05:00:00,131.3604775,1.77125
 08/05  06:00:00,164.479860705,5.34812037042
 08/05  07:00:00,175.736788162,34.0428929072
 08/05  08:00:00,237.83179083599998,24.998815663600002
 08/05  09:00:00,268.387638911,9.36
 08/05  10:00:00,303.57072645700003,11.6723499112
 08/05  11:00:00,329.953903563,11.6726260928
 08/05  12:00:00,326.263121681,11.672725316700001
 08/05  13:00:00,332.1189477,11.6725585695
 08/05  14:00:00,329.159436367,11.6724370935
 08/05  15:00:00,328.498218913,11.6723487644
 08/05  16:00:00,329.691602997,11.672452531700001
 08/05  17:00:00,328.238233359,11.6723347575
 08/05  18:00:00,297.964218292,9.33737838057
 08/05  19:00:00,256.2328651,7.002217551289999
 08/05  20:00:00,238.627782637,6.27191562763
 08/05  21:00:00,185.163783285,4.66705373566
 08/05  22:00:00,128.77904068,1.77125
 08/05  23:00:00,156.729282691,2.91567125817
 08/05  24:00:00,136.887554559,1.77125
 08/06  01:00:00,126.237446679,1.77125
 08/06  02:00:00,125.74773374700001,2.9155382481700003
 08/06  03:00:00,124.425601801,1.77125
 08/06  04:00:00,129.80226003299998,1.77125
 08/06  05:00:00,128.758444198,2.9155355436000003
 08/06  06:00:00,162.676854524,5.0245670991699996
 08/06  07:00:00,174.86780553,32.9337184293
 08/06  08:00:00,210.786885367,20.5160007762
 08/06  09:00:00,195.13275666200002,6.78087156242
 08/06  10:00:00,234.531200158,8.16961121084
 08/06  11:00:00,257.802179492,7.025
 08/06  12:00:00,281.718212009,10.5047218384
 08/06  13:00:00,284.95451216099997,10.5048196797
 08/06  14:00:00,278.847886043,10.504692820199999
 08/06  15:00:00,276.10505422200004,9.36
 08/06  16:00:00,278.15668103400003,10.5048274456
 08/06  17:00:00,247.039177002,8.16969922636
 08/06  18:00:00,243.51073143,5.903290579809999
 08/06  19:00:00,225.648763987,7.02879734595
 08/06  20:00:00,208.447243435,5.346851432219999
 08/06  21:00:00,190.258195226,5.83444398516
 08/06  22:00:00,125.659594293,1.77125
 08/06  23:00:00,155.152611374,2.91549316802
 08/06  24:00:00,133.988715812,1.77125
 08/07  01:00:00,125.07944872700001,2.355
 08/07  02:00:00,124.503219829,3.4992239204300004
 08/07  03:00:00,124.092349356,2.355
 08/07  04:00:00,131.64369005700001,2.355
 08/07  05:00:00,131.554876148,2.355
 08/07  06:00:00,178.775339063,7.42043479834
 08/07  07:00:00,190.463226187,29.196148788200002
 08/07  08:00:00,266.80920669700004,17.3814917326
 08/07  09:00:00,301.50200275,10.5275
 08/07  10:00:00,299.846368064,11.672246292899999
 08/07  11:00:00,323.662146152,11.6725912772
 08/07  12:00:00,317.30378804400004,11.6727287506
 08/07  13:00:00,322.34292896,11.6725554798
 08/07  14:00:00,312.685881269,11.6724461917
 08/07  15:00:00,307.344236512,11.6722994597
 08/07  16:00:00,308.830570269,11.6723953604
 08/07  17:00:00,310.450688226,11.6725108436
 08/07  18:00:00,301.494423606,10.504792032300001
 08/07  19:00:00,289.85826187,9.36
 08/07  20:00:00,262.56265405700003,9.33724318098
 08/07  21:00:00,192.80873990400002,5.83453891662
 08/07  22:00:00,129.159120866,2.355
 08/07  23:00:00,157.74073023,2.355
 08/07  24:00:00,137.19152328,3.4992247448500002
 08/08  01:00:00,126.357003928,2.355
 08/08  02:00:00,126.040487211,2.355
 08/08  03:00:00,126.61196518700001,3.4992391208599996
 08/08  04:00:00,154.84926272799999,2.355
 08/08  05:00:00,155.772705664,2.355
 08/08  06:00:00,205.071770364,4.69
 08/08  07:00:00,210.70300319400002,9.68195765012
 08/08  08:00:00,273.753092867,8.1925
 08/08  09:00:00,310.211236843,11.672214320999998
 08/08  10:00:00,308.76135744,11.6722656374
 08/08  11:00:00,327.295197205,11.672662228699998
 08/08  12:00:00,322.80795551,11.6725620231
 08/08  13:00:00,330.502742204,11.6726386322
 08/08  14:00:00,325.023896999,11.6724933057
 08/08  15:00:00,321.988989159,11.6723298855
 08/08  16:00:00,316.020497476,11.672428695
 08/08  17:00:00,311.534103392,11.6723420548
 08/08  18:00:00,303.165849068,10.504811857
 08/08  19:00:00,283.930509745,9.36
 08/08  20:00:00,258.233027752,9.33723343461
 08/08  21:00:00,188.97127407,5.83449610099
 08/08  22:00:00,130.188930463,2.355
 08/08  23:00:00,157.960280452,2.355
 08/08  24:00:00,137.708211676,3.4992496887
 08/09  01:00:00,126.67444730700001,2.355
 08/09  02:00:00,126.06086967799999,2.355
 08/09  03:00:00,125.776187675,2.355
 08/09  04:00:00,133.539605241,3.49914557064
 08/09  05:00:00,132.687470846,2.355
 08/09  06:00:00,179.683942395,4.901841377819999
 08/09  07:00:00,192.116479972,21.0097303141
 08/09  08:00:00,268.6468503,10.496609327
 08/09  09:00:00,303.944609617,11.672201404900001
 08/09  10:00:00,303.001754206,11.6722817509
 08/09  11:00:00,326.26198986,11.672492656
 08/09  12:00:00,320.956943268,11.6726456002
 08/09  13:00:00,326.762892356,11.672718793
 08/09  14:00:00,319.865622302,11.672537220999999
 08/09  15:00:00,315.721878952,11.6723572351
 08/09  16:00:00,316.970467039,11.6724589947
 08/09  17:00:00,324.481006101,11.672375275699999
 08/09  18:00:00,312.559079866,9.36
 08/09  19:00:00,298.89542093299997,10.504687248
 08/09  20:00:00,272.98337984200003,9.71638177466
 08/09  21:00:00,202.066225125,4.69
 08/09  22:00:00,132.446475236,3.4994149740099996
 08/09  23:00:00,160.048289834,2.355
 08/09  24:00:00,140.025174719,2.355
 08/10  01:00:00,129.529450841,3.49922751135
 08/10  02:00:00,129.095006668,2.355
 08/10  03:00:00,128.11291245799998,2.355
 08/10  04:00:00,134.783260675,3.49922048224
 08/10  05:00:00,134.990496579,2.355
 08/10  06:00:00,184.168165601,4.69
 08/10  07:00:00,198.662954764,12.511356261600001
 08/10  08:00:00,273.86011360000003,8.1925
 08/10  09:00:00,310.037824957,11.672184702300001
 08/10  10:00:00,310.26544052,11.6722940954
 08/10  11:00:00,327.025990415,11.672556436099999
 08/10  12:00:00,328.06622803700003,11.672725373499999
 08/10  13:00:00,337.73535688,11.672544914100001
 08/10  14:00:00,337.531121563,11.672353281400001
 08/10  15:00:00,344.250975826,11.6723812874
 08/10  16:00:00,345.70610134699996,10.5275
 08/10  17:00:00,341.16788383200003,11.672503662899999
 08/10  18:00:00,327.329542109,10.5048170126
 08/10  19:00:00,315.39328766,10.504674530700001
 08/10  20:00:00,291.225669343,9.33720444389
 08/10  21:00:00,223.90114156400003,4.69
 08/10  22:00:00,137.03990460100002,3.49938016242
 08/10  23:00:00,163.573991205,2.355
 08/10  24:00:00,145.482707646,2.355
 08/11  01:00:00,135.898122777,2.355
 08/11  02:00:00,133.985177926,3.49925617208
 08/11  03:00:00,133.020376051,2.355
 08/11  04:00:00,160.350220493,2.355
 08/11  05:00:00,159.720201183,3.49923933307
 08/11  06:00:00,213.53283110200002,4.69
 08/11  07:00:00,218.81582177,6.20962880436
 08/11  08:00:00,283.583859718,9.337075937489999
 08/11  09:00:00,322.465418047,11.6721652602
 08/11  10:00:00,324.403942664,10.5275
 08/11  11:00:00,343.917065875,11.6725857454
 08/11  12:00:00,351.609216414,12.817754857
 08/11  13:00:00,364.94946802,11.6726184093
 08/11  14:00:00,368.797629155,11.672400957
 08/11  15:00:00,363.580189978,10.5275
 08/11  16:00:00,358.947238248,11.6724203728
 08/11  17:00:00,352.86800507699996,11.6723265506
 08/11  18:00:00,316.567665772,10.5048282738
 08/11  19:00:00,284.26118473599996,11.6467235475
 08/11  20:00:00,265.195563224,8.1925
 08/11  21:00:00,196.446301917,5.83459481968
 08/11  22:00:00,132.548117869,2.355
 08/11  23:00:00,160.877849535,3.4992857037699996
 08/11  24:00:00,143.09101968299998,2.355
 08/12  01:00:00,131.85643821,1.77125
 08/12  02:00:00,130.986614347,2.9155249413499997
 08/12  03:00:00,129.495250823,1.77125
 08/12  04:00:00,138.211113869,1.77125
 08/12  05:00:00,136.776375484,2.9155171435500002
 08/12  06:00:00,172.204242393,3.5225
 08/12  07:00:00,186.89820666900002,4.881916342819999
 08/12  08:00:00,252.24118664,7.0020765222
 08/12  09:00:00,284.972102533,10.504650360700001
 08/12  10:00:00,314.824952059,10.5275
 08/12  11:00:00,333.386640813,11.6726026294
 08/12  12:00:00,332.092664135,12.817680550699999
 08/12  13:00:00,342.479641678,11.6725821637
 08/12  14:00:00,338.134959651,11.6723515726
 08/12  15:00:00,334.01193981,10.5275
 08/12  16:00:00,334.055688438,11.6724419557
 08/12  17:00:00,325.732921049,11.6723257316
 08/12  18:00:00,297.080899821,9.75310663209
 08/12  19:00:00,258.225516942,7.00223759343
 08/12  20:00:00,248.425448565,5.8575
 08/12  21:00:00,190.15118122400003,4.6670572859099995
 08/12  22:00:00,131.567975863,1.77125
 08/12  23:00:00,158.57519357700002,2.91567023254
 08/12  24:00:00,139.00453343700002,1.77125
 08/13  01:00:00,128.186343548,2.91550114578
 08/13  02:00:00,127.22294367,1.77125
 08/13  03:00:00,126.372179851,1.77125
 08/13  04:00:00,134.304744783,1.77125
 08/13  05:00:00,133.515229641,2.9155076476499997
 08/13  06:00:00,168.825908506,3.5225
 08/13  07:00:00,180.972956452,4.8146500625
 08/13  08:00:00,214.43672528599998,4.666865905930001
 08/13  09:00:00,202.318984076,3.5225
 08/13  10:00:00,248.76864428099998,8.169647530239999
 08/13  11:00:00,277.61989857599997,8.169661584029999
 08/13  12:00:00,317.771989343,9.36
 08/13  13:00:00,323.722606305,10.5045185689
 08/13  14:00:00,289.94681852400004,11.4310509906
 08/13  15:00:00,278.60799414400003,9.36
 08/13  16:00:00,275.920276545,11.086524300899999
 08/13  17:00:00,242.615595997,8.88042083262
 08/13  18:00:00,245.42432359,5.8345205706500005
 08/13  19:00:00,235.307302121,4.69
 08/13  20:00:00,227.514135786,5.8344636865499995
 08/13  21:00:00,204.499956492,4.69
 08/13  22:00:00,132.687630589,1.77125
 08/13  23:00:00,159.97091091299998,2.91552266838
 08/13  24:00:00,141.583948794,1.77125
 08/14  01:00:00,133.626537104,2.355
 08/14  02:00:00,132.292083365,3.49925956486
 08/14  03:00:00,132.578263525,2.355
 08/14  04:00:00,141.541232499,2.355
 08/14  05:00:00,141.408198766,3.49923941868
 08/14  06:00:00,195.598954236,5.13401623394
 08/14  07:00:00,210.975049636,6.31603779349
 08/14  08:00:00,294.231672452,9.33701084763
 08/14  09:00:00,333.961271281,10.5275
 08/14  10:00:00,334.716880785,11.6724146454
 08/14  11:00:00,348.16434113800005,11.672519845799998
 08/14  12:00:00,361.504448264,11.672639412799999
 08/14  13:00:00,371.384292916,12.8177697772
 08/14  14:00:00,370.537737161,10.5275
 08/14  15:00:00,366.46083779099996,11.6724600435
 08/14  16:00:00,363.453131294,11.6723527388
 08/14  17:00:00,359.078000029,11.672463371
 08/14  18:00:00,343.427356905,10.5047599211
 08/14  19:00:00,328.061652858,10.5047535304
 08/14  20:00:00,297.985196016,8.1925
 08/14  21:00:00,229.090302398,5.834566959419999
 08/14  22:00:00,138.755840539,2.355
 08/14  23:00:00,164.952628539,3.49929423143
 08/14  24:00:00,146.560140614,2.355
 08/15  01:00:00,136.76355738700002,2.355
 08/15  02:00:00,133.967146096,2.9651124805299998
 08/15  03:00:00,132.55928159299998,2.88888905522
 08/15  04:00:00,157.621464672,2.355
 08/15  05:00:00,155.69215039,2.355
 08/15  06:00:00,201.93957993900003,5.8342513977
 08/15  07:00:00,205.68068140900002,14.343244718800001
 08/15  08:00:00,273.151540611,9.3370815963
 08/15  09:00:00,311.252345949,10.5275
 08/15  10:00:00,309.138478546,11.6724172264
 08/15  11:00:00,330.767298156,11.6725746124
 08/15  12:00:00,328.600099501,11.6727103378
 08/15  13:00:00,338.906248772,11.6725359181
 08/15  14:00:00,335.41255842,11.672425260499999
 08/15  15:00:00,331.972122147,11.6724755999
 08/15  16:00:00,330.018750383,11.672371533900002
 08/15  17:00:00,324.066720169,11.6724854048
 08/15  18:00:00,310.984657734,10.504765599299999
 08/15  19:00:00,290.434615172,9.36
 08/15  20:00:00,268.277174868,10.174491873
 08/15  21:00:00,193.096524915,5.8345103823399995
 08/15  22:00:00,131.42859576700002,2.355
 08/15  23:00:00,159.446584873,2.355
 08/15  24:00:00,140.03591062,3.4992608772500002
 08/16  01:00:00,128.93302019,2.355
 08/16  02:00:00,128.068074171,2.355
 08/16  03:00:00,127.67439448799999,3.4992099990300005
 08/16  04:00:00,135.625090594,2.355
 08/16  05:00:00,134.93001455700002,2.355
 08/16  06:00:00,186.21619856,4.69
 08/16  07:00:00,197.161991754,9.04234720254
 08/16  08:00:00,276.511787102,8.1925
 08/16  09:00:00,316.03190645,11.6721850052
 08/16  10:00:00,315.231807217,11.6722338898
 08/16  11:00:00,332.720154899,11.6726288848
 08/16  12:00:00,328.296499788,11.6727808227
 08/16  13:00:00,338.83717674,11.6726028419
 08/16  14:00:00,341.116421629,11.6724565921
 08/16  15:00:00,340.593571484,11.6722923284
 08/16  16:00:00,338.315865664,11.672389940599999
 08/16  17:00:00,328.21199184799997,11.6725070798
 08/16  18:00:00,309.766811421,10.504771009099999
 08/16  19:00:00,294.304968315,10.2491351326
 08/16  20:00:00,271.401618415,9.33719176154
 08/16  21:00:00,202.976629674,4.69
 08/16  22:00:00,134.271736877,3.4994203128300003
 08/16  23:00:00,162.03534160700002,2.355
 08/16  24:00:00,143.108922358,3.49920752486
 08/17  01:00:00,133.101381753,2.355
 08/17  02:00:00,132.14029545,2.355
 08/17  03:00:00,131.195208891,2.355
 08/17  04:00:00,138.508525725,3.4992212788699995
 08/17  05:00:00,137.152424147,2.355
 08/17  06:00:00,188.356486302,4.69
 08/17  07:00:00,197.44618109299998,10.0202415123
 08/17  08:00:00,271.451335447,8.1925
 08/17  09:00:00,307.388283538,11.6721577325
 08/17  10:00:00,307.29667968,11.672237368900001
 08/17  11:00:00,323.030262155,11.672684306199999
 08/17  12:00:00,315.50470062700003,11.672599237
 08/17  13:00:00,317.383982841,11.6726715728
 08/17  14:00:00,310.200821965,11.6724894972
 08/17  15:00:00,307.775029891,11.6723089617
 08/17  16:00:00,309.636597833,11.672409885599999
 08/17  17:00:00,309.332247321,11.6723255977
 08/17  18:00:00,301.531912923,9.36
 08/17  19:00:00,288.450721354,10.5046368885
 08/17  20:00:00,265.648833676,9.337169629249999
 08/17  21:00:00,196.214551602,4.69
 08/17  22:00:00,132.09352125,3.4994106211
 08/17  23:00:00,160.04837326700002,2.355
 08/17  24:00:00,140.494760313,2.355
 08/18  01:00:00,129.634002876,3.49924428861
 08/18  02:00:00,129.31591399,2.355
 08/18  03:00:00,129.105242305,2.355
 08/18  04:00:00,156.663268071,2.355
 08/18  05:00:00,156.495819747,3.49923384018
 08/18  06:00:00,208.61841226099997,4.69
 08/18  07:00:00,210.89821054400002,8.87691008156
 08/18  08:00:00,274.383946083,9.33707257607
 08/18  09:00:00,313.22795158,11.6721323671
 08/18  10:00:00,314.387270743,11.672241375399999
 08/18  11:00:00,333.89261509700003,11.6725032175
 08/18  12:00:00,331.735056154,11.672671703299999
 08/18  13:00:00,343.83991375,11.6727409304
 08/18  14:00:00,343.514554253,11.6725230748
 08/18  15:00:00,341.174287123,11.672326391099999
 08/18  16:00:00,339.128139508,10.5275
 08/18  17:00:00,337.498802543,11.672448299000001
 08/18  18:00:00,327.042895538,10.5047613729
 08/18  19:00:00,301.235448388,10.504781224
 08/18  20:00:00,274.744649294,9.337147939760001
 08/18  21:00:00,201.268689827,4.69
 08/18  22:00:00,133.05268943299998,2.355
 08/18  23:00:00,159.798458469,3.4993295701199996
 08/18  24:00:00,139.89500387299998,2.355
 08/19  01:00:00,126.906757701,1.77125
 08/19  02:00:00,124.90645975,2.91556876123
 08/19  03:00:00,123.48905109100001,1.77125
 08/19  04:00:00,129.926830302,1.77125
 08/19  05:00:00,128.462792927,2.91549601104
 08/19  06:00:00,165.247986641,9.43778053682
 08/19  07:00:00,172.11715940099998,46.500249212
 08/19  08:00:00,234.165462934,34.540330217800005
 08/19  09:00:00,260.350609363,17.9917932564
 08/19  10:00:00,287.572159235,11.672324765399999
 08/19  11:00:00,308.934247895,11.6724901683
 08/19  12:00:00,298.94107702,11.6726198031
 08/19  13:00:00,305.438304565,11.6727048979
 08/19  14:00:00,311.217256684,11.672474152000001
 08/19  15:00:00,313.525428978,11.672374297100001
 08/19  16:00:00,320.767743589,10.5275
 08/19  17:00:00,324.153010665,11.6724485674
 08/19  18:00:00,297.590346429,9.33730167046
 08/19  19:00:00,258.75868243900004,7.0021916023
 08/19  20:00:00,246.91429877599998,7.5464498645
 08/19  21:00:00,192.029351119,3.5225
 08/19  22:00:00,133.10827964,2.91564848908
 08/19  23:00:00,159.989795114,1.77125
 08/19  24:00:00,140.588925198,1.77125
 08/20  01:00:00,129.33652593,2.91555032546
 08/20  02:00:00,128.09167905700002,1.77125
 08/20  03:00:00,126.649848812,1.77125
 08/20  04:00:00,133.161797734,2.9154887896
 08/20  05:00:00,132.354619531,1.77125
 08/20  06:00:00,171.670271595,3.5225
 08/20  07:00:00,183.88779504400003,10.0117720539
 08/20  08:00:00,216.173478423,11.3278184904
 08/20  09:00:00,201.072726801,4.55243315566
 08/20  10:00:00,242.278759853,8.16962507467
 08/20  11:00:00,260.469258616,8.16963314706
 08/20  12:00:00,280.504065909,9.36
 08/20  13:00:00,279.377323074,10.504785565299999
 08/20  14:00:00,272.917761312,10.5046707949
 08/20  15:00:00,269.690780113,10.5047556692
 08/20  16:00:00,272.059572201,9.36
 08/20  17:00:00,244.107509189,8.16967498588
 08/20  18:00:00,244.25958056,5.834513963069999
 08/20  19:00:00,229.47029771799998,4.69
 08/20  20:00:00,220.08392200000003,5.9585303953299995
 08/20  21:00:00,191.850940145,4.69
 08/20  22:00:00,126.19865722700001,2.9155519124000002
 08/20  23:00:00,154.427117909,1.77125
 08/20  24:00:00,132.77581915,1.77125
 08/21  01:00:00,124.150560933,3.4992509096900006
 08/21  02:00:00,122.79042330700001,2.355
 08/21  03:00:00,120.762718375,2.355
 08/21  04:00:00,126.18932145299999,2.355
 08/21  05:00:00,123.67166165,3.49923743555
 08/21  06:00:00,171.074239926,41.023687125
 08/21  07:00:00,177.247302702,69.0175556214
 08/21  08:00:00,257.99604011,40.6231116751
 08/21  09:00:00,295.493012259,12.4742251901
 08/21  10:00:00,300.28534310099997,10.5275
 08/21  11:00:00,325.409903742,11.6726496976
 08/21  12:00:00,321.30816599599996,12.817883574000001
 08/21  13:00:00,328.513426169,11.6726835017
 08/21  14:00:00,325.883279124,11.6724661928
 08/21  15:00:00,325.214386403,10.5275
 08/21  16:00:00,325.685107684,11.672485961800001
 08/21  17:00:00,319.345616639,11.672392332200001
 08/21  18:00:00,301.642860182,10.5048945436
 08/21  19:00:00,283.801592128,11.407870633699998
 08/21  20:00:00,258.734383091,10.175004315599999
 08/21  21:00:00,185.136623563,5.8345769049300005
 08/21  22:00:00,121.081729459,2.355
 08/21  23:00:00,149.236297523,3.4992749080900003
 08/21  24:00:00,124.35923293399999,2.355
 08/22  01:00:00,112.082384179,2.355
 08/22  02:00:00,109.24051268299999,3.4992135355
 08/22  03:00:00,106.62215786799999,2.355
 08/22  04:00:00,128.332271676,2.355
 08/22  05:00:00,127.376649398,2.355
 08/22  06:00:00,177.56023092599997,66.1236348795
 08/22  07:00:00,176.184355753,90.4426317666
 08/22  08:00:00,243.053711572,78.1989795388
 08/22  09:00:00,272.46462341,57.979858352600004
 08/22  10:00:00,269.843064059,35.6774261458
 08/22  11:00:00,300.094433968,12.395366445799999
 08/22  12:00:00,293.72778205599997,11.672598686099999
 08/22  13:00:00,297.512255111,11.6726786599
 08/22  14:00:00,294.785733273,11.672569371500002
 08/22  15:00:00,293.714531544,11.672422201
 08/22  16:00:00,296.021518722,11.6723158846
 08/22  17:00:00,296.530914883,11.672427631
 08/22  18:00:00,291.487934442,10.5049137448
 08/22  19:00:00,273.61799003,10.504719291599999
 08/22  20:00:00,251.711409328,9.34788569839
 08/22  21:00:00,180.73939976900002,5.83453326109
 08/22  22:00:00,123.103555801,2.355
 08/22  23:00:00,151.67359449399999,3.4992607964499998
 08/22  24:00:00,128.28137112,2.355
 08/23  01:00:00,116.67803992200001,2.355
 08/23  02:00:00,114.72364579200001,2.355
 08/23  03:00:00,113.264253901,3.4992305835
 08/23  04:00:00,119.251553192,2.355
 08/23  05:00:00,117.56768776,2.355
 08/23  06:00:00,167.16029945399998,45.2374094768
 08/23  07:00:00,173.804328139,74.2602006732
 08/23  08:00:00,252.64345717900002,51.896252886999996
 08/23  09:00:00,288.652963228,15.483394345499999
 08/23  10:00:00,290.981545115,11.672387864300001
 08/23  11:00:00,320.204893502,11.672547122200001
 08/23  12:00:00,316.429477508,11.6726844904
 08/23  13:00:00,322.635797456,11.672761478900002
 08/23  14:00:00,321.097451128,11.672401526300002
 08/23  15:00:00,322.86842083,11.6724532715
 08/23  16:00:00,327.17548085,11.6723504729
 08/23  17:00:00,326.453824725,11.6724658683
 08/23  18:00:00,314.192141537,10.5049359015
 08/23  19:00:00,298.959874124,9.36
 08/23  20:00:00,277.99816394,9.33719791317
 08/23  21:00:00,203.544947407,5.83449353001
 08/23  22:00:00,131.858069511,2.355
 08/23  23:00:00,159.110631409,2.355
 08/23  24:00:00,139.417383661,3.4992443216400004
 08/24  01:00:00,128.658642524,2.355
 08/24  02:00:00,127.660611941,2.355
 08/24  03:00:00,124.694690022,3.49925867555
 08/24  04:00:00,127.43882922200001,2.355
 08/24  05:00:00,121.774004788,2.355
 08/24  06:00:00,167.542583969,31.087732523000003
 08/24  07:00:00,171.455766452,69.2741295455
 08/24  08:00:00,250.073419683,44.357755664799996
 08/24  09:00:00,284.906759136,15.192272561900001
 08/24  10:00:00,285.584155642,11.672408116
 08/24  11:00:00,310.641682257,11.6726198892
 08/24  12:00:00,298.91710121799997,11.6727739802
 08/24  13:00:00,296.362928332,11.6725974822
 08/24  14:00:00,288.915343143,11.6724525975
 08/24  15:00:00,283.089692807,11.672488315399999
 08/24  16:00:00,279.51866600200003,11.6723890144
 08/24  17:00:00,274.94863550599996,11.6725080972
 08/24  18:00:00,266.980472018,10.9116516983
 08/24  19:00:00,252.637118157,10.478020916
 08/24  20:00:00,232.071946473,15.696227713099999
 08/24  21:00:00,170.804797389,4.69
 08/24  22:00:00,111.3109053,3.4994087846699995
 08/24  23:00:00,142.73949277100002,2.355
 08/24  24:00:00,117.750132115,3.49921213256
 08/25  01:00:00,108.172087371,2.355
 08/25  02:00:00,107.548597213,2.355
 08/25  03:00:00,107.45005089700001,2.355
 08/25  04:00:00,132.608344756,3.49922647605
 08/25  05:00:00,132.63944825,2.355
 08/25  06:00:00,184.307882825,46.6273680596
 08/25  07:00:00,183.917143538,75.3755630938
 08/25  08:00:00,249.382222053,60.134169395200004
 08/25  09:00:00,278.359477293,37.7033984518
 08/25  10:00:00,273.77192470299997,19.7596797488
 08/25  11:00:00,302.42209831900004,11.672698666199999
 08/25  12:00:00,296.693327206,11.6726155356
 08/25  13:00:00,301.529458987,11.672690273699999
 08/25  14:00:00,300.535618139,11.6725097676
 08/25  15:00:00,300.110938074,11.6723308099
 08/25  16:00:00,301.305742047,11.672434024700001
 08/25  17:00:00,300.987531583,11.6723515623
 08/25  18:00:00,295.008698365,9.36
 08/25  19:00:00,273.740938168,11.678781828
 08/25  20:00:00,252.11479068,10.515762289
 08/25  21:00:00,182.498921543,4.69
 08/25  22:00:00,126.58389726799999,3.4993937914099997
 08/25  23:00:00,156.18416622200002,2.355
 08/25  24:00:00,134.516412208,2.355
 08/26  01:00:00,120.66717636,2.91556180209
 08/26  02:00:00,119.430588184,1.77125
 08/26  03:00:00,118.00764823899999,1.77125
 08/26  04:00:00,124.325898435,2.91549340806
 08/26  05:00:00,122.96336519299999,1.77125
 08/26  06:00:00,161.608134818,14.590357296099999
 08/26  07:00:00,169.026260265,49.316388083199996
 08/26  08:00:00,231.46854704400002,37.0224413062
 08/26  09:00:00,260.685586475,12.4923296473
 08/26  10:00:00,292.367586543,11.6723535031
 08/26  11:00:00,322.631656312,11.6724827341
 08/26  12:00:00,320.67421377799997,11.6725988284
 08/26  13:00:00,332.447317151,11.6726832871
 08/26  14:00:00,334.571899442,11.672490010699999
 08/26  15:00:00,336.62770407200003,11.672395395899999
 08/26  16:00:00,337.900749954,11.6724930269
 08/26  17:00:00,336.05929704,11.672368928
 08/26  18:00:00,304.37682880299997,8.1925
 08/26  19:00:00,258.931984999,7.00225829536
 08/26  20:00:00,249.584658372,7.0021867225
 08/26  21:00:00,189.928624914,3.5225
 08/26  22:00:00,131.576261843,2.91567947869
 08/26  23:00:00,158.74176553200002,1.77125
 08/26  24:00:00,139.12029723700002,2.9156239044
 08/27  01:00:00,127.875295472,1.77125
 08/27  02:00:00,126.59552524899999,1.77125
 08/27  03:00:00,125.887352345,2.91551518332
 08/27  04:00:00,133.468258626,1.77125
 08/27  05:00:00,132.6297721,1.77125
 08/27  06:00:00,170.762667251,3.5225
 08/27  07:00:00,179.076154511,18.5490805274
 08/27  08:00:00,210.89437026299998,18.8008174888
 08/27  09:00:00,191.092375919,16.2306531536
 08/27  10:00:00,223.81528664599998,7.56298563854
 08/27  11:00:00,246.342858814,8.16972682433
 08/27  12:00:00,264.205969,10.504695864
 08/27  13:00:00,264.28809676599997,9.36
 08/27  14:00:00,259.288575602,10.5047595978
 08/27  15:00:00,255.014912032,10.504677186799999
 08/27  16:00:00,255.43802820599998,10.504811889800001
 08/27  17:00:00,224.891207967,7.025
 08/27  18:00:00,224.867087336,6.3997267970700005
 08/27  19:00:00,209.526410745,5.83457709431
 08/27  20:00:00,204.25741149400002,13.149156921300001
 08/27  21:00:00,183.17087187,5.8343972454
 08/27  22:00:00,120.306513793,1.77125
 08/27  23:00:00,149.340847054,1.77125
 08/27  24:00:00,124.41524590899999,2.91551992176
 08/28  01:00:00,115.512131486,2.355
 08/28  02:00:00,113.747976926,2.355
 08/28  03:00:00,113.063740976,2.355
 08/28  04:00:00,120.273938371,3.49924141384
 08/28  05:00:00,119.172713229,2.355
 08/28  06:00:00,169.99772636,47.2199501346
 08/28  07:00:00,179.296993483,71.4356432395
 08/28  08:00:00,257.441040672,49.2646658
 08/28  09:00:00,290.529267729,19.0891846803
 08/28  10:00:00,288.457364745,11.6722676339
 08/28  11:00:00,311.322174426,11.6724823145
 08/28  12:00:00,306.227061111,11.6726387894
 08/28  13:00:00,312.565683833,11.672715219
 08/28  14:00:00,308.998437007,11.672535825699999
 08/28  15:00:00,307.683298297,11.672358001400001
 08/28  16:00:00,310.217263864,11.672462873399999
 08/28  17:00:00,311.624182923,11.672381704500001
 08/28  18:00:00,304.602806817,9.36
 08/28  19:00:00,293.812207477,10.5046956299
 08/28  20:00:00,273.126247174,10.4368258648
 08/28  21:00:00,194.232659785,4.69
 08/28  22:00:00,130.172115627,3.4993796918099997
 08/28  23:00:00,158.26039961700002,2.355
 08/28  24:00:00,138.05884334299998,2.355
 08/29  01:00:00,127.04693894399999,3.49924008938
 08/29  02:00:00,126.38515501399999,2.355
 08/29  03:00:00,126.427292008,2.355
 08/29  04:00:00,152.844203451,3.49923395546
 08/29  05:00:00,152.922157801,2.355
 08/29  06:00:00,207.304713118,5.48685542901
 08/29  07:00:00,203.234638795,28.1534945402
 08/29  08:00:00,267.789905628,14.3784769775
 08/29  09:00:00,301.53505856099997,11.672205041700002
 08/29  10:00:00,299.164633843,11.6723184677
 08/29  11:00:00,316.715585229,11.6725859202
 08/29  12:00:00,311.061876874,11.6727595001
 08/29  13:00:00,316.444799306,11.6725819309
 08/29  14:00:00,309.528186192,11.6724029724
 08/29  15:00:00,305.94468230900003,11.672424839200001
 08/29  16:00:00,306.099217088,11.6723311508
 08/29  17:00:00,304.970204514,10.5275
 08/29  18:00:00,295.958813851,10.504867621799999
 08/29  19:00:00,269.09587045,11.773860685999999
 08/29  20:00:00,250.610586984,10.64849406
 08/29  21:00:00,179.222583519,4.69
 08/29  22:00:00,123.09010739,3.4993432703900003
 08/29  23:00:00,152.59988773799998,2.355
 08/29  24:00:00,129.025877004,2.355
 08/30  01:00:00,118.11100917799999,3.49924626925
 08/30  02:00:00,116.114796072,2.355
 08/30  03:00:00,113.78542790799999,2.355
 08/30  04:00:00,119.14038870700001,2.355
 08/30  05:00:00,116.706336618,3.4992337737300003
 08/30  06:00:00,168.74758877,63.047552456300004
 08/30  07:00:00,172.657256003,84.92323502
 08/30  08:00:00,252.810937254,60.6846919477
 08/30  09:00:00,286.061613438,29.1704099058
 08/30  10:00:00,282.76343066,13.4018758024
 08/30  11:00:00,310.97327435299997,11.6726605745
 08/30  12:00:00,309.690320936,12.8179186651
 08/30  13:00:00,314.48147055,11.672707478800001
 08/30  14:00:00,311.805878479,11.6724930553
 08/30  15:00:00,313.050571946,11.672299837899999
 08/30  16:00:00,320.24594212,10.5275
 08/30  17:00:00,324.04840339099997,11.672427026300001
 08/30  18:00:00,316.485630737,10.5049332047
 08/30  19:00:00,304.075329753,10.5047676137
 08/30  20:00:00,289.19562407,9.337137897489999
 08/30  21:00:00,211.45301216599998,4.69
 08/30  22:00:00,136.02120690299998,2.355
 08/30  23:00:00,163.36236904700002,3.4993204903400006
 08/30  24:00:00,144.99817856200002,2.355
 08/31  01:00:00,134.448819136,2.355
 08/31  02:00:00,133.610392767,3.4992601789699997
 08/31  03:00:00,133.911862964,2.355
 08/31  04:00:00,142.56841214899998,2.355
 08/31  05:00:00,141.158666636,3.49924136379
 08/31  06:00:00,199.379005647,4.69
 08/31  07:00:00,204.247712225,6.37740673923
 08/31  08:00:00,281.04871053200003,9.33701806536
 08/31  09:00:00,316.608882727,11.67211264
 08/31  10:00:00,316.51421878,10.5275
 08/31  11:00:00,336.933452445,11.6725414216
 08/31  12:00:00,340.69744007099996,11.6726675971
 08/31  13:00:00,340.57684716,12.8178433042
 08/31  14:00:00,332.157747446,11.6723767901
 08/31  15:00:00,324.466249116,10.5275
 08/31  16:00:00,321.164602557,11.6724013054
 08/31  17:00:00,314.484944072,11.6725180781
 08/31  18:00:00,299.14250933700004,10.5048186183
 08/31  19:00:00,280.238463215,11.5552982837
 08/31  20:00:00,254.855961345,10.0927112781
 08/31  21:00:00,181.151727827,5.83457116722
 08/31  22:00:00,119.264720244,2.355
 08/31  23:00:00,147.953838595,3.49928489434
 08/31  24:00:00,122.037022489,2.355
 09/01  01:00:00,108.72589107600001,2.355
 09/01  02:00:00,104.26486257299999,3.4992150103099995
 09/01  03:00:00,100.335673447,2.355
 09/01  04:00:00,119.484611669,2.355
 09/01  05:00:00,116.82557194399999,2.355
 09/01  06:00:00,167.837820072,137.702758849
 09/01  07:00:00,157.88204845,164.12997639
 09/01  08:00:00,224.005918995,144.07307340100002
 09/01  09:00:00,254.11913903200002,109.30097786700001
 09/01  10:00:00,248.19193033099998,87.0923139431
 09/01  11:00:00,282.434948196,51.2064029981
 09/01  12:00:00,269.830211784,30.156665032600003
 09/01  13:00:00,270.1865079,17.8998196328
 09/01  14:00:00,267.469068717,11.6725390381
 09/01  15:00:00,266.314628028,11.672396141199998
 09/01  16:00:00,269.428924645,11.6724972193
 09/01  17:00:00,267.66506872,11.672411756199999
 09/01  18:00:00,261.014589487,10.5049027372
 09/01  19:00:00,240.27114016599998,17.7575799957
 09/01  20:00:00,226.945267687,29.505580460700003
 09/01  21:00:00,161.579133471,21.980341971599998
 09/01  22:00:00,106.27098646700001,2.355
 09/01  23:00:00,138.334806372,3.49925786199
 09/01  24:00:00,111.920865402,2.355
 09/02  01:00:00,99.97900201809999,1.77125
 09/02  02:00:00,98.5504615034,2.9155781078400005
 09/02  03:00:00,97.73863184209999,1.77125
 09/02  04:00:00,103.74043568,1.77125
 09/02  05:00:00,101.63573371700001,2.9154878505400004
 09/02  06:00:00,141.821227124,134.244025844
 09/02  07:00:00,142.299075807,149.52947022700002
 09/02  08:00:00,207.264968348,128.868787392
 09/02  09:00:00,236.415950672,89.5414504107
 09/02  10:00:00,267.365586086,48.6299831835
 09/02  11:00:00,299.48135174,16.6653971393
 09/02  12:00:00,289.62664095400004,11.6726146532
 09/02  13:00:00,291.164429555,12.817724673299999
 09/02  14:00:00,289.216123242,10.5275
 09/02  15:00:00,288.269019095,11.6724960059
 09/02  16:00:00,291.013699761,11.6723987205
 09/02  17:00:00,290.876992447,11.672491329100001
 09/02  18:00:00,270.30092760599996,10.209993772799999
 09/02  19:00:00,225.818515308,8.92770186263
 09/02  20:00:00,220.66508677599998,10.5405779458
 09/02  21:00:00,166.170765688,4.796238657219999
 09/02  22:00:00,117.374123344,1.77125
 09/02  23:00:00,147.672852065,2.9156521180199997
 09/02  24:00:00,123.28594753,1.77125
 09/03  01:00:00,112.476209452,1.77125
 09/03  02:00:00,110.41650067,2.9155603444200002
 09/03  03:00:00,108.706473545,1.77125
 09/03  04:00:00,114.756759629,1.77125
 09/03  05:00:00,112.652171287,2.9154946354900004
 09/03  06:00:00,152.26811688799998,100.645031345
 09/03  07:00:00,155.108524466,120.39343772299999
 09/03  08:00:00,192.65000903700002,94.95278553520001
 09/03  09:00:00,176.06018628099997,71.2808574746
 09/03  10:00:00,215.041666788,38.350928339
 09/03  11:00:00,246.526151826,11.9584533395
 09/03  12:00:00,273.158970634,9.36
 09/03  13:00:00,280.048785401,10.5046744496
 09/03  14:00:00,276.546532757,10.5047294645
 09/03  15:00:00,274.254460468,10.504657610399999
 09/03  16:00:00,276.045279706,9.36
 09/03  17:00:00,244.636102876,8.1697470176
 09/03  18:00:00,242.955453033,6.46955057979
 09/03  19:00:00,222.806832515,6.3983967778799995
 09/03  20:00:00,219.37083950099998,5.83450979038
 09/03  21:00:00,192.18896216099998,4.69
 09/03  22:00:00,127.093613171,2.91555763518
 09/03  23:00:00,154.675298736,1.77125
 09/03  24:00:00,133.78547170299998,1.77125
 09/04  01:00:00,122.753714264,1.77125
 09/04  02:00:00,120.297503409,2.91555473339
 09/04  03:00:00,117.280012936,1.77125
 09/04  04:00:00,120.930622719,1.77125
 09/04  05:00:00,118.05595284299999,2.9154893569700002
 09/04  06:00:00,155.84824922,89.857673507
 09/04  07:00:00,156.545141892,116.068828613
 09/04  08:00:00,192.359638144,95.1555313683
 09/04  09:00:00,171.466867718,81.9518164423
 09/04  10:00:00,206.477430345,65.1201950678
 09/04  11:00:00,235.1552071,47.893150543800004
 09/04  12:00:00,249.684886901,30.342656958000003
 09/04  13:00:00,247.46283494099998,27.2143597383
 09/04  14:00:00,241.176885184,22.970232495999998
 09/04  15:00:00,237.63998050400002,16.491461851500002
 09/04  16:00:00,238.035023626,9.36
 09/04  17:00:00,208.26162876400002,16.829975804100002
 09/04  18:00:00,209.70912591,34.178815907600004
 09/04  19:00:00,193.71944268299998,49.7148587286
 09/04  20:00:00,192.866893435,76.0701699177
 09/04  21:00:00,170.62209758,50.662342831400004
 09/04  22:00:00,110.003241521,2.9155591990499996
 09/04  23:00:00,141.385539716,1.77125
 09/04  24:00:00,114.177497082,1.77125
 09/05  01:00:00,105.70349088200001,2.355
 09/05  02:00:00,103.714303512,3.49924410677
 09/05  03:00:00,101.414068359,2.355
 09/05  04:00:00,121.43165931700001,2.355
 09/05  05:00:00,120.058998545,3.4992296168699997
 09/05  06:00:00,171.757190177,157.831035407
 09/05  07:00:00,164.076624998,160.443383128
 09/05  08:00:00,234.74067698099998,129.351031705
 09/05  09:00:00,269.365065112,87.3789618398
 09/05  10:00:00,265.983929002,57.811114643
 09/05  11:00:00,294.353701054,31.612455668000003
 09/05  12:00:00,283.064823234,13.9822838117
 09/05  13:00:00,283.545778915,11.672670442200001
 09/05  14:00:00,277.81393824,11.6724594458
 09/05  15:00:00,274.480180346,10.5275
 09/05  16:00:00,276.071496339,11.672487854000002
 09/05  17:00:00,277.519729897,11.6724020264
 09/05  18:00:00,273.396345871,10.504912646000001
 09/05  19:00:00,251.89002385,11.416131195699998
 09/05  20:00:00,233.646056475,15.3411186429
 09/05  21:00:00,170.065490414,4.90621136557
 09/05  22:00:00,116.53963062,2.355
 09/05  23:00:00,146.000695275,3.4993077605800003
 09/05  24:00:00,120.761819053,2.355
 09/06  01:00:00,110.235722931,2.355
 09/06  02:00:00,108.27704592200001,3.4992487453400005
 09/06  03:00:00,106.619532059,2.355
 09/06  04:00:00,111.585764715,2.355
 09/06  05:00:00,109.658428726,3.49923117314
 09/06  06:00:00,160.292711347,115.053861349
 09/06  07:00:00,160.683971215,135.391036798
 09/06  08:00:00,239.569905242,109.853776164
 09/06  09:00:00,275.354759235,64.9646889708
 09/06  10:00:00,274.198797477,28.3021588211
 09/06  11:00:00,302.594418436,11.6725485693
 09/06  12:00:00,296.33521213,11.672680648699998
 09/06  13:00:00,299.829320784,12.8178848009
 09/06  14:00:00,298.81026312,11.672403149400001
 09/06  15:00:00,299.881788042,10.5275
 09/06  16:00:00,299.597958781,11.6724325036
 09/06  17:00:00,297.125741921,11.672347636800001
 09/06  18:00:00,292.623984429,10.5048590611
 09/06  19:00:00,277.713484472,12.4977950398
 09/06  20:00:00,254.471225985,11.0505979338
 09/06  21:00:00,182.37478149999998,5.83455476276
 09/06  22:00:00,120.93684821299999,2.355
 09/06  23:00:00,151.54577844,3.49933394633
 09/06  24:00:00,127.019214937,2.355
 09/07  01:00:00,115.623002752,2.355
 09/07  02:00:00,114.58387666799999,3.4992652604
 09/07  03:00:00,114.78074003100001,2.355
 09/07  04:00:00,122.94634788,2.355
 09/07  05:00:00,122.94726588299999,2.355
 09/07  06:00:00,179.787903468,23.3849395419
 09/07  07:00:00,186.636214614,50.315901159
 09/07  08:00:00,264.16627297400004,32.1388966489
 09/07  09:00:00,297.900875586,11.0497207315
 09/07  10:00:00,293.136191568,11.672381579300001
 09/07  11:00:00,316.136303096,11.6725004119
 09/07  12:00:00,317.53192120200004,11.672633528199999
 09/07  13:00:00,329.63672056900003,12.817793929
 09/07  14:00:00,329.863705941,10.5275
 09/07  15:00:00,331.936039929,11.6724864523
 09/07  16:00:00,333.321399848,11.6723890087
 09/07  17:00:00,326.27282353,11.672512360599999
 09/07  18:00:00,297.893497544,12.094708523900001
 09/07  19:00:00,280.105417043,11.3021290478
 09/07  20:00:00,264.694911356,8.1925
 09/07  21:00:00,190.705301725,5.83457816295
 09/07  22:00:00,129.391819033,2.355
 09/07  23:00:00,158.716429446,3.49929356394
 09/07  24:00:00,138.307057331,2.355
 09/08  01:00:00,127.91102333299999,2.355
 09/08  02:00:00,127.532357731,3.49922519556
 09/08  03:00:00,127.245304045,2.355
 09/08  04:00:00,154.230303912,2.355
 09/08  05:00:00,153.689506143,2.355
 09/08  06:00:00,208.96322659400002,9.47945122644
 09/08  07:00:00,206.22586473599998,29.9250072171
 09/08  08:00:00,271.419214394,15.467012134700001
 09/08  09:00:00,307.91812001799997,10.5275
 09/08  10:00:00,307.662868276,11.672344210599999
 09/08  11:00:00,326.842234997,11.672704776400002
 09/08  12:00:00,323.163991588,11.672598515399999
 09/08  13:00:00,330.029422152,11.9027991509
 09/08  14:00:00,323.887040823,11.442320484100001
 09/08  15:00:00,323.06471409700004,11.6724542304
 09/08  16:00:00,321.923129414,11.6723577708
 09/08  17:00:00,317.61454811,11.6724822346
 09/08  18:00:00,306.953130095,10.5047878634
 09/08  19:00:00,287.808518786,11.7146610299
 09/08  20:00:00,267.523560104,9.447006163860001
 09/08  21:00:00,187.16897360299998,5.83455007142
 09/08  22:00:00,130.60758116,2.355
 09/08  23:00:00,159.129953339,3.49926569202
 09/08  24:00:00,139.544391644,2.355
 09/09  01:00:00,126.63958832700001,1.77125
 09/09  02:00:00,126.21449237,2.9155102392
 09/09  03:00:00,124.33298084799999,1.77125
 09/09  04:00:00,130.158880115,1.77125
 09/09  05:00:00,128.807251455,2.9155070363499997
 09/09  06:00:00,168.209765045,25.9045043538
 09/09  07:00:00,171.140257494,66.4378975776
 09/09  08:00:00,233.87920016700002,52.1447746272
 09/09  09:00:00,263.164875099,22.7715427952
 09/09  10:00:00,291.214257882,10.5275
 09/09  11:00:00,317.390242583,11.672639466400001
 09/09  12:00:00,316.268496184,12.817795182000001
 09/09  13:00:00,319.479574441,11.6726603014
 09/09  14:00:00,308.853953968,11.672438812200001
 09/09  15:00:00,308.619954911,11.672350524
 09/09  16:00:00,311.164098528,10.5275
 09/09  17:00:00,311.00032871900004,11.672438767400001
 09/09  18:00:00,285.781045615,10.3501834607
 09/09  19:00:00,240.790262263,9.84483243568
 09/09  20:00:00,231.956853365,8.504104799439999
 09/09  21:00:00,172.51183247,3.5225
 09/09  22:00:00,122.320354596,2.91567560151
 09/09  23:00:00,151.665699109,1.77125
 09/09  24:00:00,128.42710756,1.77125
 09/10  01:00:00,117.45664741200001,2.9155071407700004
 09/10  02:00:00,114.87477502899999,1.77125
 09/10  03:00:00,112.336544751,1.77125
 09/10  04:00:00,117.133572611,2.91552554782
 09/10  05:00:00,114.01158584299999,1.77125
 09/10  06:00:00,152.98360926200002,99.2693174982
 09/10  07:00:00,154.104201461,128.421785207
 09/10  08:00:00,189.128763249,106.100594789
 09/10  09:00:00,169.95587217,87.8896016522
 09/10  10:00:00,206.176036848,67.0802605916
 09/10  11:00:00,234.69367811700002,49.191806367
 09/10  12:00:00,249.481966975,25.4334401608
 09/10  13:00:00,250.98733347099997,10.0824033544
 09/10  14:00:00,248.271030335,10.504768267200001
 09/10  15:00:00,243.25178937599998,10.5046987191
 09/10  16:00:00,242.857053175,9.36
 09/10  17:00:00,211.04095756599997,8.578867666399999
 09/10  18:00:00,211.610902343,13.9635411996
 09/10  19:00:00,198.001864887,31.689907386799998
 09/10  20:00:00,193.253839278,49.407078727700004
 09/10  21:00:00,171.710843062,22.7516627078
 09/10  22:00:00,108.887464521,2.91561600013
 09/10  23:00:00,139.149148833,1.77125
 09/10  24:00:00,112.550895112,1.77125
 09/11  01:00:00,105.70149244299999,3.4992670496
 09/11  02:00:00,104.024436759,2.355
 09/11  03:00:00,102.138429729,2.355
 09/11  04:00:00,107.54770543299999,3.4992640558699994
 09/11  05:00:00,106.714407845,2.355
 09/11  06:00:00,159.33072026,131.279401505
 09/11  07:00:00,160.632100286,143.099128876
 09/11  08:00:00,239.40224714,114.293364775
 09/11  09:00:00,272.932086342,79.3945289885
 09/11  10:00:00,269.713096141,53.3069271949
 09/11  11:00:00,296.491053743,26.1388850243
 09/11  12:00:00,284.650682045,11.672596681
 09/11  13:00:00,287.446556261,11.6726866044
 09/11  14:00:00,282.285351265,11.672516514200002
 09/11  15:00:00,279.066208494,11.6723479089
 09/11  16:00:00,279.90001948400004,11.6724660332
 09/11  17:00:00,280.663347577,11.672395751300002
 09/11  18:00:00,274.709660482,9.36
 09/11  19:00:00,263.07715463799997,11.8229093152
 09/11  20:00:00,243.15331994299999,15.4956052835
 09/11  21:00:00,176.55676215,4.9087864659400005
 09/11  22:00:00,116.97622282,3.49941660195
 09/11  23:00:00,145.89469206299998,2.355
 09/11  24:00:00,119.77472410700001,2.355
 09/12  01:00:00,109.344028938,3.4992798751
 09/12  02:00:00,107.67387875,2.355
 09/12  03:00:00,105.823114141,2.355
 09/12  04:00:00,127.40028789,3.49921197393
 09/12  05:00:00,126.43308279200001,2.355
 09/12  06:00:00,179.283769887,108.437542781
 09/12  07:00:00,177.632798715,125.42868310899999
 09/12  08:00:00,244.834890487,93.2767261084
 09/12  09:00:00,279.37550571099996,55.7015615813
 09/12  10:00:00,277.781391767,29.383573618499998
 09/12  11:00:00,307.822692468,11.67268446
 09/12  12:00:00,303.337213619,11.6726157427
 09/12  13:00:00,305.62256656,11.672707056199998
 09/12  14:00:00,301.2720287,11.6725378284
 09/12  15:00:00,299.275390238,11.6723700998
 09/12  16:00:00,298.61093314,11.672489508900002
 09/12  17:00:00,296.448789427,11.6724202277
 09/12  18:00:00,287.784289047,10.1946622166
 09/12  19:00:00,267.074007554,11.8383784423
 09/12  20:00:00,244.903210255,11.3003086862
 09/12  21:00:00,178.70834564,4.69
 09/12  22:00:00,121.880283425,3.4994201141300003
 09/12  23:00:00,150.486639336,2.355
 09/12  24:00:00,126.300408173,2.355
 09/13  01:00:00,115.843861539,3.4992386565599998
 09/13  02:00:00,112.23019637799999,2.355
 09/13  03:00:00,108.30473689600001,2.355
 09/13  04:00:00,113.05150815399999,3.4992395677800006
 09/13  05:00:00,111.17570829799999,2.355
 09/13  06:00:00,160.143939599,101.80824024399999
 09/13  07:00:00,160.785104295,138.245129199
 09/13  08:00:00,232.70476137400001,120.914787012
 09/13  09:00:00,260.448255529,102.20190886700001
 09/13  10:00:00,251.788661967,91.1110852541
 09/13  11:00:00,280.501948627,78.4098652254
 09/13  12:00:00,265.090155072,69.6115881082
 09/13  13:00:00,263.92543952799997,63.5869343228
 09/13  14:00:00,258.90481133,60.652064998
 09/13  15:00:00,254.084442515,56.0138303965
 09/13  16:00:00,253.271503546,56.068115732299994
 09/13  17:00:00,251.502070653,61.3105458891
 09/13  18:00:00,245.99509146900002,72.8754672369
 09/13  19:00:00,233.577905434,90.48222381709999
 09/13  20:00:00,215.802354655,103.080660346
 09/13  21:00:00,153.940130233,77.5197469727
 09/13  22:00:00,94.9600841653,3.49942900426
 09/13  23:00:00,127.52877544200001,2.355
 09/13  24:00:00,98.19749961459999,2.355
 09/14  01:00:00,90.2873758993,3.49928109893
 09/14  02:00:00,88.9983464717,2.355
 09/14  03:00:00,87.8295290204,2.355
 09/14  04:00:00,93.64228224370001,3.4992171761
 09/14  05:00:00,92.8983980885,2.355
 09/14  06:00:00,146.070146615,217.84003585099998
 09/14  07:00:00,147.42907297,219.86720439799998
 09/14  08:00:00,220.714465793,178.781940863
 09/14  09:00:00,253.073639775,126.534202941
 09/14  10:00:00,246.50829824299998,100.803273083
 09/14  11:00:00,278.41913862900003,79.8538314824
 09/14  12:00:00,262.38343986,65.1714221692
 09/14  13:00:00,260.739602078,51.512540424899996
 09/14  14:00:00,258.143344367,36.4395636531
 09/14  15:00:00,253.826344218,26.6085177581
 09/14  16:00:00,252.133656524,27.9953414843
 09/14  17:00:00,250.04916161,36.8913886885
 09/14  18:00:00,246.195781893,51.1253622554
 09/14  19:00:00,235.024206656,69.9722115936
 09/14  20:00:00,216.764150256,92.2244357398
 09/14  21:00:00,156.935166701,65.4373428116
 09/14  22:00:00,97.85861003299999,2.355
 09/14  23:00:00,130.229580416,2.355
 09/14  24:00:00,101.776584519,3.49925573084
 09/15  01:00:00,93.6363798549,2.355
 09/15  02:00:00,92.6857138407,2.355
 09/15  03:00:00,91.8607993032,2.355
 09/15  04:00:00,113.603172199,3.4992103751599997
 09/15  05:00:00,113.258205799,2.355
 09/15  06:00:00,166.863293542,187.993885136
 09/15  07:00:00,161.13939683200002,192.019214345
 09/15  08:00:00,223.82812881799998,165.51858759
 09/15  09:00:00,254.375840811,126.973504635
 09/15  10:00:00,249.459576681,99.47700319190001
 09/15  11:00:00,280.985700394,69.3472682576
 09/15  12:00:00,265.964670675,47.4984179531
 09/15  13:00:00,264.27342417799997,30.1557068339
 09/15  14:00:00,259.26128619,19.2236310173
 09/15  15:00:00,254.538909863,13.7171631754
 09/15  16:00:00,255.618050321,12.075858788
 09/15  17:00:00,256.752030615,11.6723772654
 09/15  18:00:00,252.955075123,20.9370954649
 09/15  19:00:00,236.01668641,47.335808905600004
 09/15  20:00:00,216.345240789,65.29123544689999
 09/15  21:00:00,154.211082488,49.7300085433
 09/15  22:00:00,100.439821604,2.355
 09/15  23:00:00,133.535242564,2.355
 09/15  24:00:00,105.386002228,3.4992643447300007
 09/16  01:00:00,93.7417712091,1.77125
 09/16  02:00:00,92.0930203248,1.77125
 09/16  03:00:00,90.9346320726,2.91548983157
 09/16  04:00:00,96.70742414440001,1.77125
 09/16  05:00:00,95.4345040732,1.77125
 09/16  06:00:00,135.656995586,193.97064997200002
 09/16  07:00:00,137.355799085,197.300617815
 09/16  08:00:00,197.864338072,165.12778553
 09/16  09:00:00,225.76190291400002,116.942090225
 09/16  10:00:00,256.351052734,75.6940701374
 09/16  11:00:00,287.169415474,44.6852597835
 09/16  12:00:00,274.113259369,24.516392529
 09/16  13:00:00,273.265213757,12.2820961097
 09/16  14:00:00,267.27992361599996,11.6724809419
 09/16  15:00:00,264.664539017,11.6724101798
 09/16  16:00:00,265.860750163,11.6725356583
 09/16  17:00:00,266.354984344,11.6724344891
 09/16  18:00:00,246.00111591200002,14.4745981274
 09/16  19:00:00,207.297595312,41.9646298619
 09/16  20:00:00,200.375200386,64.2682605215
 09/16  21:00:00,152.882395446,39.2973906593
 09/16  22:00:00,105.734865572,1.77125
 09/16  23:00:00,136.24577368200002,2.9156346585799997
 09/16  24:00:00,109.19339501,1.77125
 09/17  01:00:00,99.2033482834,1.77125
 09/17  02:00:00,97.32669586360001,2.9155485364800002
 09/17  03:00:00,96.18914091719999,1.77125
 09/17  04:00:00,100.92334981200001,1.77125
 09/17  05:00:00,99.1881863966,2.91548792619
 09/17  06:00:00,138.723275941,182.736387288
 09/17  07:00:00,140.899460529,188.951362938
 09/17  08:00:00,175.42813116,152.53319422799999
 09/17  09:00:00,155.22110004799998,135.850123405
 09/17  10:00:00,191.49047507900002,115.86407286299999
 09/17  11:00:00,225.353829418,87.8140903216
 09/17  12:00:00,242.405396378,54.8821600933
 09/17  13:00:00,245.01827514200002,30.106580318899997
 09/17  14:00:00,239.131171819,17.6639723574
 09/17  15:00:00,233.390896943,17.3808202504
 09/17  16:00:00,234.353931415,14.7000388361
 09/17  17:00:00,205.957728093,19.9019224858
 09/17  18:00:00,207.53100613700002,34.179822028800004
 09/17  19:00:00,198.83280164,49.631533463800004
 09/17  20:00:00,197.009087015,61.9953561865
 09/17  21:00:00,176.973820754,22.2743139787
 09/17  22:00:00,115.566508196,2.91558907645
 09/17  23:00:00,145.400660378,1.77125
 09/17  24:00:00,119.88390420299999,1.77125
 09/18  01:00:00,111.047087804,3.49922580861
 09/18  02:00:00,109.057437743,2.355
 09/18  03:00:00,107.23041320899999,2.355
 09/18  04:00:00,113.007252165,2.355
 09/18  05:00:00,111.09824328799999,3.4992219315599997
 09/18  06:00:00,162.811667263,114.023689604
 09/18  07:00:00,169.10342302,126.77442328
 09/18  08:00:00,244.41653185099997,101.750942418
 09/18  09:00:00,280.336751345,60.6096650335
 09/18  10:00:00,278.588830836,30.240127471799997
 09/18  11:00:00,303.135850264,11.6725988896
 09/18  12:00:00,291.35623871,11.6727985306
 09/18  13:00:00,290.47284406200004,11.6726379007
 09/18  14:00:00,285.717927605,11.672474663
 09/18  15:00:00,281.959052573,11.6721734455
 09/18  16:00:00,281.924736233,11.672440894700001
 09/18  17:00:00,278.987531136,11.6723788059
 09/18  18:00:00,272.54926390099996,9.89972837365
 09/18  19:00:00,267.651415215,11.8975912249
 09/18  20:00:00,246.34183421,23.8716661475
 09/18  21:00:00,179.362674831,4.69
 09/18  22:00:00,118.62367408200001,3.49941681926
 09/18  23:00:00,147.68730805799999,2.355
 09/18  24:00:00,121.68752548100001,2.355
 09/19  01:00:00,112.816021257,3.4992821665499996
 09/19  02:00:00,112.838658243,2.355
 09/19  03:00:00,112.35266883,2.355
 09/19  04:00:00,137.06133023200002,3.49921658042
 09/19  05:00:00,136.80675357299998,2.355
 09/19  06:00:00,190.417992396,65.368372614
 09/19  07:00:00,189.581575258,95.59646160610001
 09/19  08:00:00,252.153709587,80.5100555648
 09/19  09:00:00,283.508646784,55.7437462599
 09/19  10:00:00,279.84500152,46.1471560262
 09/19  11:00:00,302.55194451200003,33.2792543633
 09/19  12:00:00,291.42557164,27.3530849892
 09/19  13:00:00,290.530979776,25.202276702
 09/19  14:00:00,285.85293904400004,17.7470915604
 09/19  15:00:00,282.557466537,11.672449368199999
 09/19  16:00:00,282.551613407,11.672371659300001
 09/19  17:00:00,282.42393488,14.9799443314
 09/19  18:00:00,277.524230159,19.987007458900003
 09/19  19:00:00,265.768223832,25.003329036700002
 09/19  20:00:00,244.90463808200002,35.0172879758
 09/19  21:00:00,175.87864662299998,9.62278866757
 09/19  22:00:00,122.240139031,2.355
 09/19  23:00:00,152.779690843,2.355
 09/19  24:00:00,128.292823421,3.4992070939599995
 09/20  01:00:00,118.453243058,2.355
 09/20  02:00:00,118.445058445,2.355
 09/20  03:00:00,117.58510520200001,2.355
 09/20  04:00:00,123.82062258200001,3.49922907727
 09/20  05:00:00,121.31292112700001,2.355
 09/20  06:00:00,172.798978358,70.92683237140001
 09/20  07:00:00,177.88671886,98.4244321134
 09/20  08:00:00,248.30267812,89.14375673079999
 09/20  09:00:00,276.21781787,73.3580011
 09/20  10:00:00,270.185091722,62.4720811497
 09/20  11:00:00,294.69643441700003,50.5696682237
 09/20  12:00:00,279.069969199,53.0419749325
 09/20  13:00:00,276.85087582,54.082620022700006
 09/20  14:00:00,270.30795526099996,57.252673005
 09/20  15:00:00,266.01395481099996,56.806589124700004
 09/20  16:00:00,267.15763199599996,52.741118919099996
 09/20  17:00:00,267.801124202,51.645615296
 09/20  18:00:00,263.317214932,58.944993617799994
 09/20  19:00:00,259.15656015900004,61.093577649
 09/20  20:00:00,238.904603851,64.9047047706
 09/20  21:00:00,173.94552301299998,29.180926283
 09/20  22:00:00,114.74018472899999,2.355
 09/20  23:00:00,144.538694187,2.355
 09/20  24:00:00,117.045872839,3.49923668623
 09/21  01:00:00,106.341542437,2.355
 09/21  02:00:00,103.89126731799999,2.355
 09/21  03:00:00,102.351597431,3.49925924205
 09/21  04:00:00,107.839988785,2.355
 09/21  05:00:00,107.221922149,2.355
 09/21  06:00:00,160.658317874,127.663969164
 09/21  07:00:00,165.833075067,141.833027897
 09/21  08:00:00,237.376675878,127.81370269700001
 09/21  09:00:00,266.627385538,103.254573295
 09/21  10:00:00,263.564252856,81.309907957
 09/21  11:00:00,294.634693775,51.3325265806
 09/21  12:00:00,283.390577238,36.3350179202
 09/21  13:00:00,285.317712875,19.6116283116
 09/21  14:00:00,281.664404543,11.6724912566
 09/21  15:00:00,279.071349458,11.6723670351
 09/21  16:00:00,279.098378889,11.6724930948
 09/21  17:00:00,277.919031728,11.6724280831
 09/21  18:00:00,272.441122125,11.9549063227
 09/21  19:00:00,267.199153561,24.794768511799997
 09/21  20:00:00,243.319439243,38.1180109425
 09/21  21:00:00,173.279516408,25.4367263769
 09/21  22:00:00,113.40955137200001,2.355
 09/21  23:00:00,143.921340332,3.4993310270499998
 09/21  24:00:00,117.544979059,2.355
 09/22  01:00:00,107.109527395,2.355
 09/22  02:00:00,105.14810606200001,3.49925703991
 09/22  03:00:00,103.940270107,2.355
 09/22  04:00:00,126.210879062,2.355
 09/22  05:00:00,125.64091170100001,2.355
 09/22  06:00:00,180.67771705400003,112.83746498200001
 09/22  07:00:00,178.84882240599998,130.289014882
 09/22  08:00:00,241.08739651099998,116.740536347
 09/22  09:00:00,270.67995434,89.2697698279
 09/22  10:00:00,266.654004134,67.7103625589
 09/22  11:00:00,296.19228460799997,34.7154953811
 09/22  12:00:00,286.476349493,13.353295819500001
 09/22  13:00:00,288.340535656,12.8178900198
 09/22  14:00:00,284.024618505,11.672428731300002
 09/22  15:00:00,281.317281299,10.5275
 09/22  16:00:00,278.862487615,11.6724779529
 09/22  17:00:00,277.156689267,11.672410941099999
 09/22  18:00:00,272.762164247,10.5049417733
 09/22  19:00:00,256.76292557700003,24.3599955801
 09/22  20:00:00,236.622680875,40.7034802816
 09/22  21:00:00,170.925950237,14.13813309
 09/22  22:00:00,116.06494023200001,3.4993681563199996
 09/22  23:00:00,145.746334074,2.355
 09/22  24:00:00,119.57173170600001,2.355
 09/23  01:00:00,107.30154132,2.9155749947900005
 09/23  02:00:00,105.036454882,1.77125
 09/23  03:00:00,103.801091615,1.77125
 09/23  04:00:00,109.518956746,2.9154892484799997
 09/23  05:00:00,107.662672821,1.77125
 09/23  06:00:00,148.05731273700002,118.97421593899999
 09/23  07:00:00,154.63275476,132.355089125
 09/23  08:00:00,214.507985473,112.30440034899999
 09/23  09:00:00,240.716727772,84.60372539149999
 09/23  10:00:00,266.76910536400004,58.886160281
 09/23  11:00:00,295.407413576,44.5485348312
 09/23  12:00:00,284.469907367,29.4198910938
 09/23  13:00:00,285.95678252700003,15.0196117214
 09/23  14:00:00,281.294967499,11.6725573143
 09/23  15:00:00,278.687615396,11.6724888316
 09/23  16:00:00,277.069432113,12.7034333245
 09/23  17:00:00,273.68701857900004,28.7790572567
 09/23  18:00:00,254.73428233599998,52.1371465548
 09/23  19:00:00,225.43848950400002,59.1540174988
 09/23  20:00:00,214.159564458,69.2063562756
 09/23  21:00:00,162.790805342,38.688263838000005
 09/23  22:00:00,116.004288553,1.77125
 09/23  23:00:00,143.44641673799998,1.77125
 09/23  24:00:00,115.515655293,2.91558102746
 09/24  01:00:00,103.65953374899999,1.77125
 09/24  02:00:00,99.8161363266,1.77125
 09/24  03:00:00,96.8695387795,2.9155318117199998
 09/24  04:00:00,101.01239544,1.77125
 09/24  05:00:00,98.78175760200001,1.77125
 09/24  06:00:00,137.684762774,204.24657373099998
 09/24  07:00:00,138.018388619,220.834106894
 09/24  08:00:00,168.256860445,193.869715231
 09/24  09:00:00,142.421835011,187.78801712799998
 09/24  10:00:00,176.03302401,171.49250541799998
 09/24  11:00:00,205.422662024,162.532818634
 09/24  12:00:00,213.793934247,151.862533364
 09/24  13:00:00,212.500191278,142.411207239
 09/24  14:00:00,207.959311531,136.881763471
 09/24  15:00:00,204.16449740299998,139.463260634
 09/24  16:00:00,204.28978049900002,148.401798487
 09/24  17:00:00,174.750147265,177.628328568
 09/24  18:00:00,179.59294424400002,185.85545535900002
 09/24  19:00:00,170.799362905,196.61313814599998
 09/24  20:00:00,164.047775747,202.69794493400002
 09/24  21:00:00,148.439973203,160.486787714
 09/24  22:00:00,88.08911086190001,1.77125
 09/24  23:00:00,122.104653595,2.9155449233099997
 09/24  24:00:00,92.40038139469999,1.77125
 09/25  01:00:00,87.399858421,2.355
 09/25  02:00:00,86.6232304416,3.49922096681
 09/25  03:00:00,86.123257745,2.355
 09/25  04:00:00,92.343421623,2.355
 09/25  05:00:00,91.4730966626,3.4992097200699996
 09/25  06:00:00,144.51542678200002,248.287357453
 09/25  07:00:00,149.239586232,241.10606555200002
 09/25  08:00:00,218.67958068099998,220.83299277900002
 09/25  09:00:00,244.812975828,198.27397593
 09/25  10:00:00,235.47578605599998,183.83831092900002
 09/25  11:00:00,265.111634234,172.403348815
 09/25  12:00:00,245.40558083,169.700935657
 09/25  13:00:00,243.29117888099998,165.109453788
 09/25  14:00:00,239.292384428,162.58934823799999
 09/25  15:00:00,235.763530357,163.688776429
 09/25  16:00:00,235.70446580400002,166.094359891
 09/25  17:00:00,235.057570063,176.70105125400002
 09/25  18:00:00,232.305802257,187.26548722599998
 09/25  19:00:00,227.689778683,194.33578682900003
 09/25  20:00:00,205.65588188900003,200.903941758
 09/25  21:00:00,148.070876744,161.140351372
 09/25  22:00:00,90.63108539299999,3.49943295111
 09/25  23:00:00,124.62066148299999,2.355
 09/25  24:00:00,94.54240643690001,2.355
 09/26  01:00:00,87.641637635,3.4992734407
 09/26  02:00:00,87.1166443058,2.355
 09/26  03:00:00,86.832316888,2.355
 09/26  04:00:00,108.96683588299999,3.49920717545
 09/26  05:00:00,108.744163534,2.355
 09/26  06:00:00,162.29260743700002,249.47687712
 09/26  07:00:00,160.014478889,239.483252235
 09/26  08:00:00,219.75766120400002,212.96715055299998
 09/26  09:00:00,246.29824278700002,185.26813981700002
 09/26  10:00:00,236.805205513,168.099287967
 09/26  11:00:00,266.825520817,154.146961594
 09/26  12:00:00,248.56329347099998,143.449257878
 09/26  13:00:00,247.275729267,135.890505389
 09/26  14:00:00,244.337502623,125.597747133
 09/26  15:00:00,241.36307199599997,122.172579896
 09/26  16:00:00,241.907110025,118.23557067700001
 09/26  17:00:00,242.724757475,116.68511288299999
 09/26  18:00:00,239.507902162,123.07132602
 09/26  19:00:00,228.478250605,134.269680521
 09/26  20:00:00,205.848956197,142.530770623
 09/26  21:00:00,148.193113651,109.94043446
 09/26  22:00:00,95.5461130625,2.355
 09/26  23:00:00,128.891388224,2.355
 09/26  24:00:00,99.6001114173,3.49926570826
 09/27  01:00:00,91.82976222010001,2.355
 09/27  02:00:00,90.72099370299999,2.355
 09/27  03:00:00,90.0662369826,3.49922555171
 09/27  04:00:00,96.2781886611,2.355
 09/27  05:00:00,95.51218470799999,2.355
 09/27  06:00:00,148.656433625,224.76387109200002
 09/27  07:00:00,153.993350252,227.065822657
 09/27  08:00:00,222.78475342599998,195.1412035
 09/27  09:00:00,250.17892168,160.384394889
 09/27  10:00:00,242.69568318700001,135.202433377
 09/27  11:00:00,273.10774087,115.238846897
 09/27  12:00:00,257.14449625099996,96.0582080228
 09/27  13:00:00,255.37576465,87.8325981711
 09/27  14:00:00,251.799305209,77.15998482
 09/27  15:00:00,252.04486622299999,56.839570996300004
 09/27  16:00:00,251.80396544799999,58.8324493235
 09/27  17:00:00,250.512388008,68.5827908007
 09/27  18:00:00,246.72708560400002,79.5848977988
 09/27  19:00:00,241.99545817599997,94.85073289510001
 09/27  20:00:00,216.63490441599998,106.24096534
 09/27  21:00:00,156.142688429,77.1566581862
 09/27  22:00:00,98.25373870860001,2.355
 09/27  23:00:00,130.987897665,3.49927222441
 09/27  24:00:00,102.711350149,2.355
 09/28  01:00:00,94.571888018,2.355
 09/28  02:00:00,94.0052688389,3.4992800441199994
 09/28  03:00:00,93.6562332172,2.355
 09/28  04:00:00,99.9213256669,2.355
 09/28  05:00:00,99.2721512952,2.355
 09/28  06:00:00,152.326474641,164.10929630299998
 09/28  07:00:00,158.62582659999998,169.793866988
 09/28  08:00:00,228.03748765,150.454816905
 09/28  09:00:00,257.754489121,119.55905932
 09/28  10:00:00,251.83904050299998,101.493518668
 09/28  11:00:00,282.842662706,75.51522592970001
 09/28  12:00:00,267.479179016,67.0705207537
 09/28  13:00:00,266.982398428,51.417321755299994
 09/28  14:00:00,264.16411134099997,43.724804130200006
 09/28  15:00:00,260.790967036,38.0983948019
 09/28  16:00:00,259.749595801,35.3923406339
 09/28  17:00:00,258.875045516,41.3797329687
 09/28  18:00:00,252.25182975,63.1900657005
 09/28  19:00:00,245.43630970799998,90.4681256988
 09/28  20:00:00,218.42637572799998,107.571192633
 09/28  21:00:00,156.940279343,82.8931910718
 09/28  22:00:00,98.6954469288,3.4994167105800003
 09/28  23:00:00,131.446438514,2.355
 09/28  24:00:00,102.645005605,2.355
 09/29  01:00:00,94.5160401695,3.49925825166
 09/29  02:00:00,93.1726423616,2.355
 09/29  03:00:00,91.7910974631,2.355
 09/29  04:00:00,112.98101355600001,2.355
 09/29  05:00:00,111.86504858,3.49925889441
 09/29  06:00:00,164.72460311700002,216.039183663
 09/29  07:00:00,162.06268270700002,219.664683747
 09/29  08:00:00,221.735261917,191.086430136
 09/29  09:00:00,251.78687600400002,139.606073859
 09/29  10:00:00,248.67552571599998,101.37571187
 09/29  11:00:00,284.362446163,62.638604188100004
 09/29  12:00:00,271.174439703,37.7271752757
 09/29  13:00:00,267.02736838,27.5860781393
 09/29  14:00:00,261.63459286200003,19.704946499800002
 09/29  15:00:00,257.93630298799997,12.1249524209
 09/29  16:00:00,257.797339895,14.7707432332
 09/29  17:00:00,256.208114124,21.0432799529
 09/29  18:00:00,249.655236186,42.989336642299996
 09/29  19:00:00,235.69156903900003,70.1136201707
 09/29  20:00:00,209.525768862,93.8129990173
 09/29  21:00:00,150.400770867,72.3886174677
 09/29  22:00:00,98.2546357451,2.355
 09/29  23:00:00,131.148987119,2.355
 09/29  24:00:00,102.74034056299999,3.49925006995
 09/30  01:00:00,92.1800813799,1.77125
 09/30  02:00:00,90.81811829520001,1.77125
 09/30  03:00:00,89.3179895298,2.9155515129
 09/30  04:00:00,94.8535189264,1.77125
 09/30  05:00:00,93.7440621782,1.77125
 09/30  06:00:00,134.74716887600002,217.792745721
 09/30  07:00:00,139.540176186,227.480257761
 09/30  08:00:00,194.511638945,204.93348473900002
 09/30  09:00:00,216.649009448,164.966716622
 09/30  10:00:00,247.58814236900002,115.10274273700001
 09/30  11:00:00,282.40692629,69.13372797
 09/30  12:00:00,268.656685355,39.8014962587
 09/30  13:00:00,270.010476546,17.4079490719
 09/30  14:00:00,268.64787038599997,11.672442753499999
 09/30  15:00:00,268.55792208599996,11.6723815222
 09/30  16:00:00,270.066119189,10.5275
 09/30  17:00:00,269.893349915,11.6725024991
 09/30  18:00:00,247.905953853,12.8305999145
 09/30  19:00:00,211.968500538,45.413526758500005
 09/30  20:00:00,198.289393549,74.9685957184
 09/30  21:00:00,150.012680186,48.9747996382
 09/30  22:00:00,102.886512702,2.9157180353500003
 09/30  23:00:00,133.86904813200002,1.77125
 09/30  24:00:00,105.79931148200001,2.91557611864
 10/01  01:00:00,95.8535373034,1.77125
 10/01  02:00:00,93.6501637813,1.77125
 10/01  03:00:00,91.64994661819999,1.77125
 10/01  04:00:00,95.4685499676,2.91555205068
 10/01  05:00:00,92.8752709942,1.77125
 10/01  06:00:00,131.63940196,264.711872503
 10/01  07:00:00,134.59725970899999,271.04290769700003
 10/01  08:00:00,163.215649916,227.60335420400003
 10/01  09:00:00,138.507443129,205.189252243
 10/01  10:00:00,174.363160387,166.67606350100002
 10/01  11:00:00,205.47914586099998,145.78767694
 10/01  12:00:00,215.697653461,120.91501746
 10/01  13:00:00,215.043091945,108.530911215
 10/01  14:00:00,211.106291209,95.958551174
 10/01  15:00:00,205.892243395,94.0858808064
 10/01  16:00:00,205.47785278799998,91.5567936583
 10/01  17:00:00,174.0404148,110.76172538200001
 10/01  18:00:00,176.356894295,137.303581732
 10/01  19:00:00,163.88651616299998,165.63275976100002
 10/01  20:00:00,158.575186291,187.02540551400003
 10/01  21:00:00,145.06127778200002,153.82647164
 10/01  22:00:00,84.8157514816,1.77125
 10/01  23:00:00,119.46514254899999,2.91551978762
 10/01  24:00:00,89.7652150749,1.77125
 10/02  01:00:00,85.71107907439999,2.355
 10/02  02:00:00,85.3721270687,2.355
 10/02  03:00:00,84.8808155866,3.4992429775900002
 10/02  04:00:00,90.78008045360001,2.355
 10/02  05:00:00,89.9000463606,2.355
 10/02  06:00:00,143.019002704,291.699411644
 10/02  07:00:00,147.072589074,272.611087173
 10/02  08:00:00,216.137942846,237.10019120099997
 10/02  09:00:00,243.158010381,185.383009307
 10/02  10:00:00,235.138275655,152.07520765
 10/02  11:00:00,267.33832166,124.795027534
 10/02  12:00:00,249.540237334,109.50926831700001
 10/02  13:00:00,248.596919019,97.25917811069999
 10/02  14:00:00,244.93724799400002,89.47339536780001
 10/02  15:00:00,241.81680959,82.27823096729999
 10/02  16:00:00,241.734254832,81.6608070604
 10/02  17:00:00,240.938587007,91.49463010299999
 10/02  18:00:00,238.85517350700002,100.23847913700001
 10/02  19:00:00,236.88567883099998,116.73443173700001
 10/02  20:00:00,210.442342179,127.79495768700001
 10/02  21:00:00,150.868194541,100.07034516200001
 10/02  22:00:00,92.5426156365,3.4994176007099997
 10/02  23:00:00,126.029660264,2.355
 10/02  24:00:00,96.69075565680001,2.355
 10/03  01:00:00,89.4157181473,3.4992605515199995
 10/03  02:00:00,88.93147295819999,2.355
 10/03  03:00:00,88.58254059629999,2.355
 10/03  04:00:00,110.479975849,2.355
 10/03  05:00:00,110.21728858,3.4992631584400002
 10/03  06:00:00,164.461406481,223.645896011
 10/03  07:00:00,162.375421843,216.187600775
 10/03  08:00:00,221.842544458,196.62973406
 10/03  09:00:00,249.48871876099997,168.969374528
 10/03  10:00:00,240.771308865,152.37643425
 10/03  11:00:00,273.623506909,127.455043873
 10/03  12:00:00,258.95909458200003,110.39542495799999
 10/03  13:00:00,257.313579007,103.079007088
 10/03  14:00:00,253.41373433200002,93.4558668884
 10/03  15:00:00,249.959577567,85.6040638345
 10/03  16:00:00,250.55222964,90.1439336425
 10/03  17:00:00,248.98331261599998,100.716429477
 10/03  18:00:00,243.766565737,110.28998470799999
 10/03  19:00:00,234.902909906,123.18960526299999
 10/03  20:00:00,207.673205933,132.404224841
 10/03  21:00:00,148.874789982,99.5221068417
 10/03  22:00:00,96.514730756,2.355
 10/03  23:00:00,129.18959921,3.4992738106199996
 10/03  24:00:00,99.816188779,2.355
 10/04  01:00:00,91.8396947537,2.355
 10/04  02:00:00,90.0494325744,2.355
 10/04  03:00:00,88.3807067442,3.49924154607
 10/04  04:00:00,93.41344798280001,2.355
 10/04  05:00:00,91.84592868850001,2.355
 10/04  06:00:00,143.892828413,298.477100474
 10/04  07:00:00,147.429057174,281.894956177
 10/04  08:00:00,217.315146665,234.485841862
 10/04  09:00:00,246.450842911,169.879476262
 10/04  10:00:00,241.558483401,133.041646639
 10/04  11:00:00,272.748424768,106.52618547700001
 10/04  12:00:00,254.37521290200002,95.16741193959999
 10/04  13:00:00,254.017676275,79.1283109472
 10/04  14:00:00,250.95290796700002,65.29779128199999
 10/04  15:00:00,247.50956866200002,57.599918449200004
 10/04  16:00:00,248.374517065,59.2461654187
 10/04  17:00:00,246.458668357,74.5840320936
 10/04  18:00:00,241.119711245,97.8453124184
 10/04  19:00:00,239.046971087,116.163951897
 10/04  20:00:00,210.791506537,136.388956467
 10/04  21:00:00,151.42296925899998,111.149172479
 10/04  22:00:00,93.0561069283,3.49939688166
 10/04  23:00:00,127.054370964,2.355
 10/04  24:00:00,98.14515088620001,2.355
 10/05  01:00:00,90.9617197138,3.49924065465
 10/05  02:00:00,90.19972905530001,2.355
 10/05  03:00:00,89.4682297608,2.355
 10/05  04:00:00,95.27367397290001,2.355
 10/05  05:00:00,94.03536556649999,3.4992443539199996
 10/05  06:00:00,146.747309357,236.16324321099998
 10/05  07:00:00,151.802689759,221.61874871700002
 10/05  08:00:00,222.31747057299998,191.34726416400002
 10/05  09:00:00,252.992310855,146.021410156
 10/05  10:00:00,250.257543782,107.913694804
 10/05  11:00:00,282.29439040200003,82.0522409407
 10/05  12:00:00,268.234379831,70.3050137801
 10/05  13:00:00,268.026664287,62.7881612844
 10/05  14:00:00,263.982895077,58.8477496538
 10/05  15:00:00,261.56057837599997,53.2836295592
 10/05  16:00:00,262.66042486599997,53.4291319037
 10/05  17:00:00,264.079251381,55.827458926000006
 10/05  18:00:00,258.350106974,75.7452842175
 10/05  19:00:00,259.45723428900004,89.6330112214
 10/05  20:00:00,234.04811367599999,93.5957358125
 10/05  21:00:00,170.920651724,57.7468808355
 10/05  22:00:00,113.64485353399999,2.355
 10/05  23:00:00,145.660188911,3.4993023420999996
 10/05  24:00:00,118.768810865,2.355
 10/06  01:00:00,108.682675108,2.355
 10/06  02:00:00,106.953368416,2.355
 10/06  03:00:00,104.90865444200001,3.49920491231
 10/06  04:00:00,126.925314725,2.355
 10/06  05:00:00,127.23738681799999,2.355
 10/06  06:00:00,181.31188602,134.339864002
 10/06  07:00:00,185.36171606,130.160539081
 10/06  08:00:00,247.617832338,105.343646077
 10/06  09:00:00,281.745608191,69.7445452599
 10/06  10:00:00,282.119601877,40.3902114614
 10/06  11:00:00,310.235597482,13.2779762676
 10/06  12:00:00,303.008283911,11.6726723821
 10/06  13:00:00,304.557911202,12.8180105782
 10/06  14:00:00,300.987887741,11.672517620499999
 10/06  15:00:00,297.55641522900004,11.672362073
 10/06  16:00:00,296.542628579,10.5275
 10/06  17:00:00,295.596970355,11.6725468028
 10/06  18:00:00,289.695147202,10.5049018777
 10/06  19:00:00,283.818127196,10.5048007997
 10/06  20:00:00,254.547281483,25.6250650872
 10/06  21:00:00,181.154191605,5.13867274076
 10/06  22:00:00,126.514494904,3.49942581515
 10/06  23:00:00,154.600837724,2.355
 10/06  24:00:00,129.10941697799998,2.355
 10/07  01:00:00,116.246010932,2.9156126110900003
 10/07  02:00:00,114.205135005,1.77125
 10/07  03:00:00,112.180976285,1.77125
 10/07  04:00:00,117.770366309,2.91548931116
 10/07  05:00:00,115.666677083,1.77125
 10/07  06:00:00,153.361004574,119.27570945
 10/07  07:00:00,160.350346382,139.326442333
 10/07  08:00:00,213.984978774,129.25987056600002
 10/07  09:00:00,237.31878295,105.338572255
 10/07  10:00:00,261.854167571,93.69987688280001
 10/07  11:00:00,289.157040159,83.8436025059
 10/07  12:00:00,273.713252824,80.7313846067
 10/07  13:00:00,274.106067596,68.3040888263
 10/07  14:00:00,267.319823751,65.6087385264
 10/07  15:00:00,260.573162484,66.7955710983
 10/07  16:00:00,258.452052012,66.6171958434
 10/07  17:00:00,257.30595877,71.0990933678
 10/07  18:00:00,238.642038405,92.60284978290001
 10/07  19:00:00,210.372585044,101.76209426700001
 10/07  20:00:00,199.35755976099998,103.948069413
 10/07  21:00:00,149.866954131,75.75460316729999
 10/07  22:00:00,103.626890753,2.9157113068799996
 10/07  23:00:00,135.49193127700002,1.77125
 10/07  24:00:00,107.24922673399999,1.77125
 10/08  01:00:00,98.67777905690001,2.9155576402900003
 10/08  02:00:00,96.62421224190001,1.77125
 10/08  03:00:00,94.5658215134,1.77125
 10/08  04:00:00,100.17300224700001,2.9155198112800003
 10/08  05:00:00,97.834420151,1.77125
 10/08  06:00:00,136.64006549200002,217.111923481
 10/08  07:00:00,143.5122685,229.602998839
 10/08  08:00:00,167.250187445,203.771291685
 10/08  09:00:00,142.287361527,197.984260405
 10/08  10:00:00,177.60935433,170.691743329
 10/08  11:00:00,207.981732389,158.919922211
 10/08  12:00:00,218.19860764900002,139.846058805
 10/08  13:00:00,218.702972705,126.88723745899999
 10/08  14:00:00,214.89733623,119.776500265
 10/08  15:00:00,210.700307809,118.897624397
 10/08  16:00:00,210.90337453799998,117.19870740100001
 10/08  17:00:00,181.083558852,140.515813016
 10/08  18:00:00,185.66712144599998,150.803028251
 10/08  19:00:00,180.969549383,160.17499122799998
 10/08  20:00:00,171.368776404,163.419866562
 10/08  21:00:00,155.287403534,122.62979670799999
 10/08  22:00:00,94.99318562479999,1.77125
 10/08  23:00:00,128.172196799,2.91552578827
 10/08  24:00:00,98.34030205959999,1.77125
 10/09  01:00:00,89.9303938713,1.77125
 10/09  02:00:00,87.7813868629,2.91554114499
 10/09  03:00:00,86.2378922901,1.77125
 10/09  04:00:00,91.677658026,1.77125
 10/09  05:00:00,90.08533277549999,1.77125
 10/09  06:00:00,130.689624532,327.99284463099997
 10/09  07:00:00,138.367596473,308.064329612
 10/09  08:00:00,163.209513605,263.67496019099997
 10/09  09:00:00,138.005753698,234.99106017
 10/09  10:00:00,175.146336439,184.46020485900002
 10/09  11:00:00,208.006319544,153.882319968
 10/09  12:00:00,219.766384876,122.559766989
 10/09  13:00:00,221.67851416,102.119731345
 10/09  14:00:00,217.36042544,96.9905302305
 10/09  15:00:00,214.259378301,89.4101302936
 10/09  16:00:00,214.003774895,88.0552233285
 10/09  17:00:00,184.21976956,108.32167212200001
 10/09  18:00:00,187.008920413,131.334183468
 10/09  19:00:00,180.582790867,155.104165956
 10/09  20:00:00,169.046983763,174.34507322
 10/09  21:00:00,152.626299627,143.906526624
 10/09  22:00:00,93.1721876692,2.91562705983
 10/09  23:00:00,126.904604167,1.77125
 10/09  24:00:00,97.3202465582,1.77125
 10/10  01:00:00,91.87143597069999,3.49924774084
 10/10  02:00:00,90.5211997642,2.355
 10/10  03:00:00,89.14031413069999,2.355
 10/10  04:00:00,110.305962515,3.4992577870699995
 10/10  05:00:00,109.38148246200001,2.355
 10/10  06:00:00,162.427382571,287.622659709
 10/10  07:00:00,162.780197042,282.29916318200003
 10/10  08:00:00,219.002435504,240.482459949
 10/10  09:00:00,247.320647447,191.933109511
 10/10  10:00:00,241.327904965,152.966202014
 10/10  11:00:00,277.719050655,108.688176161
 10/10  12:00:00,265.15348619400004,83.4823815466
 10/10  13:00:00,264.421560779,75.3113228294
 10/10  14:00:00,261.083413187,57.4487862606
 10/10  15:00:00,258.112406923,42.75258889
 10/10  16:00:00,259.461156175,37.2571985452
 10/10  17:00:00,261.19316974099996,38.1715585566
 10/10  18:00:00,261.250475811,49.492569441899995
 10/10  19:00:00,248.267521292,80.03222620470001
 10/10  20:00:00,217.427639607,101.726271865
 10/10  21:00:00,156.985072979,73.3109237691
 10/10  22:00:00,103.922871115,2.355
 10/10  23:00:00,136.26366110799998,3.49934572065
 10/10  24:00:00,107.128961574,2.355
 10/11  01:00:00,98.0834304642,2.355
 10/11  02:00:00,96.34124495520001,3.4992210162
 10/11  03:00:00,95.24445871200001,2.355
 10/11  04:00:00,100.78662581399999,2.355
 10/11  05:00:00,99.28327561340001,3.4992174846900004
 10/11  06:00:00,151.605825885,220.8169924
 10/11  07:00:00,159.628440452,221.421502955
 10/11  08:00:00,223.893108187,202.66046655099998
 10/11  09:00:00,254.056924431,155.645286971
 10/11  10:00:00,251.43483933299999,125.80017321
 10/11  11:00:00,287.848503202,85.2460967184
 10/11  12:00:00,275.501690926,58.31278968310001
 10/11  13:00:00,274.163363758,42.6025737583
 10/11  14:00:00,269.494595134,27.2753860985
 10/11  15:00:00,265.535592058,17.256230709300002
 10/11  16:00:00,266.889589586,21.091827966500002
 10/11  17:00:00,266.15026132099996,38.225782077800005
 10/11  18:00:00,263.235930203,61.442547962
 10/11  19:00:00,259.154026145,79.73963273449999
 10/11  20:00:00,232.469895896,89.5833884715
 10/11  21:00:00,167.603629549,62.7303688373
 10/11  22:00:00,108.600945937,2.355
 10/11  23:00:00,138.721368034,2.355
 10/11  24:00:00,109.936291859,3.4992298789499996
 10/12  01:00:00,100.427162542,2.355
 10/12  02:00:00,97.9586265477,2.355
 10/12  03:00:00,95.753958415,3.49926414553
 10/12  04:00:00,100.45592947799999,2.355
 10/12  05:00:00,98.2372085984,2.355
 10/12  06:00:00,149.72241665200002,234.559225352
 10/12  07:00:00,159.147965129,219.065614846
 10/12  08:00:00,226.00318212599998,190.485419984
 10/12  09:00:00,256.546973583,147.647039002
 10/12  10:00:00,256.69738476,105.94399337799999
 10/12  11:00:00,290.77723636400003,62.263616003900005
 10/12  12:00:00,279.907448234,30.717612586399998
 10/12  13:00:00,279.59074460799997,13.788510197799999
 10/12  14:00:00,272.852089184,11.672539383299998
 10/12  15:00:00,268.562738319,11.6723931104
 10/12  16:00:00,267.21646145299997,10.5275
 10/12  17:00:00,262.04636485099996,15.7380227239
 10/12  18:00:00,260.58095500900004,35.836228114200004
 10/12  19:00:00,259.27354492,53.9744244129
 10/12  20:00:00,232.278004454,60.7227498073
 10/12  21:00:00,169.706979926,29.8350940198
 10/12  22:00:00,111.259799747,3.49943007703
 10/12  23:00:00,141.388628497,2.355
 10/12  24:00:00,112.94603592700001,2.355
 10/13  01:00:00,102.196329034,3.49925998742
 10/13  02:00:00,99.04874092610001,2.355
 10/13  03:00:00,96.8445939751,2.355
 10/13  04:00:00,117.02600812799999,3.4992090755699996
 10/13  05:00:00,115.392674735,2.355
 10/13  06:00:00,167.624980911,203.37011910900003
 10/13  07:00:00,168.130465098,204.78281928799998
 10/13  08:00:00,223.465082583,182.66281315700002
 10/13  09:00:00,250.29020707200002,159.717433817
 10/13  10:00:00,241.160182303,142.413389934
 10/13  11:00:00,268.612566063,134.04910362799998
 10/13  12:00:00,248.836982378,129.449081377
 10/13  13:00:00,246.08245694400003,119.970868489
 10/13  14:00:00,240.659957273,124.524127996
 10/13  15:00:00,237.431809407,128.36878351
 10/13  16:00:00,238.456613278,132.605134089
 10/13  17:00:00,236.585288712,143.253532846
 10/13  18:00:00,237.011412953,153.943263114
 10/13  19:00:00,224.851215593,167.299159616
 10/13  20:00:00,199.156146304,181.389587045
 10/13  21:00:00,143.106876056,151.36797630700002
 10/13  22:00:00,89.8865453019,3.4994252707499998
 10/13  23:00:00,124.060141485,2.355
 10/13  24:00:00,93.77251115870001,2.355
 10/14  01:00:00,84.5702683905,2.91555796045
 10/14  02:00:00,84.0984127436,1.77125
 10/14  03:00:00,83.9676791007,1.77125
 10/14  04:00:00,90.73525427700001,2.9154984974500002
 10/14  05:00:00,90.70900994459998,1.77125
 10/14  06:00:00,133.316190163,255.56594065099998
 10/14  07:00:00,142.655055706,238.44761188900003
 10/14  08:00:00,193.552513716,215.172479045
 10/14  09:00:00,212.451387582,197.80629036599998
 10/14  10:00:00,236.764888302,184.94931258
 10/14  11:00:00,266.531920984,168.083449818
 10/14  12:00:00,247.031261977,154.839450806
 10/14  13:00:00,244.740420745,148.635929844
 10/14  14:00:00,240.618391852,146.323498863
 10/14  15:00:00,237.36896957099998,143.841870038
 10/14  16:00:00,238.13131970700002,141.191250534
 10/14  17:00:00,238.32315872599997,144.102822033
 10/14  18:00:00,225.192315337,161.173520206
 10/14  19:00:00,190.75883877099997,169.548067356
 10/14  20:00:00,180.048871535,172.34605694799998
 10/14  21:00:00,136.36454223200002,142.962979743
 10/14  22:00:00,90.1190367794,2.91564663931
 10/14  23:00:00,124.070594518,1.77125
 10/14  24:00:00,93.9191724444,1.77125
 10/15  01:00:00,86.7385768676,2.9155306586900003
 10/15  02:00:00,85.8961806926,1.77125
 10/15  03:00:00,85.13033053390001,1.77125
 10/15  04:00:00,91.1756140028,2.9155016751800003
 10/15  05:00:00,90.4170481502,1.77125
 10/15  06:00:00,131.715741555,286.99723701799996
 10/15  07:00:00,139.64995495600002,271.246364271
 10/15  08:00:00,164.463419066,241.99122796700001
 10/15  09:00:00,138.367631223,232.69904266900002
 10/15  10:00:00,172.461627795,208.192417668
 10/15  11:00:00,202.296641766,202.39023317
 10/15  12:00:00,209.64434417400003,174.87388784599997
 10/15  13:00:00,209.32666125,154.49697971
 10/15  14:00:00,207.55559949,135.486780876
 10/15  15:00:00,204.235043862,127.33124797
 10/15  16:00:00,204.22287034599998,124.72341168700001
 10/15  17:00:00,175.63995925900002,144.017905708
 10/15  18:00:00,183.01764274299998,165.272593313
 10/15  19:00:00,174.21248725700002,182.67470502700002
 10/15  20:00:00,165.13938953,194.611212721
 10/15  21:00:00,149.442300251,162.841881519
 10/15  22:00:00,88.621333496,1.77125
 10/15  23:00:00,122.588988683,2.9155558801200003
 10/15  24:00:00,92.26674260790001,1.77125
 10/16  01:00:00,87.2956222009,2.355
 10/16  02:00:00,86.49863367030001,3.4992446591300004
 10/16  03:00:00,85.7479469474,2.355
 10/16  04:00:00,91.6310179859,2.355
 10/16  05:00:00,91.13853133149999,3.49924383599
 10/16  06:00:00,145.28986582299999,281.513682323
 10/16  07:00:00,155.155828049,252.18213392400003
 10/16  08:00:00,222.53049071799998,211.03416274
 10/16  09:00:00,252.884022663,163.83886597
 10/16  10:00:00,250.62340421099998,122.856143838
 10/16  11:00:00,286.212876634,77.12858285680001
 10/16  12:00:00,275.662999228,44.9014598504
 10/16  13:00:00,277.24318348400004,23.246446200500003
 10/16  14:00:00,272.93808690099996,12.2035302918
 10/16  15:00:00,268.078828229,11.672556379200001
 10/16  16:00:00,267.976380555,11.6725233376
 10/16  17:00:00,266.358568612,13.9649151685
 10/16  18:00:00,264.064553419,32.1966958861
 10/16  19:00:00,260.44558364700003,51.1230037417
 10/16  20:00:00,229.83610981,62.4041495225
 10/16  21:00:00,166.235820349,37.0850504232
 10/16  22:00:00,106.968149855,2.355
 10/16  23:00:00,139.49117945700002,3.49930483112
 10/16  24:00:00,112.15725029,2.355
 10/17  01:00:00,103.583131717,2.355
 10/17  02:00:00,102.533064666,3.4992424997400002
 10/17  03:00:00,102.267981121,2.355
 10/17  04:00:00,127.898349453,2.355
 10/17  05:00:00,125.955180776,2.355
 10/17  06:00:00,181.15621516,110.212831219
 10/17  07:00:00,187.907012279,112.291625035
 10/17  08:00:00,244.399385899,99.5998382628
 10/17  09:00:00,276.73047376700003,75.3126366455
 10/17  10:00:00,272.718608619,62.3338211296
 10/17  11:00:00,300.173154295,44.2564876105
 10/17  12:00:00,289.29254519200003,37.518261725500004
 10/17  13:00:00,291.939761237,19.4594891548
 10/17  14:00:00,289.60109566799997,11.672552219100002
 10/17  15:00:00,289.21273625,11.672432388599999
 10/17  16:00:00,291.214186831,11.672401442
 10/17  17:00:00,284.861339612,15.4153542718
 10/17  18:00:00,279.23383722799997,34.8028534458
 10/17  19:00:00,270.599104579,43.6042753565
 10/17  20:00:00,247.00045244400002,48.547473576499996
 10/17  21:00:00,178.55077349599998,13.9877937023
 10/17  22:00:00,124.242351374,2.355
 10/17  23:00:00,154.803718769,3.49927074491
 10/17  24:00:00,131.857467812,2.355
 10/18  01:00:00,121.393505545,2.355
 10/18  02:00:00,120.174223967,2.355
 10/18  03:00:00,118.05013568700001,3.4992450509900004
 10/18  04:00:00,122.98435274,2.355
 10/18  05:00:00,120.912334059,2.355
 10/18  06:00:00,172.358382377,61.4338437778
 10/18  07:00:00,183.269544794,89.23928975860001
 10/18  08:00:00,248.80523059400002,90.6015639941
 10/18  09:00:00,281.75800954700003,70.06028111229999
 10/18  10:00:00,276.85018147,62.894660476000006
 10/18  11:00:00,298.95872930900003,54.898994754099995
 10/18  12:00:00,281.056028954,60.85731936689999
 10/18  13:00:00,272.257716432,74.4330801142
 10/18  14:00:00,260.242866811,83.7080776202
 10/18  15:00:00,251.86323328900002,92.51688609709998
 10/18  16:00:00,248.60004266,99.594893488
 10/18  17:00:00,246.337745338,105.535878775
 10/18  18:00:00,244.921242163,117.589416849
 10/18  19:00:00,239.08477953599999,127.78982563
 10/18  20:00:00,212.276251605,136.59273162600002
 10/18  21:00:00,152.817900206,107.63514331
 10/18  22:00:00,95.8398102315,2.355
 10/18  23:00:00,130.664962205,2.355
 10/18  24:00:00,102.039208659,3.49925269524
 10/19  01:00:00,93.28270442790001,2.355
 10/19  02:00:00,90.7216394476,2.355
 10/19  03:00:00,89.20727494100001,3.49922521994
 10/19  04:00:00,94.7590945592,2.355
 10/19  05:00:00,93.7933147273,2.355
 10/19  06:00:00,146.900754302,215.059750386
 10/19  07:00:00,154.904855489,214.04518241099998
 10/19  08:00:00,220.22106101400001,200.150411305
 10/19  09:00:00,247.000633035,167.31538007700001
 10/19  10:00:00,238.464414251,143.044300494
 10/19  11:00:00,271.543967574,112.29613826200001
 10/19  12:00:00,255.390075715,92.9477629214
 10/19  13:00:00,257.741056083,73.6435984029
 10/19  14:00:00,257.45980523599997,54.5246802963
 10/19  15:00:00,256.395172714,39.9090478272
 10/19  16:00:00,257.553753351,38.2446994976
 10/19  17:00:00,254.44826488400003,55.1692661979
 10/19  18:00:00,252.34855651200002,80.40793301560001
 10/19  19:00:00,238.696829786,112.459017785
 10/19  20:00:00,208.98574178599998,132.67622259
 10/19  21:00:00,150.036111357,110.72361694700001
 10/19  22:00:00,92.0482079507,2.355
 10/19  23:00:00,125.858887631,2.355
 10/19  24:00:00,95.9717350772,3.4992608159800005
 10/20  01:00:00,87.9913704266,2.355
 10/20  02:00:00,86.55374820899999,2.355
 10/20  03:00:00,85.3617488354,3.4992339596099997
 10/20  04:00:00,106.50804637,2.355
 10/20  05:00:00,105.72888551,2.355
 10/20  06:00:00,158.549790496,292.409705233
 10/20  07:00:00,161.059958196,282.92202525700003
 10/20  08:00:00,214.440852242,251.91500707400002
 10/20  09:00:00,241.07151195,206.005355596
 10/20  10:00:00,233.42086018,173.81807187599998
 10/20  11:00:00,263.875564188,155.973758344
 10/20  12:00:00,244.10816546400002,146.039429761
 10/20  13:00:00,243.317935137,135.598498089
 10/20  14:00:00,240.55874169700002,127.699731925
 10/20  15:00:00,237.522101538,122.635618228
 10/20  16:00:00,237.515385785,122.39369636299999
 10/20  17:00:00,236.766723913,126.009030916
 10/20  18:00:00,240.376961165,142.207735877
 10/20  19:00:00,224.91397968400003,156.823923058
 10/20  20:00:00,198.844884466,166.728886903
 10/20  21:00:00,142.523868065,136.893694347
 10/20  22:00:00,89.3741783822,2.355
 10/20  23:00:00,123.361127722,2.355
 10/20  24:00:00,93.18336532229999,3.49923237746
 10/21  01:00:00,83.7776817171,1.77125
 10/21  02:00:00,82.6638214148,1.77125
 10/21  03:00:00,81.7805526921,2.91556185477
 10/21  04:00:00,87.6348615422,1.77125
 10/21  05:00:00,86.74841266790001,1.77125
 10/21  06:00:00,128.183780909,322.80359360200003
 10/21  07:00:00,139.205731111,302.754161233
 10/21  08:00:00,188.31924409799998,279.989373477
 10/21  09:00:00,207.888483248,235.364215307
 10/21  10:00:00,234.41769541,190.21719685099998
 10/21  11:00:00,265.08325096,165.315280847
 10/21  12:00:00,245.066156578,163.285079517
 10/21  13:00:00,241.697661154,159.073616735
 10/21  14:00:00,235.755768362,156.766614606
 10/21  15:00:00,230.817952941,155.18441575399999
 10/21  16:00:00,229.883527078,148.49875026700002
 10/21  17:00:00,229.072170235,154.64624123
 10/21  18:00:00,219.85347551400002,181.500971072
 10/21  19:00:00,181.188577378,198.25354753599999
 10/21  20:00:00,170.634089287,218.078854998
 10/21  21:00:00,127.908054318,192.549735392
 10/21  22:00:00,81.78483008100001,1.77125
 10/21  23:00:00,116.77672560299999,2.9156388169
 10/21  24:00:00,84.95066225859999,1.77125
 10/22  01:00:00,77.6950930571,1.77125
 10/22  02:00:00,76.8158702777,2.91555554582
 10/22  03:00:00,76.50298029560001,1.77125
 10/22  04:00:00,82.7808316362,1.77125
 10/22  05:00:00,82.1225249108,2.9155137232999997
 10/22  06:00:00,124.375590477,398.165066945
 10/22  07:00:00,133.33064956200002,383.008636261
 10/22  08:00:00,155.106390374,338.346411514
 10/22  09:00:00,128.531390815,304.737016138
 10/22  10:00:00,164.86910662399998,250.576107966
 10/22  11:00:00,196.63801333900003,222.20262359
 10/22  12:00:00,203.98429981799998,193.142525246
 10/22  13:00:00,202.36159792700002,174.946410579
 10/22  14:00:00,198.90423760099998,158.458072296
 10/22  15:00:00,197.312683953,143.752309572
 10/22  16:00:00,198.09210262,137.521886771
 10/22  17:00:00,168.556971445,158.18621159999998
 10/22  18:00:00,180.793142635,188.73476958700002
 10/22  19:00:00,168.074748189,210.262502816
 10/22  20:00:00,159.138012265,219.063853585
 10/22  21:00:00,144.73046212,184.565530341
 10/22  22:00:00,84.4370614477,1.77125
 10/22  23:00:00,118.89560419200001,1.77125
 10/22  24:00:00,88.14911412059999,2.91556974399
 10/23  01:00:00,83.7131084748,2.355
 10/23  02:00:00,83.0958173494,2.355
 10/23  03:00:00,82.6290233749,3.49921237458
 10/23  04:00:00,89.0658123066,2.355
 10/23  05:00:00,88.7253391942,2.355
 10/23  06:00:00,142.54602951799998,315.25305703099997
 10/23  07:00:00,154.52836269600002,280.81835156
 10/23  08:00:00,217.74428198900003,244.16681185099998
 10/23  09:00:00,245.257697683,191.81073711599998
 10/23  10:00:00,239.47813730000001,150.532968015
 10/23  11:00:00,275.560201017,109.278787208
 10/23  12:00:00,263.580905169,79.0267173723
 10/23  13:00:00,264.84486611,59.3721579088
 10/23  14:00:00,262.207868389,44.8074213137
 10/23  15:00:00,259.88343089299997,29.875792256300002
 10/23  16:00:00,258.135729764,33.2643349367
 10/23  17:00:00,254.63357662299998,47.911192846999995
 10/23  18:00:00,254.91165662400002,69.3329602444
 10/23  19:00:00,245.23767048099998,91.6282117333
 10/23  20:00:00,217.117806435,107.191853972
 10/23  21:00:00,154.986558329,88.6075011663
 10/23  22:00:00,96.27134250479999,2.355
 10/23  23:00:00,129.295350877,3.49928020989
 10/23  24:00:00,99.6383070032,2.355
 10/24  01:00:00,91.08344669510001,2.355
 10/24  02:00:00,89.5524272972,2.355
 10/24  03:00:00,88.6740091514,3.49927220399
 10/24  04:00:00,110.876737972,2.355
 10/24  05:00:00,110.640925363,2.355
 10/24  06:00:00,164.15641776200002,243.282994722
 10/24  07:00:00,168.721983159,234.744934615
 10/24  08:00:00,221.63293694,215.07190746
 10/24  09:00:00,249.557736372,168.047295034
 10/24  10:00:00,242.662125255,136.517528363
 10/24  11:00:00,275.919024573,101.781530553
 10/24  12:00:00,261.895591683,76.2041817539
 10/24  13:00:00,261.75462670900004,57.0822365287
 10/24  14:00:00,258.33649272,43.4098508863
 10/24  15:00:00,254.25233069900003,34.514799778800004
 10/24  16:00:00,252.525061191,40.5015459588
 10/24  17:00:00,248.952215247,56.1266665036
 10/24  18:00:00,250.347801452,77.6312129083
 10/24  19:00:00,233.60026235400002,96.15566955850001
 10/24  20:00:00,206.30405960099998,107.09056723100001
 10/24  21:00:00,147.27946248700002,81.8027675567
 10/24  22:00:00,93.39792793129999,2.355
 10/24  23:00:00,126.22821453,3.49928769683
 10/24  24:00:00,95.7605711987,2.355
 10/25  01:00:00,88.1046587182,2.355
 10/25  02:00:00,87.1922229254,3.4992409312699997
 10/25  03:00:00,86.73813117690001,2.355
 10/25  04:00:00,93.2496198639,2.355
 10/25  05:00:00,92.9114985474,2.355
 10/25  06:00:00,147.535460795,216.69279147
 10/25  07:00:00,160.72845037,206.190171405
 10/25  08:00:00,223.086336301,188.96585189799998
 10/25  09:00:00,251.93512637700002,151.217657846
 10/25  10:00:00,245.347147966,127.73070694399999
 10/25  11:00:00,277.22500364900003,105.510075282
 10/25  12:00:00,262.0902694,94.9559770794
 10/25  13:00:00,262.935374561,81.34097650060001
 10/25  14:00:00,260.881769218,66.8726484688
 10/25  15:00:00,257.713163844,58.7379881674
 10/25  16:00:00,257.760557034,58.900932527399995
 10/25  17:00:00,257.461475045,61.3678588979
 10/25  18:00:00,258.03036525,81.9811527343
 10/25  19:00:00,250.666394793,97.3784062483
 10/25  20:00:00,220.114606994,115.24914105
 10/25  21:00:00,158.308637726,93.4564014551
 10/25  22:00:00,100.385034856,2.355
 10/25  23:00:00,132.81552037,3.4993264426199997
 10/25  24:00:00,103.734982789,2.355
 10/26  01:00:00,95.6197418571,2.355
 10/26  02:00:00,94.0970546649,3.4992912136400003
 10/26  03:00:00,93.1873667943,2.355
 10/26  04:00:00,99.3430151914,2.355
 10/26  05:00:00,98.22705292180001,3.49922952561
 10/26  06:00:00,150.665411669,223.080678347
 10/26  07:00:00,162.86524240100002,218.13688821
 10/26  08:00:00,224.288752694,195.000408587
 10/26  09:00:00,250.964930718,162.04945867
 10/26  10:00:00,243.203125725,143.466789878
 10/26  11:00:00,273.097582368,124.483040629
 10/26  12:00:00,257.72287755599996,106.154758479
 10/26  13:00:00,261.346085932,80.1497667269
 10/26  14:00:00,260.407500098,61.62879012689999
 10/26  15:00:00,258.499803026,48.0473674177
 10/26  16:00:00,260.375052795,36.108672063
 10/26  17:00:00,259.629981003,41.771268395199996
 10/26  18:00:00,259.958550945,65.899158998
 10/26  19:00:00,251.486342419,91.0189219656
 10/26  20:00:00,220.578756777,110.915250578
 10/26  21:00:00,158.213766624,82.8766230201
 10/26  22:00:00,100.823285865,3.49937688871
 10/26  23:00:00,133.059153851,2.355
 10/26  24:00:00,105.010701578,2.355
 10/27  01:00:00,96.3228321826,3.4992302189599997
 10/27  02:00:00,94.5792072503,2.355
 10/27  03:00:00,93.2265554963,2.355
 10/27  04:00:00,114.30792222,2.355
 10/27  05:00:00,113.395038011,3.49924706871
 10/27  06:00:00,166.82893293799998,227.705050275
 10/27  07:00:00,172.102523754,220.391103835
 10/27  08:00:00,224.601147906,194.54023000700002
 10/27  09:00:00,252.86370072900002,153.175210758
 10/27  10:00:00,249.583076494,116.937993085
 10/27  11:00:00,284.849418432,76.0003481462
 10/27  12:00:00,273.988180506,51.5944606376
 10/27  13:00:00,276.485683095,34.6873053291
 10/27  14:00:00,275.657411566,18.9991748243
 10/27  15:00:00,272.101297138,17.8358863041
 10/27  16:00:00,269.358906282,30.3468505788
 10/27  17:00:00,268.09536511700003,40.0569077196
 10/27  18:00:00,270.657800752,52.677848148500004
 10/27  19:00:00,257.685198577,67.6342458566
 10/27  20:00:00,233.246019278,69.88777335350001
 10/27  21:00:00,169.4786695,36.7837131249
 10/27  22:00:00,114.84587385100001,3.49943270055
 10/27  23:00:00,145.791293725,2.355
 10/27  24:00:00,119.340305424,2.355
 10/28  01:00:00,107.558140436,2.9156216499000003
 10/28  02:00:00,106.167668866,1.77125
 10/28  03:00:00,104.001492974,2.9155278296200002
 10/28  04:00:00,110.46700823100001,1.77125
 10/28  05:00:00,110.15025721100001,1.77125
 10/28  06:00:00,152.002807959,125.96735962700001
 10/28  07:00:00,169.612035776,132.708617975
 10/28  08:00:00,218.627551381,116.61032276200001
 10/28  09:00:00,241.53496931900003,98.0166839905
 10/28  10:00:00,262.446397098,85.18828562979999
 10/28  11:00:00,286.648077626,67.3437924262
 10/28  12:00:00,268.193489618,52.5979073605
 10/28  13:00:00,261.977191859,43.9960994204
 10/28  14:00:00,254.087256674,39.9456150954
 10/28  15:00:00,249.71687362,31.6429330723
 10/28  16:00:00,248.44244722,34.0128964958
 10/28  17:00:00,246.934530588,48.1034991772
 10/28  18:00:00,234.312738687,85.5879751486
 10/28  19:00:00,193.67872087400002,109.36867021399999
 10/28  20:00:00,181.053238658,125.551229028
 10/28  21:00:00,138.922807668,100.15134833200001
 10/28  22:00:00,94.5289086584,1.77125
 10/28  23:00:00,126.033825091,2.9156394959599994
 10/28  24:00:00,95.4505633477,1.77125
 10/29  01:00:00,87.04418859309999,1.77125
 10/29  02:00:00,85.3351046664,2.91558455076
 10/29  03:00:00,83.9270846061,1.77125
 10/29  04:00:00,89.5904444066,1.77125
 10/29  05:00:00,88.38717936180001,2.91555202061
 10/29  06:00:00,129.092899565,321.059983801
 10/29  07:00:00,139.75344809,320.650201604
 10/29  08:00:00,161.202514354,284.36648715
 10/29  09:00:00,136.252800857,241.16927281099998
 10/29  10:00:00,173.04105859999999,188.873428542
 10/29  11:00:00,204.725938124,166.802696981
 10/29  12:00:00,214.89833748,141.19009893
 10/29  13:00:00,214.45347596099998,127.854146261
 10/29  14:00:00,211.439705111,117.150762113
 10/29  15:00:00,208.45038117299998,109.543834401
 10/29  16:00:00,208.527811507,107.38461020700001
 10/29  17:00:00,177.580175798,138.965010022
 10/29  18:00:00,190.81418710900002,176.066928737
 10/29  19:00:00,176.180634693,191.898161522
 10/29  20:00:00,167.469866296,193.845377403
 10/29  21:00:00,150.899357604,159.03793256
 10/29  22:00:00,89.30472378469999,1.77125
 10/29  23:00:00,122.89026539299999,2.91549956742
 10/29  24:00:00,92.3606388818,1.77125
 10/30  01:00:00,87.4126453122,2.355
 10/30  02:00:00,86.62139471459999,3.4992731467100002
 10/30  03:00:00,86.0649514622,2.355
 10/30  04:00:00,92.2263736632,2.355
 10/30  05:00:00,91.6545204517,3.4992137497900004
 10/30  06:00:00,145.58884325100001,271.123054
 10/30  07:00:00,158.35336475,251.07806707
 10/30  08:00:00,220.920660978,227.19315571599998
 10/30  09:00:00,248.609329955,193.173083189
 10/30  10:00:00,239.644513035,172.531300088
 10/30  11:00:00,269.632948847,146.49470615299998
 10/30  12:00:00,252.26943138299998,126.44367818200001
 10/30  13:00:00,250.85018817,115.52744392700001
 10/30  14:00:00,247.80933350400002,102.420362008
 10/30  15:00:00,245.16610883400003,91.8463691188
 10/30  16:00:00,244.312187259,98.21081511620001
 10/30  17:00:00,243.407766989,107.594496014
 10/30  18:00:00,249.37921915200002,127.921218866
 10/30  19:00:00,237.89995959799998,148.756349104
 10/30  20:00:00,211.426456788,163.615167232
 10/30  21:00:00,152.10236759100002,141.138591685
 10/30  22:00:00,94.28677914459999,3.4994288689699995
 10/30  23:00:00,128.067850192,2.355
 10/30  24:00:00,98.1893380989,2.355
 10/31  01:00:00,90.65565478120001,3.49926331737
 10/31  02:00:00,89.3025836751,2.355
 10/31  03:00:00,88.16886018870001,2.355
 10/31  04:00:00,109.429111239,3.4992195085000004
 10/31  05:00:00,108.726053043,2.355
 10/31  06:00:00,161.971383813,293.212133173
 10/31  07:00:00,166.187123625,263.583956155
 10/31  08:00:00,220.611748215,225.03852236400002
 10/31  09:00:00,248.471853229,197.564258823
 10/31  10:00:00,239.393713133,182.381653459
 10/31  11:00:00,269.574488089,154.131302246
 10/31  12:00:00,252.475001883,138.078375494
 10/31  13:00:00,253.454966412,125.65640563
 10/31  14:00:00,252.595745152,110.533047416
 10/31  15:00:00,251.663874652,93.94603465680001
 10/31  16:00:00,251.590110998,95.1830956856
 10/31  17:00:00,251.161227207,101.38131434399999
 10/31  18:00:00,258.719697454,109.970971471
 10/31  19:00:00,243.521768493,119.099385253
 10/31  20:00:00,217.77443403599997,122.219892016
 10/31  21:00:00,157.344296939,88.1183752503
 10/31  22:00:00,104.65870078799999,2.355
 10/31  23:00:00,136.356245221,2.355
 10/31  24:00:00,107.19427808299999,3.4992082772
 11/01  01:00:00,97.58868877959999,2.355
 11/01  02:00:00,95.5438560182,2.355
 11/01  03:00:00,93.9998206936,3.49925675236
 11/01  04:00:00,99.28870926190001,2.355
 11/01  05:00:00,98.1025058974,2.355
 11/01  06:00:00,150.776326888,219.712754765
 11/01  07:00:00,163.10931169100002,211.339988267
 11/01  08:00:00,228.00397553099998,193.02533762599998
 11/01  09:00:00,251.547568737,168.522269832
 11/01  10:00:00,242.05771998400002,167.96885524299998
 11/01  11:00:00,269.95009341400004,163.123965088
 11/01  12:00:00,250.150067545,162.07529705
 11/01  13:00:00,246.03063176900002,154.326851133
 11/01  14:00:00,240.725253353,155.297101746
 11/01  15:00:00,236.885420093,155.182718455
 11/01  16:00:00,237.001742991,155.68320708299999
 11/01  17:00:00,237.391757276,159.084966189
 11/01  18:00:00,245.357477228,170.560121836
 11/01  19:00:00,234.060746575,180.213919085
 11/01  20:00:00,208.930989817,182.409824242
 11/01  21:00:00,151.123254485,150.74468599600002
 11/01  22:00:00,94.52131166870001,2.355
 11/01  23:00:00,128.79632426700002,3.4992951089399997
 11/01  24:00:00,99.0861591069,2.355
 11/02  01:00:00,92.0020353697,2.355
 11/02  02:00:00,91.3836393744,3.49926464046
 11/02  03:00:00,90.9242903989,2.355
 11/02  04:00:00,97.2832568465,2.355
 11/02  05:00:00,96.6368694499,3.4992740486300002
 11/02  06:00:00,149.899225649,253.327969823
 11/02  07:00:00,162.823459872,234.201887505
 11/02  08:00:00,229.00240619299998,211.63224996
 11/02  09:00:00,252.981875857,185.97355926900002
 11/02  10:00:00,244.717609515,177.07507347
 11/02  11:00:00,273.108555353,166.569900734
 11/02  12:00:00,254.84281343400002,162.632760738
 11/02  13:00:00,253.125256419,153.912530212
 11/02  14:00:00,248.86861017599998,148.285295946
 11/02  15:00:00,245.524063263,143.971836264
 11/02  16:00:00,245.592004212,144.274635889
 11/02  17:00:00,245.288673881,147.645006539
 11/02  18:00:00,252.507114969,153.06362984
 11/02  19:00:00,242.092583808,159.082825012
 11/02  20:00:00,215.58364949,168.52558221700002
 11/02  21:00:00,156.492144064,137.54255566
 11/02  22:00:00,100.067122383,3.49946172552
 11/02  23:00:00,133.609238337,2.355
 11/02  24:00:00,104.310911779,2.355
 11/03  01:00:00,96.33605675,3.4992772566800006
 11/03  02:00:00,95.1150775206,2.355
 11/03  03:00:00,94.0745325818,2.355
 11/03  04:00:00,115.24614446,3.49923917638
 11/03  05:00:00,114.192075065,2.355
 11/03  06:00:00,166.477909084,260.599630465
 11/03  07:00:00,170.719525685,245.762209785
 11/03  08:00:00,225.72913355400001,226.645423905
 11/03  09:00:00,247.229106925,206.07893712599997
 11/03  10:00:00,236.22596868,199.343180675
 11/03  11:00:00,265.347663909,190.626541207
 11/03  12:00:00,246.18220565,187.079591943
 11/03  13:00:00,244.523624192,185.701969842
 11/03  14:00:00,241.342754673,182.37167844099997
 11/03  15:00:00,238.22716299,178.45119302400002
 11/03  16:00:00,237.71413541400003,179.65354388400002
 11/03  17:00:00,236.72347067,194.751213197
 11/03  18:00:00,244.12347477400002,208.604109695
 11/03  19:00:00,225.813130035,208.676580033
 11/03  20:00:00,200.95912078,210.78126813900002
 11/03  21:00:00,144.617104628,171.801877718
 11/03  22:00:00,91.6747089777,2.355
 11/03  23:00:00,125.978148658,3.4993031740800005
 11/03  24:00:00,95.3839470151,2.355
 11/04  01:00:00,86.22615774469999,1.77125
 11/04  02:00:00,85.698113325,2.9155930549299995
 11/04  03:00:00,85.5523850554,1.77125
 11/04  04:00:00,92.0545584505,1.77125
 11/04  05:00:00,91.5477888818,2.91554488211
 11/04  06:00:00,133.475351184,297.776701948
 11/04  07:00:00,146.358266028,266.788893735
 11/04  08:00:00,198.62948363099997,236.82748146
 11/04  09:00:00,216.054915115,211.73975509
 11/04  10:00:00,241.48251488900002,187.61706645099997
 11/04  11:00:00,272.5547028,165.230422712
 11/04  12:00:00,255.581826956,156.432627018
 11/04  13:00:00,254.76247257900002,150.308463168
 11/04  14:00:00,252.690694414,134.757835374
 11/04  15:00:00,255.49135602400003,112.07570735200001
 11/04  16:00:00,257.339239447,96.7499470582
 11/04  17:00:00,247.41075147400002,98.9814694928
 11/04  18:00:00,235.53422334299998,120.704533122
 11/04  19:00:00,191.162152549,132.000123045
 11/04  20:00:00,179.242058773,134.873055575
 11/04  21:00:00,134.28392292,102.01158254299999
 11/04  22:00:00,86.2148377667,1.77125
 11/04  23:00:00,121.578442915,1.77125
 11/04  24:00:00,93.256338675,2.91561495578
 11/05  01:00:00,86.5669160986,1.77125
 11/05  02:00:00,85.1278877469,2.91553913084
 11/05  03:00:00,84.7275618657,1.77125
 11/05  04:00:00,89.5376299615,1.77125
 11/05  05:00:00,85.96606212639999,2.91550104449
 11/05  06:00:00,126.802068213,251.21153228900002
 11/05  07:00:00,136.658694357,250.90210153700002
 11/05  08:00:00,163.429071881,237.72249153200002
 11/05  09:00:00,138.879017079,233.819576077
 11/05  10:00:00,173.466943974,221.830862963
 11/05  11:00:00,202.580843551,221.16587273
 11/05  12:00:00,209.947185551,206.47734940900003
 11/05  13:00:00,208.39694723099998,204.44752529
 11/05  14:00:00,204.31565861,196.93081512
 11/05  15:00:00,200.20630826400003,191.291612449
 11/05  16:00:00,199.81193751799998,188.883270157
 11/05  17:00:00,171.086525232,214.478808219
 11/05  18:00:00,186.59514901,226.12328348
 11/05  19:00:00,170.968656969,237.014230047
 11/05  20:00:00,162.553852111,234.957284544
 11/05  21:00:00,146.981163446,197.516021037
 11/05  22:00:00,86.2944265582,1.77125
 11/05  23:00:00,120.471845555,2.9155137990400006
 11/05  24:00:00,89.58411114040001,1.77125
 11/06  01:00:00,85.2675182448,2.355
 11/06  02:00:00,84.4416766874,3.4992699849199997
 11/06  03:00:00,83.8444138151,2.355
 11/06  04:00:00,83.4131485214,2.355
 11/06  05:00:00,89.47112137469999,2.355
 11/06  06:00:00,88.55127054709999,3.4992223579800004
 11/06  07:00:00,140.862728287,340.590996674
 11/06  08:00:00,140.077506935,312.55850243599997
 11/06  09:00:00,212.628108322,273.60242483900004
 11/06  10:00:00,237.62579685900002,236.007086307
 11/06  11:00:00,227.74600250900002,214.39834864
 11/06  12:00:00,257.670726659,190.27884403299998
 11/06  13:00:00,236.921902661,178.802323391
 11/06  14:00:00,234.570375531,161.21633859
 11/06  15:00:00,230.41343636599998,156.554051098
 11/06  16:00:00,226.96138598099998,154.84954914899998
 11/06  17:00:00,226.868912551,164.423593816
 11/06  18:00:00,236.44105273,186.775399508
 11/06  19:00:00,238.248602963,207.091270567
 11/06  20:00:00,221.809946117,227.227218866
 11/06  21:00:00,196.843277862,236.83929130400003
 11/06  22:00:00,139.40672188899998,217.698927902
 11/06  23:00:00,79.7984605058,2.355
 11/06  24:00:00,115.15669130799999,2.355
 11/07  01:00:00,83.9340016355,3.49926032638
 11/07  02:00:00,77.96712790229999,2.355
 11/07  03:00:00,77.75398348680001,2.355
 11/07  04:00:00,85.8812707738,18.688126936
 11/07  05:00:00,108.368679555,19.704714549200002
 11/07  06:00:00,108.43373044399999,20.4697941375
 11/07  07:00:00,154.681208014,410.351770296
 11/07  08:00:00,146.268637481,366.142938534
 11/07  09:00:00,209.94189409700002,319.390950418
 11/07  10:00:00,234.429265053,265.784264146
 11/07  11:00:00,225.00294358,243.697194512
 11/07  12:00:00,255.692626705,225.83545186799998
 11/07  13:00:00,234.72525422099997,211.099570318
 11/07  14:00:00,232.90897369599998,197.799070978
 11/07  15:00:00,229.02325642,196.041583638
 11/07  16:00:00,225.291116446,201.02795406400003
 11/07  17:00:00,224.674340564,219.73331774099998
 11/07  18:00:00,234.362195725,246.23035138
 11/07  19:00:00,237.095573357,267.161239286
 11/07  20:00:00,214.227715658,278.479370882
 11/07  21:00:00,189.76165431400003,283.760854297
 11/07  22:00:00,134.277304952,262.783637504
 11/07  23:00:00,79.4519853332,3.49943750808
 11/07  24:00:00,114.82097892,2.355
 11/08  01:00:00,83.5397435933,2.355
 11/08  02:00:00,77.5220881624,3.49929622726
 11/08  03:00:00,89.85685392319999,30.5996039791
 11/08  04:00:00,89.9002190631,34.9861631582
 11/08  05:00:00,92.6915193214,29.1665896244
 11/08  06:00:00,96.1993962317,46.385924233900006
 11/08  07:00:00,138.049937048,479.854567094
 11/08  08:00:00,136.759393902,438.639936655
 11/08  09:00:00,209.645452735,381.403426548
 11/08  10:00:00,233.834188092,319.225986508
 11/08  11:00:00,224.01287745599998,295.43981461
 11/08  12:00:00,254.80669349400003,272.951554655
 11/08  13:00:00,233.337979695,260.652594701
 11/08  14:00:00,231.231166645,256.39300629
 11/08  15:00:00,227.506753125,244.53869094200002
 11/08  16:00:00,224.08093884299998,238.30159975900003
 11/08  17:00:00,223.987069722,248.32457614
 11/08  18:00:00,234.178170898,263.671569617
 11/08  19:00:00,237.05055126099998,280.36464092299997
 11/08  20:00:00,220.896071845,297.21573869900004
 11/08  21:00:00,195.927273339,309.71942059099996
 11/08  22:00:00,139.068348501,301.130825559
 11/08  23:00:00,79.4164561135,2.355
 11/08  24:00:00,114.637368254,3.4993377080199997
 11/09  01:00:00,87.4943687435,12.4205242343
 11/09  02:00:00,90.0058899048,32.3825028578
 11/09  03:00:00,85.987091812,27.382777879899997
 11/09  04:00:00,90.2415394838,44.68360731479999
 11/09  05:00:00,100.30126580700001,49.5425826826
 11/09  06:00:00,97.076132056,40.4760608985
 11/09  07:00:00,137.896129064,503.535480434
 11/09  08:00:00,136.782344538,454.109263853
 11/09  09:00:00,209.641763175,393.515648996
 11/09  10:00:00,233.845137354,324.623333122
 11/09  11:00:00,224.107639725,287.606581636
 11/09  12:00:00,255.154293661,251.746894969
 11/09  13:00:00,234.05304914799999,234.95382112099998
 11/09  14:00:00,232.20182528900003,221.792642284
 11/09  15:00:00,228.46683771,212.834895768
 11/09  16:00:00,225.06539137099998,206.88848708
 11/09  17:00:00,224.914283664,215.646478137
 11/09  18:00:00,238.04839502299998,238.21040038799998
 11/09  19:00:00,237.17297943,264.816196993
 11/09  20:00:00,220.987693562,285.930537966
 11/09  21:00:00,196.04432524400002,289.748169244
 11/09  22:00:00,139.091179623,273.320225921
 11/09  23:00:00,79.48808439449999,3.49945717753
 11/09  24:00:00,114.79232951,2.355
 11/10  01:00:00,83.5110777315,3.49922300356
 11/10  02:00:00,85.7791643623,21.6007074934
 11/10  03:00:00,85.8537915486,23.9739764436
 11/10  04:00:00,90.3217038598,41.5514306309
 11/10  05:00:00,112.869850647,41.7582639993
 11/10  06:00:00,111.76371249299999,34.1558631003
 11/10  07:00:00,154.549854207,477.442904157
 11/10  08:00:00,146.187058957,421.351413949
 11/10  09:00:00,209.89793655,362.02172713
 11/10  10:00:00,234.26913989599998,294.725031742
 11/10  11:00:00,224.832736203,263.473866112
 11/10  12:00:00,255.832314835,225.689876228
 11/10  13:00:00,235.327786573,201.675557818
 11/10  14:00:00,233.786262236,185.462894995
 11/10  15:00:00,230.106037872,178.331498232
 11/10  16:00:00,226.54262489200002,179.935346957
 11/10  17:00:00,226.302606607,190.640433814
 11/10  18:00:00,239.786857071,203.53684548
 11/10  19:00:00,238.765540276,201.954800853
 11/10  20:00:00,216.227251932,202.13488645
 11/10  21:00:00,191.55712252200001,213.75093390900003
 11/10  22:00:00,136.001962877,177.60904623599998
 11/10  23:00:00,81.3905366506,3.49946239264
 11/10  24:00:00,116.89013040200001,2.355
 11/11  01:00:00,84.247182976,1.77125
 11/11  02:00:00,78.9285417758,2.91557577485
 11/11  03:00:00,79.8051523739,1.77125
 11/11  04:00:00,81.0298153651,1.77125
 11/11  05:00:00,88.7394967546,2.9155620814499996
 11/11  06:00:00,89.4017563363,1.77125
 11/11  07:00:00,133.095322813,309.517428084
 11/11  08:00:00,137.52928723,276.124189926
 11/11  09:00:00,169.11428756700002,243.61529810599998
 11/11  10:00:00,144.810971105,231.31144254400002
 11/11  11:00:00,178.630730244,204.31679558099998
 11/11  12:00:00,208.669166016,192.146857654
 11/11  13:00:00,218.58096625299999,173.224611059
 11/11  14:00:00,218.912390481,161.074994077
 11/11  15:00:00,215.764178019,153.807374464
 11/11  16:00:00,212.138738074,150.210232833
 11/11  17:00:00,210.06895672599998,156.02754006799998
 11/11  18:00:00,193.759831729,182.466614177
 11/11  19:00:00,198.27034424,191.38475181799998
 11/11  20:00:00,180.577765857,199.131932885
 11/11  21:00:00,171.431511976,212.579427727
 11/11  22:00:00,155.042429981,158.860571848
 11/11  23:00:00,95.89198695709999,2.9156339219200005
 11/11  24:00:00,128.69666661,1.77125
 11/12  01:00:00,97.43826538299999,2.91556269837
 11/12  02:00:00,89.0748124588,1.77125
 11/12  03:00:00,87.7091992503,1.77125
 11/12  04:00:00,87.2249484748,2.9155617234599998
 11/12  05:00:00,93.7349374404,1.77125
 11/12  06:00:00,92.8349949125,1.77125
 11/12  07:00:00,134.316813147,312.163574084
 11/12  08:00:00,140.155018333,284.93022658
 11/12  09:00:00,167.731435959,253.465322984
 11/12  10:00:00,142.689816818,248.68255199200001
 11/12  11:00:00,177.70042112,218.100863455
 11/12  12:00:00,207.82432666900002,206.02404223099998
 11/12  13:00:00,216.961157335,185.493354524
 11/12  14:00:00,217.28910173,165.955518105
 11/12  15:00:00,217.54364307900002,145.12324132700002
 11/12  16:00:00,217.521921516,131.929482214
 11/12  17:00:00,218.97035578400002,125.85757291700001
 11/12  18:00:00,200.450196127,147.25523614899998
 11/12  19:00:00,201.86287813799999,163.26590738
 11/12  20:00:00,179.645911047,187.27772309099998
 11/12  21:00:00,166.619556501,215.30291646900002
 11/12  22:00:00,149.432182402,190.879213945
 11/12  23:00:00,87.4167169788,1.77125
 11/12  24:00:00,121.037427994,1.77125
 11/13  01:00:00,91.3768773093,3.49925705245
 11/13  02:00:00,83.6104481382,2.355
 11/13  03:00:00,81.62433877689999,2.355
 11/13  04:00:00,79.7689270038,3.49924716175
 11/13  05:00:00,85.0001338945,2.355
 11/13  06:00:00,88.377854535,9.210212542999999
 11/13  07:00:00,138.547804077,365.339704864
 11/13  08:00:00,140.693934883,335.076766418
 11/13  09:00:00,210.02552901299998,302.119886332
 11/13  10:00:00,233.93923037,268.480326908
 11/13  11:00:00,224.593520804,256.49408103400003
 11/13  12:00:00,255.28645317099998,242.567297603
 11/13  13:00:00,234.03601734400002,237.68442000099998
 11/13  14:00:00,231.959454586,232.471588705
 11/13  15:00:00,228.145155627,231.59522789
 11/13  16:00:00,224.55619969400001,233.515887829
 11/13  17:00:00,224.412529589,239.062560495
 11/13  18:00:00,237.733041815,255.441069992
 11/13  19:00:00,237.086105506,268.93521895099997
 11/13  20:00:00,220.863175838,276.29971554900004
 11/13  21:00:00,196.01629195099997,293.659277337
 11/13  22:00:00,139.128032611,282.063068685
 11/13  23:00:00,79.5213977552,3.49946392315
 11/13  24:00:00,115.05672816200001,2.355
 11/14  01:00:00,83.65577206020001,3.4992552244699997
 11/14  02:00:00,77.650954949,2.355
 11/14  03:00:00,85.89074491550001,17.510488158199998
 11/14  04:00:00,89.9432952036,27.9613269495
 11/14  05:00:00,112.481894218,28.208225343000002
 11/14  06:00:00,108.362860218,20.8394759803
 11/14  07:00:00,154.63074853700002,411.40697498300005
 11/14  08:00:00,149.621399935,365.62004064
 11/14  09:00:00,210.055369281,320.5820334
 11/14  10:00:00,234.32688008099998,282.094936234
 11/14  11:00:00,225.18152114400002,240.62115564099997
 11/14  12:00:00,256.251046391,199.156972325
 11/14  13:00:00,237.100236225,179.323554975
 11/14  14:00:00,235.029688005,168.173220036
 11/14  15:00:00,233.20902276400003,156.964209382
 11/14  16:00:00,230.792683532,148.566872228
 11/14  17:00:00,230.277125873,162.765720797
 11/14  18:00:00,243.46472524900003,181.748764728
 11/14  19:00:00,241.68836748900003,197.804865343
 11/14  20:00:00,218.9710801,221.021443378
 11/14  21:00:00,193.639497506,239.217312828
 11/14  22:00:00,137.51856448700002,215.73192985400001
 11/14  23:00:00,83.72654165109999,3.49945244786
 11/14  24:00:00,118.691069774,2.355
 11/15  01:00:00,87.8308648215,2.355
 11/15  02:00:00,80.878379396,3.4992429031800003
 11/15  03:00:00,80.6109164697,2.355
 11/15  04:00:00,79.970679498,2.355
 11/15  05:00:00,86.27535193950001,3.4992765192400004
 11/15  06:00:00,86.1512777997,2.355
 11/15  07:00:00,140.256677595,356.832926869
 11/15  08:00:00,144.29808826200002,313.66086962
 11/15  09:00:00,213.214471603,274.672468424
 11/15  10:00:00,238.137620393,241.279564827
 11/15  11:00:00,228.26342650200002,221.59708361900002
 11/15  12:00:00,259.04979043099996,206.19995804099997
 11/15  13:00:00,240.14630902599998,200.490778317
 11/15  14:00:00,238.26182856900002,196.238730215
 11/15  15:00:00,235.59094862,196.78967987400003
 11/15  16:00:00,233.941959665,196.02176438
 11/15  17:00:00,234.47516783700001,201.05745688099998
 11/15  18:00:00,248.06931021,206.82254009099998
 11/15  19:00:00,246.22862636,213.190327365
 11/15  20:00:00,231.50573987200002,220.21839950900002
 11/15  21:00:00,205.595792455,229.50724504599998
 11/15  22:00:00,147.69436361299998,195.534224976
 11/15  23:00:00,89.70439602729999,3.49941563005
 11/15  24:00:00,123.990929543,2.355
 11/16  01:00:00,93.69774351790001,2.355
 11/16  02:00:00,86.1084960374,3.4992471110300003
 11/16  03:00:00,85.50542390470001,2.355
 11/16  04:00:00,85.02386203479999,2.355
 11/16  05:00:00,91.00354242290001,2.355
 11/16  06:00:00,90.1659219139,3.49927353736
 11/16  07:00:00,143.531483789,343.23743332
 11/16  08:00:00,148.463002593,303.606215178
 11/16  09:00:00,217.84390576799998,268.070426585
 11/16  10:00:00,245.17931144599999,227.856542548
 11/16  11:00:00,235.841019633,210.808557563
 11/16  12:00:00,265.624184332,199.165279085
 11/16  13:00:00,247.03121663,193.87282375200002
 11/16  14:00:00,244.59411800400002,190.981974896
 11/16  15:00:00,241.295794585,186.513281496
 11/16  16:00:00,238.334184443,181.889610532
 11/16  17:00:00,238.50276113900003,182.266458248
 11/16  18:00:00,251.898439885,185.800594803
 11/16  19:00:00,249.447258473,191.227413402
 11/16  20:00:00,235.04638335799999,197.601991927
 11/16  21:00:00,209.228499323,201.465443185
 11/16  22:00:00,150.70579696,175.30317773299998
 11/16  23:00:00,93.5097316408,2.355
 11/16  24:00:00,127.648250869,3.4993036094699996
 11/17  01:00:00,97.3445720316,2.355
 11/17  02:00:00,89.48360497430001,2.355
 11/17  03:00:00,88.2605555187,3.4992835163
 11/17  04:00:00,87.2166385454,2.355
 11/17  05:00:00,108.895103527,2.355
 11/17  06:00:00,108.409613284,3.4992348547099996
 11/17  07:00:00,162.022312946,311.874783056
 11/17  08:00:00,159.910940694,283.099692521
 11/17  09:00:00,220.444001452,247.257261317
 11/17  10:00:00,247.552834117,217.120546607
 11/17  11:00:00,238.54588864,200.75561031400002
 11/17  12:00:00,268.509317028,185.689316972
 11/17  13:00:00,250.52741039900002,175.12605029099998
 11/17  14:00:00,248.381601942,169.058984377
 11/17  15:00:00,245.55840670900002,152.747607521
 11/17  16:00:00,241.563775403,145.67977453700001
 11/17  17:00:00,240.458688969,151.209515482
 11/17  18:00:00,253.108978923,161.049000576
 11/17  19:00:00,250.171982385,169.707451753
 11/17  20:00:00,228.47689221599998,175.049887995
 11/17  21:00:00,203.225411477,179.50467466900002
 11/17  22:00:00,146.021701918,158.405903511
 11/17  23:00:00,92.6281851397,2.355
 11/17  24:00:00,126.991352814,3.4993121330300005
 11/18  01:00:00,94.8236923242,1.77125
 11/18  02:00:00,86.8792040015,2.91559645922
 11/18  03:00:00,86.1898854218,1.77125
 11/18  04:00:00,86.11675278770001,1.77125
 11/18  05:00:00,92.734888869,2.9155480332200003
 11/18  06:00:00,92.5457816052,1.77125
 11/18  07:00:00,135.095649939,273.608518092
 11/18  08:00:00,142.69494503200002,243.432090543
 11/18  09:00:00,199.013191752,212.94752194
 11/18  10:00:00,222.071414466,176.63333994400003
 11/18  11:00:00,249.807219833,144.528520692
 11/18  12:00:00,283.07018091599997,120.16662094600001
 11/18  13:00:00,271.682969106,105.300471489
 11/18  14:00:00,272.847032929,95.84871612020001
 11/18  15:00:00,268.764242317,93.295752887
 11/18  16:00:00,265.42206994400004,90.8826465619
 11/18  17:00:00,265.612718955,89.1229914961
 11/18  18:00:00,279.052001178,92.2975293565
 11/18  19:00:00,260.776963175,107.52663497200001
 11/18  20:00:00,219.87664258599997,113.697106657
 11/18  21:00:00,208.377477887,115.23247985799999
 11/18  22:00:00,159.545081885,85.9332199359
 11/18  23:00:00,112.646710669,2.91574629028
 11/18  24:00:00,143.93371039,1.77125
 11/19  01:00:00,116.317606848,2.91551787064
 11/19  02:00:00,105.75213856299999,1.77125
 11/19  03:00:00,102.58497322299999,1.77125
 11/19  04:00:00,98.93918222010001,2.91552340347
 11/19  05:00:00,102.869215578,1.77125
 11/19  06:00:00,100.33465858,1.77125
 11/19  07:00:00,138.84716071399998,251.849728208
 11/19  08:00:00,144.257843445,243.255887225
 11/19  09:00:00,170.067415528,220.31662381299998
 11/19  10:00:00,143.290636678,214.57675736
 11/19  11:00:00,175.91426016900002,191.717622059
 11/19  12:00:00,204.495558905,182.039507645
 11/19  13:00:00,212.2434049,163.715787619
 11/19  14:00:00,210.812685193,150.563521986
 11/19  15:00:00,207.40357937299999,144.24166015
 11/19  16:00:00,204.026126984,138.71956997700002
 11/19  17:00:00,201.97192745700002,147.578055912
 11/19  18:00:00,184.843351205,188.34061374599997
 11/19  19:00:00,189.26928962099998,212.322540557
 11/19  20:00:00,169.43740835399998,228.35408444
 11/19  21:00:00,160.272945561,235.37900999299998
 11/19  22:00:00,145.043901259,211.258622537
 11/19  23:00:00,84.34205891270001,1.77125
 11/19  24:00:00,119.040390498,2.9155064702900004
 11/20  01:00:00,90.52903284709998,2.355
 11/20  02:00:00,82.7205429807,2.355
 11/20  03:00:00,81.7636743934,3.4992420726599995
 11/20  04:00:00,80.6994760846,2.355
 11/20  05:00:00,90.5722059892,10.224326253300001
 11/20  06:00:00,98.22287468559999,25.5542784734
 11/20  07:00:00,138.779966542,398.922080956
 11/20  08:00:00,141.059046595,363.032808663
 11/20  09:00:00,211.821646492,305.84403430099997
 11/20  10:00:00,239.65233599200002,239.710997688
 11/20  11:00:00,232.53449946,202.047992521
 11/20  12:00:00,264.473442405,161.128476869
 11/20  13:00:00,248.439736325,131.181820079
 11/20  14:00:00,248.574015525,111.580806058
 11/20  15:00:00,245.449332431,103.39177309700001
 11/20  16:00:00,242.162357612,99.9169971259
 11/20  17:00:00,241.47599392700002,110.34118402200001
 11/20  18:00:00,254.86947452200002,117.94844071799999
 11/20  19:00:00,251.872713466,130.025982159
 11/20  20:00:00,238.268247263,133.682648272
 11/20  21:00:00,212.685946353,135.324382937
 11/20  22:00:00,153.71175020799998,101.112107151
 11/20  23:00:00,96.1390708701,2.355
 11/20  24:00:00,130.289953978,3.49930462428
 11/21  01:00:00,101.44090810700001,2.355
 11/21  02:00:00,92.8011086449,2.355
 11/21  03:00:00,91.3472424178,3.4992633600599996
 11/21  04:00:00,89.7385264159,2.355
 11/21  05:00:00,110.78367618700001,2.355
 11/21  06:00:00,109.915759998,2.355
 11/21  07:00:00,162.299560878,267.055872398
 11/21  08:00:00,158.06173865600002,255.30288583
 11/21  09:00:00,217.30640464200002,231.56072961099997
 11/21  10:00:00,242.632331065,202.83331143700002
 11/21  11:00:00,232.28891203,191.005127052
 11/21  12:00:00,262.464387015,171.753688644
 11/21  13:00:00,243.210552648,161.479678157
 11/21  14:00:00,240.017961408,157.168770726
 11/21  15:00:00,235.882279968,158.16595145
 11/21  16:00:00,232.26120913,152.441824857
 11/21  17:00:00,231.137279935,173.229552442
 11/21  18:00:00,244.078637635,197.235130981
 11/21  19:00:00,242.503191338,209.286769151
 11/21  20:00:00,221.021762436,210.61913935099997
 11/21  21:00:00,195.66565678900002,221.719864204
 11/21  22:00:00,139.274303141,193.991395189
 11/21  23:00:00,85.8058071063,2.355
 11/21  24:00:00,120.7264909,3.4993575033099997
 11/22  01:00:00,90.6834630914,2.355
 11/22  02:00:00,83.5776157174,2.355
 11/22  03:00:00,83.058111546,3.4992444997099996
 11/22  04:00:00,82.4278290386,2.355
 11/22  05:00:00,88.7306710548,2.355
 11/22  06:00:00,88.12203667979999,2.355
 11/22  07:00:00,141.525902751,323.62096108599997
 11/22  08:00:00,145.881991493,286.438232104
 11/22  09:00:00,215.35029678599997,254.112588342
 11/22  10:00:00,241.182155109,221.43859062599998
 11/22  11:00:00,231.61601830400002,208.299090933
 11/22  12:00:00,261.939323162,197.735324689
 11/22  13:00:00,243.070244669,192.94957290099998
 11/22  14:00:00,240.957532654,189.63194296400002
 11/22  15:00:00,237.58813654099998,182.32742816
 11/22  16:00:00,234.762119821,173.62308397
 11/22  17:00:00,235.41313769,179.67801489
 11/22  18:00:00,249.14165157,186.53827426799998
 11/22  19:00:00,247.741405009,191.567820171
 11/22  20:00:00,233.650549421,191.91519930200002
 11/22  21:00:00,207.94781457599998,191.441980005
 11/22  22:00:00,149.797964476,159.887883164
 11/22  23:00:00,92.0275923043,2.355
 11/22  24:00:00,126.557339415,3.4993582521800004
 11/23  01:00:00,94.9596189375,1.77125
 11/23  02:00:00,88.5562867636,1.77125
 11/23  03:00:00,90.8034310465,2.91556132848
 11/23  04:00:00,92.6660445207,1.77125
 11/23  05:00:00,101.17899278799999,1.77125
 11/23  06:00:00,102.772104056,2.91555011161
 11/23  07:00:00,146.21280562,193.051642485
 11/23  08:00:00,157.162815072,180.34782218799998
 11/23  09:00:00,185.93896534599997,154.635220875
 11/23  10:00:00,164.553759313,139.68611145100002
 11/23  11:00:00,198.03389920200001,117.59404252799999
 11/23  12:00:00,226.48668670400002,106.091717261
 11/23  13:00:00,240.17891144799998,91.1068978774
 11/23  14:00:00,238.94321570099999,86.3339202758
 11/23  15:00:00,234.091939753,83.48012630779999
 11/23  16:00:00,231.058793234,79.46297603859999
 11/23  17:00:00,230.512044753,80.621395152
 11/23  18:00:00,213.374027378,97.9228140679
 11/23  19:00:00,216.332826923,109.112399896
 11/23  20:00:00,199.728275212,123.472963585
 11/23  21:00:00,188.107124442,145.70722222
 11/23  22:00:00,168.55069884600002,111.14332014600001
 11/23  23:00:00,110.02650557700001,1.77125
 11/23  24:00:00,142.60456776200002,1.77125
 11/24  01:00:00,117.406251267,3.4992288009900006
 11/24  02:00:00,107.116737752,2.355
 11/24  03:00:00,103.241513162,2.355
 11/24  04:00:00,99.36912801620001,3.4992267435900004
 11/24  05:00:00,117.624448566,2.355
 11/24  06:00:00,113.63456044600001,2.355
 11/24  07:00:00,162.794718273,298.21590308599997
 11/24  08:00:00,159.274695633,292.530513963
 11/24  09:00:00,213.37946853,278.94080252
 11/24  10:00:00,236.270685299,263.18987177599996
 11/24  11:00:00,225.45765521099997,268.21958719099996
 11/24  12:00:00,255.04521299200002,266.21104619700003
 11/24  13:00:00,234.10758178400002,274.621162114
 11/24  14:00:00,231.55556837900002,274.057519651
 11/24  15:00:00,227.728385148,275.98200268200003
 11/24  16:00:00,224.249988422,276.576545223
 11/24  17:00:00,224.233780013,283.569197758
 11/24  18:00:00,237.821262475,298.644044013
 11/24  19:00:00,237.170789367,309.849498656
 11/24  20:00:00,214.26663835,318.70057001099997
 11/24  21:00:00,189.83393821,332.76763938
 11/24  22:00:00,134.34367807700002,313.536986952
 11/24  23:00:00,79.392574367,2.355
 11/24  24:00:00,115.204028486,2.355
 11/25  01:00:00,81.7403024079,2.91564447682
 11/25  02:00:00,83.5999302708,19.004341069000002
 11/25  03:00:00,87.64934860860001,34.7713007929
 11/25  04:00:00,87.699786628,34.713771639
 11/25  05:00:00,90.1627813297,24.7582324392
 11/25  06:00:00,94.2128872916,41.8893962944
 11/25  07:00:00,123.939078544,475.212288096
 11/25  08:00:00,129.509697001,439.136858546
 11/25  09:00:00,182.238302129,389.940444651
 11/25  10:00:00,199.411763624,338.364261047
 11/25  11:00:00,224.22036602900002,303.185831933
 11/25  12:00:00,255.062840182,269.150733315
 11/25  13:00:00,235.161390623,252.973676728
 11/25  14:00:00,231.972784655,249.721562559
 11/25  15:00:00,228.066885373,242.642916453
 11/25  16:00:00,224.641047912,241.55298024599998
 11/25  17:00:00,228.03546246099998,240.188919567
 11/25  18:00:00,238.214288989,245.011434683
 11/25  19:00:00,223.768581592,263.84166173200003
 11/25  20:00:00,178.28996552599997,275.600682547
 11/25  21:00:00,168.143260797,281.520687752
 11/25  22:00:00,125.32626562,253.669464211
 11/25  23:00:00,77.82588922939999,2.9157397763499997
 11/25  24:00:00,113.331835447,1.77125
 11/26  01:00:00,82.7773970778,1.77125
 11/26  02:00:00,76.0691960012,2.9155964867199997
 11/26  03:00:00,76.0645859992,1.77125
 11/26  04:00:00,79.9909187109,10.047884954199999
 11/26  05:00:00,90.73531402569999,15.567849680899998
 11/26  06:00:00,94.52439425450001,22.1212018891
 11/26  07:00:00,124.45069155799999,421.85198545800006
 11/26  08:00:00,130.170725887,387.01413782300006
 11/26  09:00:00,155.25628692700002,341.569815167
 11/26  10:00:00,128.274769709,317.983110737
 11/26  11:00:00,163.686583638,275.707895996
 11/26  12:00:00,196.190031493,241.29030507599998
 11/26  13:00:00,205.609174393,206.18759116299998
 11/26  14:00:00,203.990269262,194.118678192
 11/26  15:00:00,200.12733431799998,190.14734119999997
 11/26  16:00:00,195.862155323,194.443783548
 11/26  17:00:00,198.324545328,207.58227503400002
 11/26  18:00:00,179.012128978,255.340491563
 11/26  19:00:00,184.109380655,284.849062499
 11/26  20:00:00,163.712715624,297.816296813
 11/26  21:00:00,154.202093901,310.231407978
 11/26  22:00:00,140.070964333,273.252028998
 11/26  23:00:00,79.9231894863,1.77125
 11/26  24:00:00,115.58179749799999,2.9155026144200002
 11/27  01:00:00,86.6898213025,2.355
 11/27  02:00:00,79.4938992487,2.355
 11/27  03:00:00,78.9969130532,3.4992511546699996
 11/27  04:00:00,78.5449486288,2.355
 11/27  05:00:00,93.7101269874,14.979043978
 11/27  06:00:00,93.9057658594,16.3285755352
 11/27  07:00:00,139.450824998,375.67452058599997
 11/27  08:00:00,146.89471329100002,334.385270884
 11/27  09:00:00,213.427909905,292.41782436
 11/27  10:00:00,239.35448647099997,254.060426648
 11/27  11:00:00,230.646777914,241.96572961
 11/27  12:00:00,261.892006397,225.41156552299998
 11/27  13:00:00,243.708667046,217.314264959
 11/27  14:00:00,241.744944784,212.50554524400002
 11/27  15:00:00,238.584517704,208.990896083
 11/27  16:00:00,235.72302427,204.90666487099998
 11/27  17:00:00,238.728159347,205.533666685
 11/27  18:00:00,248.215474819,209.721385837
 11/27  19:00:00,245.434050245,222.996238215
 11/27  20:00:00,229.920332037,233.467547288
 11/27  21:00:00,204.150067982,237.68366603
 11/27  22:00:00,146.284640248,204.216576581
 11/27  23:00:00,88.1290096023,3.499460967
 11/27  24:00:00,122.744355954,2.355
 11/28  01:00:00,92.25221287229999,2.355
 11/28  02:00:00,84.9176309706,3.4992768765699993
 11/28  03:00:00,84.1637989469,2.355
 11/28  04:00:00,83.5892785005,2.355
 11/28  05:00:00,105.548489109,3.4992470365300004
 11/28  06:00:00,105.227376059,2.355
 11/28  07:00:00,158.921651922,348.05120429
 11/28  08:00:00,159.444419466,314.91950992799997
 11/28  09:00:00,216.197385505,280.232748298
 11/28  10:00:00,242.01156753700002,252.196413642
 11/28  11:00:00,232.273097269,242.84428464799998
 11/28  12:00:00,262.458611758,232.193699128
 11/28  13:00:00,242.57262965900003,240.893502342
 11/28  14:00:00,238.34412818200002,243.27618079
 11/28  15:00:00,233.711696982,241.725973323
 11/28  16:00:00,230.10731405200002,238.597534191
 11/28  17:00:00,233.469396131,239.770092378
 11/28  18:00:00,243.528892635,243.916269436
 11/28  19:00:00,242.44324747599998,250.44528953900002
 11/28  20:00:00,220.028187318,251.78075000599998
 11/28  21:00:00,194.19552495,256.261504921
 11/28  22:00:00,137.695712366,230.10512372099998
 11/28  23:00:00,83.9836693923,3.4994709528
 11/28  24:00:00,118.941363058,2.355
 11/29  01:00:00,87.19891431200001,3.4992467152
 11/29  02:00:00,79.2059535672,2.355
 11/29  03:00:00,78.0847882265,2.355
 11/29  04:00:00,86.1847854925,16.9497942216
 11/29  05:00:00,92.8228423992,17.208700857100002
 11/29  06:00:00,92.42576977280001,17.7011304336
 11/29  07:00:00,138.27588428299998,399.420096346
 11/29  08:00:00,144.034064478,368.109209556
 11/29  09:00:00,210.01417467,322.375902045
 11/29  10:00:00,234.54891606799998,267.726291834
 11/29  11:00:00,224.807210263,256.54986231
 11/29  12:00:00,255.53425778,235.70062626200001
 11/29  13:00:00,236.16601779299998,222.564109034
 11/29  14:00:00,233.61120444099998,219.998562831
 11/29  15:00:00,229.701812339,226.06008130599997
 11/29  16:00:00,226.284931778,232.13832988599998
 11/29  17:00:00,230.108794322,236.92185486099999
 11/29  18:00:00,239.669801744,243.040468283
 11/29  19:00:00,238.058272222,255.213558312
 11/29  20:00:00,221.368404695,271.268879817
 11/29  21:00:00,196.394184192,274.813929182
 11/29  22:00:00,139.294182814,243.08416954900002
 11/29  23:00:00,80.06757546189999,2.355
 11/29  24:00:00,115.64059933,3.49933339857
 11/30  01:00:00,85.11763959449999,2.355
 11/30  02:00:00,78.4753624809,2.355
 11/30  03:00:00,78.3162134604,3.4992974555300003
 11/30  04:00:00,78.183926925,2.355
 11/30  05:00:00,93.07182403729999,14.9085415671
 11/30  06:00:00,92.7005805208,15.751043236900001
 11/30  07:00:00,138.486694493,393.23513114400004
 11/30  08:00:00,144.24805715,358.586514323
 11/30  09:00:00,210.752966485,315.125501402
 11/30  10:00:00,236.986243833,260.556244607
 11/30  11:00:00,228.59233735799998,226.679448215
 11/30  12:00:00,260.178862827,198.556432211
 11/30  13:00:00,242.76444487700002,174.56003723400002
 11/30  14:00:00,241.70220513599998,156.863815182
 11/30  15:00:00,238.161005895,155.780175251
 11/30  16:00:00,235.20120283,151.55926722
 11/30  17:00:00,238.406933202,155.677965963
 11/30  18:00:00,247.35372821599998,170.498288248
 11/30  19:00:00,245.076387373,180.58697842700002
 11/30  20:00:00,229.639982929,187.344327125
 11/30  21:00:00,204.021345717,185.94239353900002
 11/30  22:00:00,145.62906790600002,162.749871984
 11/30  23:00:00,85.8144556699,3.4994540757599997
 11/30  24:00:00,119.238252374,2.355
 12/01  01:00:00,87.13649416780001,2.355
 12/01  02:00:00,78.82610838689999,3.4992712351099997
 12/01  03:00:00,77.9923569784,2.355
 12/01  04:00:00,90.10927662469999,36.4582485661
 12/01  05:00:00,112.635201412,44.929647392
 12/01  06:00:00,108.766300355,33.174391354899996
 12/01  07:00:00,154.493827651,485.472462351
 12/01  08:00:00,152.751487372,440.41244664699997
 12/01  09:00:00,209.72390762599997,398.372980799
 12/01  10:00:00,233.54879614700002,348.890061191
 12/01  11:00:00,223.954319506,326.506371311
 12/01  12:00:00,254.78730376299998,310.865173608
 12/01  13:00:00,234.41467959599998,308.592722632
 12/01  14:00:00,231.34149905200002,304.451911998
 12/01  15:00:00,227.646288071,302.191665147
 12/01  16:00:00,224.247904555,297.324376766
 12/01  17:00:00,227.611135179,298.821217996
 12/01  18:00:00,237.72367834599999,309.024960202
 12/01  19:00:00,237.083125582,314.590411587
 12/01  20:00:00,214.32456601799998,318.752610682
 12/01  21:00:00,189.890789953,325.847128159
 12/01  22:00:00,134.43195062799998,301.74673935
 12/01  23:00:00,79.530448551,2.355
 12/01  24:00:00,115.25428395200001,2.355
 12/02  01:00:00,81.9808140495,2.91560408584
 12/02  02:00:00,87.8545810216,30.498025428000002
 12/02  03:00:00,88.0964492554,37.388674901
 12/02  04:00:00,84.1861724709,29.280436542100002
 12/02  05:00:00,99.1052496276,52.86737440899999
 12/02  06:00:00,98.5267801736,54.9054964209
 12/02  07:00:00,123.84690847899999,509.128694287
 12/02  08:00:00,129.293626186,474.17186186
 12/02  09:00:00,182.08029386400003,440.429715068
 12/02  10:00:00,199.029680166,403.236263932
 12/02  11:00:00,223.85412003099998,381.057229844
 12/02  12:00:00,254.762209485,359.763468041
 12/02  13:00:00,234.454313129,349.54582835699995
 12/02  14:00:00,231.230086109,345.967328328
 12/02  15:00:00,227.420065822,341.389659624
 12/02  16:00:00,223.96780472900002,336.782923372
 12/02  17:00:00,227.30833602599998,341.473187656
 12/02  18:00:00,237.44079250599998,357.38132449
 12/02  19:00:00,223.14889045799998,395.005277271
 12/02  20:00:00,177.374037799,429.62462993400004
 12/02  21:00:00,167.149988315,443.709411669
 12/02  22:00:00,124.63503769299999,430.51273115
 12/02  23:00:00,78.4033080896,9.60778588786
 12/02  24:00:00,126.79446635299999,50.744051873500005
 12/03  01:00:00,94.98128000540001,52.5378347118
 12/03  02:00:00,90.9877960738,82.2734644473
 12/03  03:00:00,93.2082811264,99.6901823059
 12/03  04:00:00,90.583007745,93.5926728794
 12/03  05:00:00,99.6652024047,126.32788999
 12/03  06:00:00,101.565148674,137.060434508
 12/03  07:00:00,123.681774353,692.7933057060001
 12/03  08:00:00,129.048713929,657.206687362
 12/03  09:00:00,154.495979467,580.04860571
 12/03  10:00:00,126.84363526799999,542.8091606830001
 12/03  11:00:00,161.569529697,486.867874961
 12/03  12:00:00,193.114753287,444.59332180800004
 12/03  13:00:00,200.32439274400002,398.623473306
 12/03  14:00:00,197.39436745700002,380.53252543300005
 12/03  15:00:00,193.62385058,364.95817097800006
 12/03  16:00:00,190.215031035,358.601211967
 12/03  17:00:00,193.61487368099998,358.89072550300006
 12/03  18:00:00,175.33469605,426.766475823
 12/03  19:00:00,181.887749325,449.212494462
 12/03  20:00:00,161.814465646,461.161223784
 12/03  21:00:00,152.959811979,477.992957356
 12/03  22:00:00,138.875716988,455.55793396900003
 12/03  23:00:00,76.50730746939999,2.91566529889
 12/03  24:00:00,121.26514795700001,26.754070177
 12/04  01:00:00,99.4651526423,55.3730757943
 12/04  02:00:00,93.585188858,69.5523355625
 12/04  03:00:00,91.1311953137,65.4281390401
 12/04  04:00:00,94.8189071188,95.0385571124
 12/04  05:00:00,100.056428556,89.5894400818
 12/04  06:00:00,98.2650809048,86.55999719350001
 12/04  07:00:00,137.667704152,610.939701504
 12/04  08:00:00,143.328897448,565.216309285
 12/04  09:00:00,209.48757701099998,515.3084188180001
 12/04  10:00:00,233.54626559,455.036990339
 12/04  11:00:00,223.77316275200002,413.46788990199997
 12/04  12:00:00,254.75511180700002,373.84365832699996
 12/04  13:00:00,234.703018944,351.579471264
 12/04  14:00:00,231.35376905200002,338.386296249
 12/04  15:00:00,227.51982835299998,331.791855876
 12/04  16:00:00,224.11451286099998,322.522365023
 12/04  17:00:00,227.517550936,329.133311018
 12/04  18:00:00,237.678640331,342.699603995
 12/04  19:00:00,237.06301499,362.684983164
 12/04  20:00:00,220.862138375,374.739308278
 12/04  21:00:00,195.872390147,375.492128472
 12/04  22:00:00,139.028533275,347.975672176
 12/04  23:00:00,79.1668073457,2.355
 12/04  24:00:00,115.06733021299999,3.4993056161800005
 12/05  01:00:00,96.4783053857,40.1179509083
 12/05  02:00:00,93.8107119025,47.32978591689999
 12/05  03:00:00,90.34333849229999,42.185395579099996
 12/05  04:00:00,95.14421835649999,59.2108839825
 12/05  05:00:00,117.057219388,63.461923407200004
 12/05  06:00:00,112.72245284200001,50.585437344300004
 12/05  07:00:00,154.382558945,540.111188856
 12/05  08:00:00,152.686060253,504.307174388
 12/05  09:00:00,209.676344065,461.62366091
 12/05  10:00:00,233.693621386,394.87654429300005
 12/05  11:00:00,223.96854404599998,370.26606907900003
 12/05  12:00:00,254.82354980099998,342.886395342
 12/05  13:00:00,234.65789216299999,317.554535884
 12/05  14:00:00,231.380306217,311.09650391900004
 12/05  15:00:00,227.567572678,305.601239802
 12/05  16:00:00,224.18210928,299.320410272
 12/05  17:00:00,227.623353494,304.99261560900004
 12/05  18:00:00,237.804601264,311.561173869
 12/05  19:00:00,237.15206943400003,320.120102445
 12/05  20:00:00,214.46704273400002,328.114605432
 12/05  21:00:00,189.94749584599998,335.062684682
 12/05  22:00:00,134.433678036,309.57220965
 12/05  23:00:00,79.4434658217,3.4994715166199994
 12/05  24:00:00,115.178153098,2.355
 12/06  01:00:00,88.0242176675,12.274603423699999
 12/06  02:00:00,90.30542269870001,35.4968834138
 12/06  03:00:00,86.3516987185,27.582537998000003
 12/06  04:00:00,93.45659779649999,47.3371410937
 12/06  05:00:00,101.745171025,52.6173981864
 12/06  06:00:00,97.57710538290002,42.9078255017
 12/06  07:00:00,137.899012334,516.122862451
 12/06  08:00:00,143.518955883,466.183308359
 12/06  09:00:00,209.595527961,417.259324941
 12/06  10:00:00,233.644167923,375.25398583699996
 12/06  11:00:00,223.940341864,347.015776492
 12/06  12:00:00,254.81936279200002,324.33716536099996
 12/06  13:00:00,234.637204752,321.757601445
 12/06  14:00:00,231.42486643,309.63101128799997
 12/06  15:00:00,227.60104975599998,302.274136856
 12/06  16:00:00,224.226779323,302.982382955
 12/06  17:00:00,227.63713972,306.667036448
 12/06  18:00:00,237.78235333799998,311.48779414
 12/06  19:00:00,237.13864127,318.662701806
 12/06  20:00:00,220.981631117,338.673898376
 12/06  21:00:00,195.95742641299998,361.25710422599997
 12/06  22:00:00,139.035449554,341.18228514
 12/06  23:00:00,79.2270883602,2.355
 12/06  24:00:00,115.125990414,3.49930581124
 12/07  01:00:00,92.0241107797,20.1568469785
 12/07  02:00:00,86.0157626352,22.377285821399997
 12/07  03:00:00,90.3337063152,37.2712689842
 12/07  04:00:00,90.2774572567,35.7639534511
 12/07  05:00:00,94.71111010610001,26.9827592397
 12/07  06:00:00,99.7189914467,42.8316129202
 12/07  07:00:00,138.289046917,439.814058606
 12/07  08:00:00,147.463423252,392.84329068
 12/07  09:00:00,209.96240796599997,355.59953172400003
 12/07  10:00:00,234.498250475,309.96372426
 12/07  11:00:00,225.695132835,287.48655438
 12/07  12:00:00,257.323599636,259.722020156
 12/07  13:00:00,238.676541025,244.52855302400002
 12/07  14:00:00,236.01593593299998,243.94822123
 12/07  15:00:00,232.204210787,235.013928628
 12/07  16:00:00,228.743147974,231.06067987400002
 12/07  17:00:00,231.5103317,232.87584468900002
 12/07  18:00:00,240.887580601,242.314561408
 12/07  19:00:00,239.092716783,253.50969083900003
 12/07  20:00:00,222.40236897,262.082459199
 12/07  21:00:00,196.688208246,272.749640654
 12/07  22:00:00,139.340745678,248.77728866099997
 12/07  23:00:00,80.2198036244,3.4994872963
 12/07  24:00:00,115.411738105,2.355
 12/08  01:00:00,84.3934005532,3.4992369624300004
 12/08  02:00:00,77.8324582298,2.355
 12/08  03:00:00,90.10907468090001,27.640266511700002
 12/08  04:00:00,90.08511126299999,33.251370096100004
 12/08  05:00:00,108.85956650899999,26.9510368256
 12/08  06:00:00,112.78823706799999,41.6219224306
 12/08  07:00:00,154.69959318899998,451.552771276
 12/08  08:00:00,156.29814981200002,418.098603915
 12/08  09:00:00,209.782686523,380.95286636300006
 12/08  10:00:00,233.642134175,334.672593233
 12/08  11:00:00,223.870678184,319.61377149
 12/08  12:00:00,254.736524739,309.90272987599997
 12/08  13:00:00,234.277737204,305.809602801
 12/08  14:00:00,231.042284457,295.840856403
 12/08  15:00:00,227.23195666700002,296.54535487
 12/08  16:00:00,223.822732392,304.206815815
 12/08  17:00:00,227.21810099,312.713422627
 12/08  18:00:00,237.38625636700002,331.49854348
 12/08  19:00:00,236.88878400099998,356.95895138599997
 12/08  20:00:00,214.00998551700002,371.276006939
 12/08  21:00:00,189.47825428299998,392.947276568
 12/08  22:00:00,134.134017019,380.317857129
 12/08  23:00:00,78.9080419154,3.49943248196
 12/08  24:00:00,123.222616961,27.680629307399997
 12/09  01:00:00,92.2576979501,34.2514321389
 12/09  02:00:00,91.9863817817,72.3872886827
 12/09  03:00:00,91.9129232894,76.1602032382
 12/09  04:00:00,88.8042433849,66.6354769635
 12/09  05:00:00,98.410288594,96.9846768616
 12/09  06:00:00,98.93140825389999,101.92962414799999
 12/09  07:00:00,123.68978595600001,607.6127803669999
 12/09  08:00:00,132.49205049100001,560.778948026
 12/09  09:00:00,181.999040674,508.30151339599996
 12/09  10:00:00,198.994520867,428.150553517
 12/09  11:00:00,223.78167003599998,379.698609245
 12/09  12:00:00,254.74844769700002,337.934943798
 12/09  13:00:00,234.664332153,306.706022625
 12/09  14:00:00,231.305604228,301.392302513
 12/09  15:00:00,227.516358895,297.550336323
 12/09  16:00:00,224.124660877,291.583305921
 12/09  17:00:00,227.53203525599997,295.97195588299996
 12/09  18:00:00,237.693166701,316.503026327
 12/09  19:00:00,223.29844556700002,349.50862068199996
 12/09  20:00:00,177.65489397599998,366.849916946
 12/09  21:00:00,167.37953214,371.74438598
 12/09  22:00:00,124.76149098,346.82396046300005
 12/09  23:00:00,76.8677791703,2.9157569447900005
 12/09  24:00:00,112.81093691299999,1.77125
 12/10  01:00:00,89.82152336860001,22.523485889
 12/10  02:00:00,87.9576670517,39.8422268839
 12/10  03:00:00,90.00108940940001,42.9179902549
 12/10  04:00:00,88.02128492290001,36.6613418256
 12/10  05:00:00,98.73006312780001,57.6260824979
 12/10  06:00:00,99.1645957098,53.122463761800006
 12/10  07:00:00,123.87352072,520.582729343
 12/10  08:00:00,132.85431958799998,476.80690749400003
 12/10  09:00:00,154.732857795,416.09916341699994
 12/10  10:00:00,127.31983877,382.29550086300003
 12/10  11:00:00,162.18828014,326.966215226
 12/10  12:00:00,193.847950779,289.367648718
 12/10  13:00:00,201.71369585099998,249.92106508400002
 12/10  14:00:00,199.486806031,225.078843489
 12/10  15:00:00,195.87924428,212.915317915
 12/10  16:00:00,192.62571120799998,210.23382903200002
 12/10  17:00:00,196.137411706,228.41883781400003
 12/10  18:00:00,176.885556435,297.04552958
 12/10  19:00:00,182.384232932,335.31623714
 12/10  20:00:00,162.452707574,346.90918864199995
 12/10  21:00:00,153.669474998,351.057307317
 12/10  22:00:00,139.285459434,309.414290592
 12/10  23:00:00,77.4595688559,2.9156592684900002
 12/10  24:00:00,113.05899554700001,1.77125
 12/11  01:00:00,84.2614651394,2.355
 12/11  02:00:00,86.1124068299,23.4024846208
 12/11  03:00:00,90.4724217924,40.757407191
 12/11  04:00:00,90.5644116899,40.5531398636
 12/11  05:00:00,96.2538448421,33.9102398565
 12/11  06:00:00,100.757652895,53.421391658999994
 12/11  07:00:00,138.194568309,477.48028849
 12/11  08:00:00,147.17364635299998,443.780961444
 12/11  09:00:00,209.73917872299998,395.967829325
 12/11  10:00:00,233.880810577,340.142180951
 12/11  11:00:00,224.23774434599997,300.68837591
 12/11  12:00:00,255.16650756099997,264.805136969
 12/11  13:00:00,236.82458922,238.30328994299998
 12/11  14:00:00,235.61657044400002,215.19749522200001
 12/11  15:00:00,232.389591709,206.063494486
 12/11  16:00:00,229.097029443,205.789869535
 12/11  17:00:00,232.03943419200002,224.371836287
 12/11  18:00:00,240.824317176,251.405931817
 12/11  19:00:00,238.69823740099997,270.934538513
 12/11  20:00:00,222.00901023,287.788132125
 12/11  21:00:00,196.429163523,299.75323189700003
 12/11  22:00:00,139.33126259,270.280119319
 12/11  23:00:00,80.5088475786,2.355
 12/11  24:00:00,115.839054081,3.49934780067
 12/12  01:00:00,84.4686478056,2.355
 12/12  02:00:00,82.03553114350001,12.0517977582
 12/12  03:00:00,90.2780829845,31.0564010081
 12/12  04:00:00,86.4154438499,26.016634625300004
 12/12  05:00:00,112.927188416,43.831050422
 12/12  06:00:00,116.001958029,47.336038393100004
 12/12  07:00:00,154.779238722,479.631430031
 12/12  08:00:00,156.405130644,440.016652345
 12/12  09:00:00,209.871422323,390.898967165
 12/12  10:00:00,233.95043919900002,318.35195134599996
 12/12  11:00:00,224.62787900400002,275.017821809
 12/12  12:00:00,257.040409484,245.264358949
 12/12  13:00:00,239.43636690099999,221.506446908
 12/12  14:00:00,237.73325463400002,206.79134367700001
 12/12  15:00:00,234.14200421900003,201.429254087
 12/12  16:00:00,230.232835395,200.637571729
 12/12  17:00:00,233.04324805599998,209.186731907
 12/12  18:00:00,242.603816747,222.71227514900002
 12/12  19:00:00,240.994712925,239.0880509
 12/12  20:00:00,218.26899356099997,255.369368274
 12/12  21:00:00,192.860904386,257.69616574400004
 12/12  22:00:00,137.24453183,230.12479588
 12/12  23:00:00,83.5683926081,2.355
 12/12  24:00:00,118.64280594899999,3.49929362649
 12/13  01:00:00,87.41447144360001,2.355
 12/13  02:00:00,80.22715136939999,2.355
 12/13  03:00:00,79.6098186948,2.355
 12/13  04:00:00,87.4574941888,16.9323202924
 12/13  05:00:00,94.2492716684,16.7926504324
 12/13  06:00:00,94.0795762591,17.2678782057
 12/13  07:00:00,139.038294831,402.949267405
 12/13  08:00:00,148.930467399,361.205692635
 12/13  09:00:00,211.71949970900002,327.461368458
 12/13  10:00:00,236.90342884,292.775491274
 12/13  11:00:00,227.606595618,276.917364093
 12/13  12:00:00,258.403082233,261.612926222
 12/13  13:00:00,238.766570538,255.716066654
 12/13  14:00:00,235.894334851,253.317427821
 12/13  15:00:00,231.996654704,248.846413839
 12/13  16:00:00,228.664951139,244.875332808
 12/13  17:00:00,231.99330069200002,250.81938633299998
 12/13  18:00:00,241.77537729099998,257.513884562
 12/13  19:00:00,240.37814316799998,264.304385114
 12/13  20:00:00,224.566998346,271.389484841
 12/13  21:00:00,199.224846519,276.114979702
 12/13  22:00:00,141.858749187,248.06489572200002
 12/13  23:00:00,83.5808480888,3.49949081362
 12/13  24:00:00,119.00804048,2.355
 12/14  01:00:00,88.342027285,3.4992276618800005
 12/14  02:00:00,81.6694956824,2.355
 12/14  03:00:00,81.525238253,2.355
 12/14  04:00:00,81.1623866149,3.49923934085
 12/14  05:00:00,95.8184492132,15.0359817394
 12/14  06:00:00,99.5149698645,23.3348367759
 12/14  07:00:00,139.91303792,385.45479483
 12/14  08:00:00,149.388130141,351.908022548
 12/14  09:00:00,211.36721825200001,317.40928324099997
 12/14  10:00:00,236.013089989,282.912689697
 12/14  11:00:00,226.51708389,274.178962545
 12/14  12:00:00,257.080349325,264.62125934
 12/14  13:00:00,236.546218228,259.277881589
 12/14  14:00:00,233.368091785,255.906313308
 12/14  15:00:00,229.363543012,253.828992464
 12/14  16:00:00,225.997909579,246.347908918
 12/14  17:00:00,229.60654540299998,246.74684343
 12/14  18:00:00,240.204921171,250.752646053
 12/14  19:00:00,239.187693939,263.070576575
 12/14  20:00:00,223.33240123299998,267.39674380099996
 12/14  21:00:00,198.172054849,268.299268729
 12/14  22:00:00,140.956353128,238.88753256799998
 12/14  23:00:00,82.6391946326,3.4994879602900006
 12/14  24:00:00,118.09813264799999,2.355
 12/15  01:00:00,87.3078946353,2.355
 12/15  02:00:00,80.2319957321,3.49929078736
 12/15  03:00:00,79.7141264605,2.355
 12/15  04:00:00,87.47194158399999,15.858026139100001
 12/15  05:00:00,110.18053869299999,17.4050862109
 12/15  06:00:00,114.491262049,27.489609675
 12/15  07:00:00,155.720457088,401.324674284
 12/15  08:00:00,158.280259599,370.251647775
 12/15  09:00:00,211.878283095,330.91325587299997
 12/15  10:00:00,237.287705235,281.71745405
 12/15  11:00:00,228.90352970700002,256.64482716099997
 12/15  12:00:00,260.57029502299997,237.54966498299999
 12/15  13:00:00,241.795244282,231.12715957700001
 12/15  14:00:00,239.11478632900003,227.50550900099998
 12/15  15:00:00,235.20375123,224.288685512
 12/15  16:00:00,231.895931939,220.27486698799999
 12/15  17:00:00,235.181584867,218.721944748
 12/15  18:00:00,244.10771980400003,230.438557499
 12/15  19:00:00,241.575167427,241.60012443
 12/15  20:00:00,218.666154592,254.876922554
 12/15  21:00:00,193.29162765799998,273.55929246
 12/15  22:00:00,136.785839364,261.621012543
 12/15  23:00:00,81.7987414192,3.4994528558099995
 12/15  24:00:00,116.318364029,2.355
 12/16  01:00:00,81.8522750082,1.77125
 12/16  02:00:00,83.7438845729,23.137557864
 12/16  03:00:00,87.7334526872,39.9465816881
 12/16  04:00:00,88.14250571459999,43.363746408699996
 12/16  05:00:00,93.37914899379999,34.259966521500004
 12/16  06:00:00,98.3211039617,62.2106115207
 12/16  07:00:00,123.81567457,521.030618601
 12/16  08:00:00,132.644786415,481.88444643599996
 12/16  09:00:00,182.084852711,446.10529356800004
 12/16  10:00:00,198.981233309,397.665817694
 12/16  11:00:00,223.903673985,360.572386503
 12/16  12:00:00,254.786908773,330.178798164
 12/16  13:00:00,234.535791757,316.922042843
 12/16  14:00:00,231.341135957,297.65262863
 12/16  15:00:00,227.544170768,291.634916961
 12/16  16:00:00,224.14327954700002,290.244371951
 12/16  17:00:00,227.58457988599997,287.223145934
 12/16  18:00:00,237.81437439099997,293.184928977
 12/16  19:00:00,223.423993836,321.399201551
 12/16  20:00:00,177.91624066400001,343.361979952
 12/16  21:00:00,167.650867745,350.004533394
 12/16  22:00:00,124.944847864,316.565703695
 12/16  23:00:00,77.2136952129,2.9158025044800002
 12/16  24:00:00,112.940168839,1.77125
 12/17  01:00:00,81.8516914529,2.91554856278
 12/17  02:00:00,87.7845267267,31.6225115264
 12/17  03:00:00,88.1666111447,35.3316129115
 12/17  04:00:00,84.2059542634,26.3927974416
 12/17  05:00:00,95.18238945379998,40.5262412665
 12/17  06:00:00,98.13012069940001,43.0039845328
 12/17  07:00:00,124.02304207799999,506.17216050300004
 12/17  08:00:00,133.04644403,472.30119064800004
 12/17  09:00:00,154.82438081,436.59474426400004
 12/17  10:00:00,127.312017203,420.28387037
 12/17  11:00:00,162.038898579,384.626401733
 12/17  12:00:00,193.332936509,370.91397138400004
 12/17  13:00:00,200.417670986,331.536315917
 12/17  14:00:00,197.763384197,300.820277477
 12/17  15:00:00,193.97954150099997,280.00404253
 12/17  16:00:00,190.577893693,274.99056707
 12/17  17:00:00,193.98954137200002,283.096642547
 12/17  18:00:00,175.755951391,345.97984688599996
 12/17  19:00:00,182.16909570299998,376.903604476
 12/17  20:00:00,162.21698587,387.65776254400004
 12/17  21:00:00,153.407972055,390.421630279
 12/17  22:00:00,139.124529455,350.89487208800006
 12/17  23:00:00,77.10824219140001,1.77125
 12/17  24:00:00,112.89796324299999,1.77125
 12/18  01:00:00,83.9245825163,3.49928347519
 12/18  02:00:00,89.9794763459,28.813266704
 12/18  03:00:00,90.06523455370001,28.6791679802
 12/18  04:00:00,86.3967582059,23.106496322199998
 12/18  05:00:00,97.1442053219,33.872520084899996
 12/18  06:00:00,96.70320924200001,32.138073153600004
 12/18  07:00:00,138.37966193399998,420.169924441
 12/18  08:00:00,147.770642359,370.009875771
 12/18  09:00:00,211.267942456,328.018249976
 12/18  10:00:00,237.20478809099998,280.649731816
 12/18  11:00:00,228.811508453,258.566017666
 12/18  12:00:00,260.676240743,236.80146113700002
 12/18  13:00:00,243.062725457,219.323235856
 12/18  14:00:00,241.59044290900002,210.557871272
 12/18  15:00:00,238.70882028,203.36338242099998
 12/18  16:00:00,236.372403268,192.03441064
 12/18  17:00:00,240.52526574,182.617910231
 12/18  18:00:00,250.87920009,183.653007795
 12/18  19:00:00,249.454691516,188.85107231
 12/18  20:00:00,236.194899357,194.04858425400002
 12/18  21:00:00,210.924418788,192.064189286
 12/18  22:00:00,152.47472497,160.491473052
 12/18  23:00:00,95.62149392879999,2.355
 12/18  24:00:00,129.738452709,2.355
 12/19  01:00:00,100.21808105299999,3.4992230450300004
 12/19  02:00:00,91.9307447227,2.355
 12/19  03:00:00,90.72068545489999,2.355
 12/19  04:00:00,89.9822040718,3.4992379597199994
 12/19  05:00:00,112.09773114299999,2.355
 12/19  06:00:00,112.060743553,2.355
 12/19  07:00:00,166.142069311,271.390300623
 12/19  08:00:00,171.842339853,245.89973785
 12/19  09:00:00,224.62095433099998,219.26192788900002
 12/19  10:00:00,252.73321100599998,184.41774476900002
 12/19  11:00:00,246.226463843,164.458971163
 12/19  12:00:00,275.276215005,143.255626919
 12/19  13:00:00,257.822774443,146.89427294700002
 12/19  14:00:00,255.58434867,150.109153307
 12/19  15:00:00,250.91610216700002,146.16768622799998
 12/19  16:00:00,246.29075818799998,139.636629699
 12/19  17:00:00,248.409385945,147.19284099200001
 12/19  18:00:00,256.549983323,163.294686303
 12/19  19:00:00,251.920025888,180.057567883
 12/19  20:00:00,230.338777517,190.577611802
 12/19  21:00:00,204.40228093099998,202.254871753
 12/19  22:00:00,145.92772434399998,177.66431086400002
 12/19  23:00:00,91.40497782889999,3.49948792799
 12/19  24:00:00,124.81507345899999,2.355
 12/20  01:00:00,92.8850572645,3.4992582171800004
 12/20  02:00:00,84.6339937126,2.355
 12/20  03:00:00,83.2475562037,2.355
 12/20  04:00:00,82.2666215325,3.49927361758
 12/20  05:00:00,87.9909444476,2.355
 12/20  06:00:00,86.724489762,2.355
 12/20  07:00:00,139.414881576,371.888144776
 12/20  08:00:00,149.347484344,339.086238202
 12/20  09:00:00,212.082044937,305.19423690599996
 12/20  10:00:00,236.95535304700002,271.537896362
 12/20  11:00:00,227.50650568,256.243830107
 12/20  12:00:00,257.684069636,243.44522007
 12/20  13:00:00,237.694511035,242.685617599
 12/20  14:00:00,235.464859913,236.16350048
 12/20  15:00:00,231.70708848299998,236.264636268
 12/20  16:00:00,227.659144508,235.894506528
 12/20  17:00:00,230.709821163,241.69940099099998
 12/20  18:00:00,240.361921105,255.16411113400002
 12/20  19:00:00,238.556797717,266.986789179
 12/20  20:00:00,222.03912522599998,274.610493256
 12/20  21:00:00,196.88766556299998,279.987859454
 12/20  22:00:00,139.969933682,251.72999402599999
 12/20  23:00:00,80.97913012149999,3.49949387876
 12/20  24:00:00,116.347496549,2.355
 12/21  01:00:00,84.9008526849,3.4992490239099996
 12/21  02:00:00,78.1342189012,2.355
 12/21  03:00:00,77.9437386803,2.355
 12/21  04:00:00,90.3114420572,26.171385503699998
 12/21  05:00:00,96.9438605135,27.076486080100004
 12/21  06:00:00,92.3810803116,21.640348651799997
 12/21  07:00:00,138.251357896,423.073650726
 12/21  08:00:00,147.426521568,384.418404852
 12/21  09:00:00,209.904202872,349.025849135
 12/21  10:00:00,234.058915597,304.97467242700003
 12/21  11:00:00,224.28637226400002,284.78360234
 12/21  12:00:00,254.958401963,268.40571906900004
 12/21  13:00:00,234.70329538,255.02345622200002
 12/21  14:00:00,231.700548458,247.750735051
 12/21  15:00:00,227.87039474,243.69458151400002
 12/21  16:00:00,224.49649537099998,240.226308072
 12/21  17:00:00,227.880291314,244.56533981
 12/21  18:00:00,238.02757389799999,252.389608312
 12/21  19:00:00,237.288914783,260.162293945
 12/21  20:00:00,221.219740471,267.299461447
 12/21  21:00:00,196.37325583700002,272.016000167
 12/21  22:00:00,139.312826085,242.98737056099998
 12/21  23:00:00,80.0766618791,3.49949495255
 12/21  24:00:00,115.511557052,2.355
 12/22  01:00:00,84.8483349239,3.49926605945
 12/22  02:00:00,78.1067638773,2.355
 12/22  03:00:00,77.8921472073,2.355
 12/22  04:00:00,86.0171342483,18.0077394302
 12/22  05:00:00,108.56740321,17.6373725126
 12/22  06:00:00,112.56602641399999,28.600328198400003
 12/22  07:00:00,154.852018524,404.68673409
 12/22  08:00:00,156.56696557799998,372.379062681
 12/22  09:00:00,209.989856043,337.312262142
 12/22  10:00:00,234.138643146,296.773623976
 12/22  11:00:00,224.411103854,290.563862969
 12/22  12:00:00,255.02816749,280.882641425
 12/22  13:00:00,234.869010534,276.986284585
 12/22  14:00:00,231.828555965,275.26563235599997
 12/22  15:00:00,227.887654407,270.7189934
 12/22  16:00:00,224.41460265400002,262.19010713299997
 12/22  17:00:00,227.77538731400003,263.943130366
 12/22  18:00:00,237.89464285,270.58974992
 12/22  19:00:00,237.211654028,277.975752243
 12/22  20:00:00,214.431881427,284.664236044
 12/22  21:00:00,190.03068583299998,289.426033195
 12/22  22:00:00,134.465223907,263.545834062
 12/22  23:00:00,79.6414798395,2.355
 12/22  24:00:00,115.294166384,2.355
 12/23  01:00:00,82.097347239,2.9156868943400003
 12/23  02:00:00,79.63172255229999,9.92864171269
 12/23  03:00:00,88.021131452,26.106730495
 12/23  04:00:00,83.914832355,19.6205858522
 12/23  05:00:00,94.5111204032,32.5713446313
 12/23  06:00:00,94.5048864698,33.9746983658
 12/23  07:00:00,124.115567363,434.511561257
 12/23  08:00:00,133.147304391,393.058048607
 12/23  09:00:00,182.371588232,363.162707139
 12/23  10:00:00,199.510655145,324.280993363
 12/23  11:00:00,224.222339427,295.06357623900004
 12/23  12:00:00,254.919823545,277.80227306
 12/23  13:00:00,234.622501658,271.565806213
 12/23  14:00:00,231.50511499,265.186707211
 12/23  15:00:00,227.643365035,256.99299405700003
 12/23  16:00:00,224.189227951,255.81946750400002
 12/23  17:00:00,227.58704794599998,262.581265315
 12/23  18:00:00,237.763189419,279.132346997
 12/23  19:00:00,223.34946715700002,301.66439977
 12/23  20:00:00,177.690358099,324.64600016599996
 12/23  21:00:00,167.51559630100002,340.797900053
 12/23  22:00:00,124.839165888,326.770889509
 12/23  23:00:00,77.0235721307,2.9157113751
 12/23  24:00:00,112.871828465,1.77125
 12/24  01:00:00,81.5657349842,1.77125
 12/24  02:00:00,87.63760453100001,31.3588704904
 12/24  03:00:00,87.9461523443,32.2763750673
 12/24  04:00:00,83.884960374,25.1188110565
 12/24  05:00:00,96.2719288866,45.8898984618
 12/24  06:00:00,98.2367173959,45.6522183562
 12/24  07:00:00,123.87511370700001,548.516578493
 12/24  08:00:00,132.77301546299998,517.1671515090001
 12/24  09:00:00,154.662563849,458.00382619
 12/24  10:00:00,127.1264804,417.31570607
 12/24  11:00:00,161.937985194,362.469295886
 12/24  12:00:00,193.28688378299998,342.568146785
 12/24  13:00:00,200.468744443,315.725158169
 12/24  14:00:00,197.705018643,303.887939976
 12/24  15:00:00,193.87504627299998,296.578961545
 12/24  16:00:00,190.459894822,292.78886727099996
 12/24  17:00:00,193.88337122299998,299.947670574
 12/24  18:00:00,175.626674851,358.60731929199994
 12/24  19:00:00,182.087799253,376.94002087300004
 12/24  20:00:00,162.148093117,374.61426304800005
 12/24  21:00:00,153.413349712,368.051538998
 12/24  22:00:00,139.160454151,321.75776292
 12/24  23:00:00,77.2515831076,2.9156797651899997
 12/24  24:00:00,112.964731114,1.77125
 12/25  01:00:00,82.0210479037,2.9155777362
 12/25  02:00:00,83.6328245334,17.558660750799998
 12/25  03:00:00,83.7635680232,19.275826048699997
 12/25  04:00:00,88.11691453549999,34.2549845792
 12/25  05:00:00,94.8282568289,34.1531381157
 12/25  06:00:00,90.48943890059999,25.9134215494
 12/25  07:00:00,123.997474645,492.64287035
 12/25  08:00:00,133.217974285,447.136088184
 12/25  09:00:00,154.944063161,391.51071983800006
 12/25  10:00:00,127.635161695,371.65078099699997
 12/25  11:00:00,162.349193685,341.578738537
 12/25  12:00:00,193.473564197,319.317095966
 12/25  13:00:00,200.682903208,289.280306338
 12/25  14:00:00,198.072141157,277.538211037
 12/25  15:00:00,194.15096282099998,274.14813815
 12/25  16:00:00,190.701512314,272.184115336
 12/25  17:00:00,194.09397598200002,273.907480049
 12/25  18:00:00,175.849912765,322.307810742
 12/25  19:00:00,182.223463234,340.849032631
 12/25  20:00:00,162.240528452,346.399460109
 12/25  21:00:00,153.54500893600002,348.694412021
 12/25  22:00:00,139.209028072,308.613528603
 12/25  23:00:00,77.30859536189999,1.77125
 12/25  24:00:00,112.991931575,1.77125
 12/26  01:00:00,84.2731485763,3.4992193808999996
 12/26  02:00:00,81.7673404467,10.5567772263
 12/26  03:00:00,90.14300657,25.430107907199996
 12/26  04:00:00,86.0039514289,22.1838252612
 12/26  05:00:00,112.748210906,35.5559736283
 12/26  06:00:00,112.98199241299999,35.841859364099996
 12/26  07:00:00,154.754113047,435.10243173
 12/26  08:00:00,156.430060397,391.621413545
 12/26  09:00:00,209.89967128400002,355.503711126
 12/26  10:00:00,234.01868861,310.701211855
 12/26  11:00:00,224.211962784,293.470032229
 12/26  12:00:00,254.93201938099998,272.751836917
 12/26  13:00:00,234.751421902,261.97124312
 12/26  14:00:00,231.62979349,251.75709823900002
 12/26  15:00:00,227.94234745,237.99907659599998
 12/26  16:00:00,224.668660047,230.815253176
 12/26  17:00:00,227.858590939,246.87487207799998
 12/26  18:00:00,237.95787355299998,267.759595067
 12/26  19:00:00,237.22584313299998,284.947803632
 12/26  20:00:00,214.483325668,296.753422182
 12/26  21:00:00,190.022935935,304.075089594
 12/26  22:00:00,134.459368975,280.388943405
 12/26  23:00:00,79.6227632678,2.355
 12/26  24:00:00,115.270322505,3.4993718816800006
 12/27  01:00:00,84.1869820742,2.355
 12/27  02:00:00,90.05395835739999,31.013236406100003
 12/27  03:00:00,90.2266256327,34.8349602947
 12/27  04:00:00,86.40099852979999,26.9303769407
 12/27  05:00:00,98.01156638200001,46.093264214499996
 12/27  06:00:00,99.4025775341,47.826576493199994
 12/27  07:00:00,138.159915153,481.53580358199997
 12/27  08:00:00,147.168106687,433.305185957
 12/27  09:00:00,209.782604116,393.47418505
 12/27  10:00:00,234.02056519299998,344.449780612
 12/27  11:00:00,224.24569965400002,329.507987001
 12/27  12:00:00,254.937664676,308.861880099
 12/27  13:00:00,234.769790755,301.46726163799997
 12/27  14:00:00,231.619868002,304.306600483
 12/27  15:00:00,227.75632372200002,294.864986456
 12/27  16:00:00,224.344774402,285.685063758
 12/27  17:00:00,227.74462929799998,289.414987562
 12/27  18:00:00,237.906272557,296.69201199599996
 12/27  19:00:00,237.207097148,304.658721462
 12/27  20:00:00,221.065183147,313.309179754
 12/27  21:00:00,196.187658075,320.794936855
 12/27  22:00:00,139.203361759,297.439525575
 12/27  23:00:00,79.5683793642,2.355
 12/27  24:00:00,115.26093552100001,3.49936666646
 12/28  01:00:00,84.2460822817,2.355
 12/28  02:00:00,86.0323816665,19.6216001767
 12/28  03:00:00,90.09155443360001,32.2078800178
 12/28  04:00:00,90.48653339389999,29.8330486439
 12/28  05:00:00,93.1031255333,21.3602177682
 12/28  06:00:00,96.8676716293,34.3607878424
 12/28  07:00:00,138.454412795,420.491678052
 12/28  08:00:00,147.620022176,382.242816423
 12/28  09:00:00,210.373718547,345.524062605
 12/28  10:00:00,235.454098553,296.176654765
 12/28  11:00:00,226.28914277099997,278.54485814599997
 12/28  12:00:00,257.888812754,256.273692365
 12/28  13:00:00,238.542068274,251.215659565
 12/28  14:00:00,235.585424135,253.812490495
 12/28  15:00:00,231.66491261599998,251.721172815
 12/28  16:00:00,228.33925973799998,245.49086301900002
 12/28  17:00:00,228.40812981,254.07580048
 12/28  18:00:00,241.734411394,262.779135902
 12/28  19:00:00,240.38865477599998,270.49023583900004
 12/28  20:00:00,224.606111099,271.689360598
 12/28  21:00:00,199.24987934599997,278.275941956
 12/28  22:00:00,142.045784913,250.490476718
 12/28  23:00:00,84.4211153908,3.49948246984
 12/28  24:00:00,119.872461344,2.355
 12/29  01:00:00,89.1434466856,2.355
 12/29  02:00:00,81.5274408726,3.49925501953
 12/29  03:00:00,80.24429882300001,2.355
 12/29  04:00:00,91.5281154008,26.6866873635
 12/29  05:00:00,113.583711133,27.2847430208
 12/29  06:00:00,109.90020638799999,21.955550055
 12/29  07:00:00,155.16342712600002,434.48141506300004
 12/29  08:00:00,156.804994578,382.503626483
 12/29  09:00:00,210.41136878,341.39368583099997
 12/29  10:00:00,235.88216807900002,300.305416532
 12/29  11:00:00,226.397474853,286.95264064099996
 12/29  12:00:00,257.079995461,269.771956577
 12/29  13:00:00,237.166165945,258.757538968
 12/29  14:00:00,234.30852817599998,248.241806097
 12/29  15:00:00,230.436337414,251.959846534
 12/29  16:00:00,227.089038554,246.37504766700002
 12/29  17:00:00,227.12654107,248.16420053
 12/29  18:00:00,240.432548644,256.128776183
 12/29  19:00:00,239.05733276200002,269.886113026
 12/29  20:00:00,215.76776318,281.915368776
 12/29  21:00:00,190.510383188,288.337550752
 12/29  22:00:00,134.599044973,269.477292045
 12/29  23:00:00,80.2845428997,3.4995065859699994
 12/29  24:00:00,115.740204009,2.355
 12/30  01:00:00,82.276474029,2.91564117788
 12/30  02:00:00,75.8444794582,1.77125
 12/30  03:00:00,83.9980417321,16.0883450476
 12/30  04:00:00,84.064067987,19.100890883399998
 12/30  05:00:00,90.86184355290001,18.631799893900002
 12/30  06:00:00,94.9284369816,27.032503461100003
 12/30  07:00:00,124.82154516,398.780012815
 12/30  08:00:00,135.05244322,361.61188872300005
 12/30  09:00:00,185.261451329,331.55904327400003
 12/30  10:00:00,204.29151966599997,282.982985633
 12/30  11:00:00,230.15818702,258.262229242
 12/30  12:00:00,261.272478315,242.34680137700002
 12/30  13:00:00,243.165519708,229.755917053
 12/30  14:00:00,241.447874303,223.07680984700002
 12/30  15:00:00,238.28194881599998,209.41173731700002
 12/30  16:00:00,236.269534609,194.211857991
 12/30  17:00:00,238.0806728,183.406325485
 12/30  18:00:00,252.869819491,186.04778853599998
 12/30  19:00:00,236.799562028,202.879736878
 12/30  20:00:00,193.664773898,205.768894445
 12/30  21:00:00,183.519686892,197.91016385
 12/30  22:00:00,139.902309801,162.296901703
 12/30  23:00:00,96.5309022702,2.9157373909400004
 12/30  24:00:00,131.008036612,1.77125
 12/31  01:00:00,102.159241263,1.77125
 12/31  02:00:00,92.643166044,2.9155779320099997
 12/31  03:00:00,89.3592416339,1.77125
 12/31  04:00:00,86.26069451020001,1.77125
 12/31  05:00:00,90.1742408498,2.9155298108
 12/31  06:00:00,87.5786203351,1.77125
 12/31  07:00:00,126.78432085200001,399.850854294
 12/31  08:00:00,135.519385089,378.00162603300004
 12/31  09:00:00,159.469818112,341.71730774
 12/31  10:00:00,127.66776097700001,334.488857024
 12/31  11:00:00,162.42162295,311.58613910400004
 12/31  12:00:00,193.48146726599998,301.61048008
 12/31  13:00:00,200.20475464900002,280.186811944
 12/31  14:00:00,198.08134871400003,260.046626638
 12/31  15:00:00,194.439416908,249.51614925299998
 12/31  16:00:00,190.97800910900003,248.17996693799998
 12/31  17:00:00,190.79421221099997,255.68001714599998
 12/31  18:00:00,175.80026074,318.10588802
 12/31  19:00:00,182.17376908,354.449877366
 12/31  20:00:00,162.074314384,364.671633376
 12/31  21:00:00,153.392348783,363.158695469
 12/31  22:00:00,139.1265095,326.38410461
 12/31  23:00:00,77.1775111832,1.77125
 12/31  24:00:00,112.92919118200001,1.77125
