Date/Time,Electricity:Facility [kW](Hourly),Gas:Facility [kW](Hourly)
 01/01  01:00:00,38.4988485278,11.228688537
 01/01  02:00:00,38.161149127600005,18.125955311800002
 01/01  03:00:00,32.984333255,20.9735295401
 01/01  04:00:00,32.703952415799996,23.536606732800003
 01/01  05:00:00,34.0478313816,26.6231871879
 01/01  06:00:00,38.0210316848,28.4940217402
 01/01  07:00:00,58.608490787799994,28.434902869499997
 01/01  08:00:00,76.5620416337,38.8317265994
 01/01  09:00:00,95.588336634,57.5529388358
 01/01  10:00:00,80.83228185729999,63.0734703116
 01/01  11:00:00,55.2021947431,63.3440734486
 01/01  12:00:00,52.6383379126,62.122408415
 01/01  13:00:00,52.6737308634,55.8834160333
 01/01  14:00:00,53.3920944651,52.2494432926
 01/01  15:00:00,52.6391776509,53.0905248051
 01/01  16:00:00,52.2387672222,54.5167229853
 01/01  17:00:00,56.2290814541,36.2908359011
 01/01  18:00:00,69.29232717069999,18.750144496300003
 01/01  19:00:00,86.1720088018,21.511295659800002
 01/01  20:00:00,87.314589755,28.010370824200002
 01/01  21:00:00,94.0649812209,28.9477870592
 01/01  22:00:00,92.1840911453,27.375616328200003
 01/01  23:00:00,68.8612791931,31.6252410953
 01/01  24:00:00,45.016955699899995,18.00975711
 01/02  01:00:00,36.954406503099996,17.0751303206
 01/02  02:00:00,35.1132418706,16.6183142012
 01/02  03:00:00,33.1438725096,15.9320525306
 01/02  04:00:00,33.0309235811,10.066074836799999
 01/02  05:00:00,34.5620557115,15.9169854882
 01/02  06:00:00,42.3442307619,20.9739047335
 01/02  07:00:00,74.7109442819,26.030614762
 01/02  08:00:00,96.32403883319999,24.7036114708
 01/02  09:00:00,75.795284955,37.872853647
 01/02  10:00:00,72.6378168903,49.1085488147
 01/02  11:00:00,53.703934670500004,44.388337669799995
 01/02  12:00:00,53.4860882216,44.0899822157
 01/02  13:00:00,53.7279034249,45.1973499726
 01/02  14:00:00,55.3336368361,47.713964249600004
 01/02  15:00:00,56.3626652213,41.4361804124
 01/02  16:00:00,56.381054317200004,42.4988190745
 01/02  17:00:00,60.0632360013,24.970945024699997
 01/02  18:00:00,77.5176668142,7.136241458410001
 01/02  19:00:00,87.2370197323,19.7205867224
 01/02  20:00:00,90.99458633120001,8.378364838689999
 01/02  21:00:00,101.052540112,15.5645642029
 01/02  22:00:00,95.7055170175,22.5983417915
 01/02  23:00:00,68.1445656309,18.416485971700002
 01/02  24:00:00,45.349249743,14.057568843299999
 01/03  01:00:00,38.8840706426,15.2791093151
 01/03  02:00:00,36.128707709299995,17.1318927332
 01/03  03:00:00,33.7061056088,18.067270014600002
 01/03  04:00:00,33.4202005679,13.5972894209
 01/03  05:00:00,34.8229420181,20.1824683312
 01/03  06:00:00,42.6254006331,24.2139301746
 01/03  07:00:00,75.1461124501,28.7827037171
 01/03  08:00:00,96.3188193931,31.3104932853
 01/03  09:00:00,74.7508270879,45.4858298191
 01/03  10:00:00,72.8921482452,55.8702973769
 01/03  11:00:00,54.5417188521,50.2111071194
 01/03  12:00:00,54.3035900675,50.3461583036
 01/03  13:00:00,53.1492587859,49.8917995656
 01/03  14:00:00,53.0481294991,48.8062112055
 01/03  15:00:00,53.1297854983,53.478845608
 01/03  16:00:00,52.773736873800004,49.2526442041
 01/03  17:00:00,56.4359894924,31.979854147399998
 01/03  18:00:00,73.2158459703,16.3294343645
 01/03  19:00:00,82.3669725976,26.323175830100002
 01/03  20:00:00,85.3673042489,27.667665502600002
 01/03  21:00:00,94.7056977441,30.889525222399996
 01/03  22:00:00,89.6738205498,37.7619268706
 01/03  23:00:00,63.393636291899995,34.0041508771
 01/03  24:00:00,42.076476567600004,29.8784296323
 01/04  01:00:00,36.2952459625,30.520686515
 01/04  02:00:00,34.4692681509,30.8238098954
 01/04  03:00:00,32.460391366399996,25.2268326779
 01/04  04:00:00,32.3033108517,31.220932470300003
 01/04  05:00:00,33.7955840327,31.451125458099998
 01/04  06:00:00,41.478763836700004,36.4411913393
 01/04  07:00:00,72.9832176969,35.9852268911
 01/04  08:00:00,93.21309693100001,45.6765855895
 01/04  09:00:00,73.0844743401,51.9180525188
 01/04  10:00:00,70.5948416921,62.446735510500005
 01/04  11:00:00,52.4570645979,56.7026945273
 01/04  12:00:00,52.750178205,55.116827675699994
 01/04  13:00:00,52.856317224499996,52.890517372299996
 01/04  14:00:00,52.6803255884,55.5260769516
 01/04  15:00:00,52.0466486297,56.8341102888
 01/04  16:00:00,51.7625419954,55.0016306076
 01/04  17:00:00,55.6398556246,37.1039954547
 01/04  18:00:00,72.5267180838,19.773552039600002
 01/04  19:00:00,81.8621234956,34.5358371227
 01/04  20:00:00,85.0048785441,23.697474871999997
 01/04  21:00:00,94.48145186290002,31.3792276404
 01/04  22:00:00,88.96833379549999,38.088047600500005
 01/04  23:00:00,62.8883471295,34.3167976091
 01/04  24:00:00,41.617760742399994,30.300134996999997
 01/05  01:00:00,35.9717573427,31.9696454519
 01/05  02:00:00,34.077981181,33.0043746418
 01/05  03:00:00,32.2192882038,33.3290813243
 01/05  04:00:00,32.134386739,28.429395571599997
 01/05  05:00:00,33.6669347678,35.6231331051
 01/05  06:00:00,41.38821592,41.512488459000004
 01/05  07:00:00,72.6108087698,47.3898239135
 01/05  08:00:00,92.7223721739,46.29954225
 01/05  09:00:00,72.0853469259,60.1050037362
 01/05  10:00:00,69.2883196039,71.5615107616
 01/05  11:00:00,50.9303642962,67.0019139536
 01/05  12:00:00,51.2549582142,67.3114291577
 01/05  13:00:00,51.3353510869,71.7646354254
 01/05  14:00:00,51.726193019700005,65.0639682815
 01/05  15:00:00,51.9934036817,65.87676221550001
 01/05  16:00:00,51.8975979955,66.8073950859
 01/05  17:00:00,55.5292764886,48.931158895900005
 01/05  18:00:00,71.8071857959,33.9329244525
 01/05  19:00:00,80.3113049108,51.3236183449
 01/05  20:00:00,83.00576377659999,46.9007995551
 01/05  21:00:00,91.84261334889999,42.9198317074
 01/05  22:00:00,86.512192385,54.9972687631
 01/05  23:00:00,61.807865238000005,50.2324566899
 01/05  24:00:00,42.8593619499,45.718625081199995
 01/06  01:00:00,39.6446829153,46.9175400676
 01/06  02:00:00,39.200246709299996,47.798351075
 01/06  03:00:00,37.9669775857,47.12987834689999
 01/06  04:00:00,38.4234191317,41.1272427416
 01/06  05:00:00,40.4647488971,47.263905381099995
 01/06  06:00:00,47.6530436162,50.8465852275
 01/06  07:00:00,74.2533781615,54.5927986682
 01/06  08:00:00,92.6591427363,50.6378860234
 01/06  09:00:00,74.0777170266,61.514284289399995
 01/06  10:00:00,71.6503421239,72.9945456459
 01/06  11:00:00,55.1876347301,71.0791096714
 01/06  12:00:00,53.6502918736,61.574156028999994
 01/06  13:00:00,53.36632955939999,57.522017751099995
 01/06  14:00:00,52.7558465401,55.585722596800004
 01/06  15:00:00,51.8031875569,55.681944736999995
 01/06  16:00:00,51.3282723131,54.72399013890001
 01/06  17:00:00,54.7777016783,37.2928720162
 01/06  18:00:00,71.14729339729999,21.7022165521
 01/06  19:00:00,80.09069873119999,37.604803044200004
 01/06  20:00:00,82.9849578047,32.6813033421
 01/06  21:00:00,92.170906264,34.4289804511
 01/06  22:00:00,86.87376713209999,34.9954593387
 01/06  23:00:00,61.4544435787,37.2233440512
 01/06  24:00:00,40.9280732262,37.8254556544
 01/07  01:00:00,37.1344472258,31.8973115242
 01/07  02:00:00,37.2758925923,27.769394397800003
 01/07  03:00:00,33.457195679499996,38.3718721232
 01/07  04:00:00,34.4524840033,42.6784630523
 01/07  05:00:00,37.034760820100004,44.0387781604
 01/07  06:00:00,41.890530446,43.55125368149999
 01/07  07:00:00,60.940240661400004,41.222648161799995
 01/07  08:00:00,76.369144695,51.3833051966
 01/07  09:00:00,94.06810488020001,70.0154153242
 01/07  10:00:00,80.1294037755,80.10042515479999
 01/07  11:00:00,56.7252883233,73.3184596034
 01/07  12:00:00,54.299749974499996,65.545712829
 01/07  13:00:00,53.9852373402,67.0093912905
 01/07  14:00:00,54.36369752069999,64.0755622747
 01/07  15:00:00,54.3235810362,63.33982795560001
 01/07  16:00:00,53.8250587758,70.4657402522
 01/07  17:00:00,57.1718513089,45.1311717412
 01/07  18:00:00,69.5464071734,34.2834792373
 01/07  19:00:00,85.2280459813,38.0716714285
 01/07  20:00:00,85.8149303285,45.272721903699995
 01/07  21:00:00,91.7635745111,47.6844629278
 01/07  22:00:00,89.6397611524,48.9070558337
 01/07  23:00:00,67.3035658722,50.071869273000004
 01/07  24:00:00,45.4642751921,51.3640037744
 01/08  01:00:00,40.052782554299995,46.780702509399994
 01/08  02:00:00,40.7351216352,46.347434720699994
 01/08  03:00:00,37.1638323158,40.4750031479
 01/08  04:00:00,37.940619843200004,46.7672929513
 01/08  05:00:00,40.0768540597,47.1570499055
 01/08  06:00:00,44.6518765448,46.5525649247
 01/08  07:00:00,63.4302816575,51.2309377567
 01/08  08:00:00,77.9236637769,53.6417529779
 01/08  09:00:00,94.3462060994,64.4950952484
 01/08  10:00:00,80.4090314443,79.7824764793
 01/08  11:00:00,57.1707293096,74.7551229566
 01/08  12:00:00,55.1497385095,74.9579455552
 01/08  13:00:00,54.5207562986,67.2491883937
 01/08  14:00:00,53.6868611585,62.4355303865
 01/08  15:00:00,53.5996356275,63.168679147
 01/08  16:00:00,53.248933866899996,66.6270728105
 01/08  17:00:00,56.8250829378,50.2795819594
 01/08  18:00:00,69.3416412775,35.2286909503
 01/08  19:00:00,84.8818625367,44.6487503148
 01/08  20:00:00,85.60366202600001,37.501310488499996
 01/08  21:00:00,91.70310746530001,43.467137552
 01/08  22:00:00,89.30804043219999,43.8409825958
 01/08  23:00:00,66.8659748875,50.9834052715
 01/08  24:00:00,44.0468798278,39.813103272199996
 01/09  01:00:00,37.3709900309,39.3582702958
 01/09  02:00:00,36.7651242696,39.2343545472
 01/09  03:00:00,35.5005133818,39.0309672607
 01/09  04:00:00,35.814656789699995,38.922769624000004
 01/09  05:00:00,37.5948781225,38.8252899707
 01/09  06:00:00,44.6645808306,36.3047330606
 01/09  07:00:00,72.56866864199999,47.214171723999996
 01/09  08:00:00,92.384645904,51.5611352033
 01/09  09:00:00,72.20962528310001,50.636382358
 01/09  10:00:00,69.4799134859,65.6823994477
 01/09  11:00:00,52.1260439107,66.0961873426
 01/09  12:00:00,52.037735427,58.9402404171
 01/09  13:00:00,51.7201700117,57.161815454700005
 01/09  14:00:00,52.2498234399,54.2470659142
 01/09  15:00:00,52.1766566589,53.862112011899995
 01/09  16:00:00,51.6008160763,56.303526527799995
 01/09  17:00:00,54.8476007112,40.0225075861
 01/09  18:00:00,71.2277646314,30.6251746349
 01/09  19:00:00,80.1548210448,35.4234615311
 01/09  20:00:00,83.0309876047,36.6423063899
 01/09  21:00:00,92.1728841042,38.9251255904
 01/09  22:00:00,86.8285370894,46.235737487600005
 01/09  23:00:00,61.4828675495,42.4243692114
 01/09  24:00:00,41.116284236599995,37.941741559499995
 01/10  01:00:00,36.3233086431,38.2965305391
 01/10  02:00:00,35.3108932756,38.8795754502
 01/10  03:00:00,33.8226097133,33.9439531185
 01/10  04:00:00,34.1438636741,40.4139156998
 01/10  05:00:00,36.3462784886,41.0883833963
 01/10  06:00:00,43.8808083568,45.3337154861
 01/10  07:00:00,72.7330847236,48.1415284184
 01/10  08:00:00,92.48341821790001,45.2002506045
 01/10  09:00:00,72.4109392359,57.0641069726
 01/10  10:00:00,70.04402721550001,67.3104754058
 01/10  11:00:00,53.1079363281,60.8462779053
 01/10  12:00:00,53.133170956099995,65.9535509163
 01/10  13:00:00,52.8916330287,56.977570927100004
 01/10  14:00:00,52.8156871545,54.36234482850001
 01/10  15:00:00,52.5825234133,53.094916053
 01/10  16:00:00,52.1809018449,53.9560556879
 01/10  17:00:00,55.6299241415,36.5593203814
 01/10  18:00:00,72.0680415716,20.0181754768
 01/10  19:00:00,81.3021395929,35.733440984699996
 01/10  20:00:00,84.2259824414,32.153917067600005
 01/10  21:00:00,93.4686575084,34.7928425694
 01/10  22:00:00,88.14247632989999,35.3249243101
 01/10  23:00:00,62.280862686300004,42.3350821601
 01/10  24:00:00,41.3354755877,31.2528567958
 01/11  01:00:00,36.0773373539,30.841311779
 01/11  02:00:00,34.3999619627,24.7783580034
 01/11  03:00:00,32.4249031777,30.271031099200002
 01/11  04:00:00,32.376187011300004,30.1822694068
 01/11  05:00:00,33.9928310158,29.9932348573
 01/11  06:00:00,41.616782213,27.868829501300002
 01/11  07:00:00,72.83360697180001,37.0695885345
 01/11  08:00:00,92.86158855120001,41.4874512038
 01/11  09:00:00,72.8000632209,48.81904492140001
 01/11  10:00:00,70.1996301073,60.1255432022
 01/11  11:00:00,52.3639983455,54.8385298202
 01/11  12:00:00,52.6203221126,54.0076565125
 01/11  13:00:00,52.7744914308,52.043098068
 01/11  14:00:00,53.1878935042,56.9057831535
 01/11  15:00:00,53.292142444,50.8631368082
 01/11  16:00:00,53.039400013299996,51.884866953599996
 01/11  17:00:00,56.589856505200004,34.1067871265
 01/11  18:00:00,73.262153349,17.5278725022
 01/11  19:00:00,82.32211894779999,33.3944180967
 01/11  20:00:00,85.1893570686,29.5754394806
 01/11  21:00:00,94.22881059139999,27.961850765999998
 01/11  22:00:00,88.80261410860001,40.9948137028
 01/11  23:00:00,62.8013776492,37.1155708626
 01/11  24:00:00,41.5806271541,33.118326877
 01/12  01:00:00,36.1387304245,33.961969664899996
 01/12  02:00:00,34.4291254148,34.680957149899996
 01/12  03:00:00,32.450762259499996,35.8081941127
 01/12  04:00:00,32.409685071300004,37.5254710964
 01/12  05:00:00,34.294629661500004,39.128230301799995
 01/12  06:00:00,42.0583371218,37.6736787944
 01/12  07:00:00,72.6529761053,46.5710285917
 01/12  08:00:00,92.4826192384,49.8834739109
 01/12  09:00:00,72.4280791057,50.087263181000004
 01/12  10:00:00,69.8830823861,66.317236689
 01/12  11:00:00,52.2898707234,64.9309851708
 01/12  12:00:00,52.6429482224,57.8111556443
 01/12  13:00:00,52.591044627200006,54.7844918075
 01/12  14:00:00,52.8661204418,52.040049636000006
 01/12  15:00:00,52.883661154799995,56.547751022
 01/12  16:00:00,52.5723790995,51.431144378599996
 01/12  17:00:00,56.150820711499996,33.19306972
 01/12  18:00:00,70.951229757,15.7468468558
 01/12  19:00:00,82.02810759260001,30.7016206471
 01/12  20:00:00,85.20289925600001,18.7195194297
 01/12  21:00:00,94.1298581749,30.0040890161
 01/12  22:00:00,88.4231280794,41.606883585
 01/12  23:00:00,62.422581416099995,39.981210971799996
 01/12  24:00:00,41.437292131599996,36.9149941584
 01/13  01:00:00,36.142307871,39.0825038998
 01/13  02:00:00,34.4963947749,41.7654862774
 01/13  03:00:00,33.2304227901,44.3309667732
 01/13  04:00:00,33.9723187481,41.6576779177
 01/13  05:00:00,36.2185965422,49.9311561017
 01/13  06:00:00,44.1498922409,56.499193202
 01/13  07:00:00,73.2683310292,61.497310473999995
 01/13  08:00:00,92.55176826709999,60.346226635200004
 01/13  09:00:00,73.7280929729,72.6690312795
 01/13  10:00:00,71.5205585795,83.3810511733
 01/13  11:00:00,54.8833302126,81.76751774569999
 01/13  12:00:00,55.0278093589,74.4743587425
 01/13  13:00:00,54.6009962476,71.6467537934
 01/13  14:00:00,54.3299315238,69.5605501481
 01/13  15:00:00,53.9084156832,68.9162164955
 01/13  16:00:00,53.281487237200004,76.0628681266
 01/13  17:00:00,56.520290358400004,47.3619173054
 01/13  18:00:00,70.7063795742,44.509085847899996
 01/13  19:00:00,80.91247811859999,51.4092890558
 01/13  20:00:00,83.4170590358,54.3509173483
 01/13  21:00:00,92.0989286603,57.2127657713
 01/13  22:00:00,86.8206686942,65.6015298225
 01/13  23:00:00,63.6823833921,63.1881274095
 01/13  24:00:00,45.6414883426,59.527969455
 01/14  01:00:00,43.5680790014,60.6977064447
 01/14  02:00:00,45.100482283000005,61.577645061000005
 01/14  03:00:00,42.253463578499996,62.277647472700004
 01/14  04:00:00,43.537217078999994,57.4588588402
 01/14  05:00:00,46.1107545741,63.9937393328
 01/14  06:00:00,50.7852843721,68.53784458300001
 01/14  07:00:00,69.6223516876,61.285802315
 01/14  08:00:00,83.4299950903,70.931856671
 01/14  09:00:00,97.1274492499,84.9116704331
 01/14  10:00:00,83.6360703158,85.91839971459999
 01/14  11:00:00,60.4140792743,82.577101348
 01/14  12:00:00,57.5315329807,79.29299750220001
 01/14  13:00:00,57.07942039939999,71.9144402471
 01/14  14:00:00,56.282429695,65.72616350199999
 01/14  15:00:00,55.3749860531,64.9234324544
 01/14  16:00:00,54.4008439183,64.28838061489999
 01/14  17:00:00,57.505956448,44.457192095799996
 01/14  18:00:00,67.7030900204,29.638470313400003
 01/14  19:00:00,85.2487572125,33.4093027708
 01/14  20:00:00,85.8109030898,39.2260045115
 01/14  21:00:00,91.90024789790002,39.8158324231
 01/14  22:00:00,89.8782886688,39.4545644519
 01/14  23:00:00,67.147889329,47.076794121300004
 01/14  24:00:00,44.375641278100005,37.0145136129
 01/15  01:00:00,39.0858623416,37.6085667108
 01/15  02:00:00,39.5336606604,37.8899368752
 01/15  03:00:00,35.3401980195,39.9227161389
 01/15  04:00:00,35.981070888000005,34.9459957468
 01/15  05:00:00,38.480422556,42.247955830500004
 01/15  06:00:00,43.2489626896,47.834227069700006
 01/15  07:00:00,62.3403493726,41.1883860359
 01/15  08:00:00,77.500680468,51.3106278212
 01/15  09:00:00,94.20841554479999,69.892816861
 01/15  10:00:00,80.8456016598,74.5656774596
 01/15  11:00:00,57.874785476999996,75.3789110846
 01/15  12:00:00,55.6497524656,75.3676679385
 01/15  13:00:00,55.506366452399995,70.5809466777
 01/15  14:00:00,55.160435316000004,69.2677695769
 01/15  15:00:00,54.6847872838,75.340906563
 01/15  16:00:00,54.0056265091,71.4069900102
 01/15  17:00:00,57.1955523073,54.955229840200005
 01/15  18:00:00,67.6190320702,38.9453148012
 01/15  19:00:00,85.08444953600001,43.429509753000005
 01/15  20:00:00,85.7508239934,50.6295795557
 01/15  21:00:00,91.8791592128,52.2210727416
 01/15  22:00:00,89.60736122440001,52.9851868154
 01/15  23:00:00,67.2311726379,61.5046390368
 01/15  24:00:00,46.2226028883,52.06179781
 01/16  01:00:00,40.9723706379,53.144906309300005
 01/16  02:00:00,41.6319167061,54.120879622299995
 01/16  03:00:00,38.5560935887,54.6624230226
 01/16  04:00:00,40.064075524,51.0905549942
 01/16  05:00:00,42.7833123576,58.098400507799994
 01/16  06:00:00,48.0832825855,64.670620414
 01/16  07:00:00,67.2169157554,58.702095362200005
 01/16  08:00:00,81.80848726159999,69.6718672865
 01/16  09:00:00,96.0129172628,85.0065758288
 01/16  10:00:00,82.99143054470001,94.186765639
 01/16  11:00:00,60.4644836776,87.7389938709
 01/16  12:00:00,58.11724104,80.33248421479999
 01/16  13:00:00,57.8286760361,79.3361025474
 01/16  14:00:00,57.3521548842,82.6122895956
 01/16  15:00:00,56.8372887056,76.3167340946
 01/16  16:00:00,56.089154963,77.5628069216
 01/16  17:00:00,59.4255565826,61.5858847075
 01/16  18:00:00,70.0526486204,46.04455680069999
 01/16  19:00:00,87.0979649383,51.518446928900005
 01/16  20:00:00,87.45914652180001,61.97015147689999
 01/16  21:00:00,93.1421809108,66.57908348630001
 01/16  22:00:00,91.44271048709999,69.6841463404
 01/16  23:00:00,72.2324472199,80.8288634569
 01/16  24:00:00,54.9884287684,72.77328333210001
 01/17  01:00:00,50.5697601698,74.0962835957
 01/17  02:00:00,51.7775997494,76.5264964756
 01/17  03:00:00,52.1363381745,78.31144808239999
 01/17  04:00:00,54.0403895992,79.81211287
 01/17  05:00:00,57.601841538,81.7059798293
 01/17  06:00:00,65.7827189786,81.2968166891
 01/17  07:00:00,89.9062314255,91.6924818476
 01/17  08:00:00,105.50693949,95.17416153469999
 01/17  09:00:00,91.4520635315,89.9924607627
 01/17  10:00:00,86.4523194143,103.769623592
 01/17  11:00:00,69.1562563392,100.21043525200001
 01/17  12:00:00,67.20069461920001,91.077996384
 01/17  13:00:00,64.9636224007,86.8605185876
 01/17  14:00:00,63.59293600229999,90.81597892399999
 01/17  15:00:00,62.57379576979999,84.42945900069999
 01/17  16:00:00,61.5322435366,85.5359421748
 01/17  17:00:00,64.8120450896,68.2596077881
 01/17  18:00:00,78.9682199036,54.534993033999996
 01/17  19:00:00,88.8412487058,73.5265435857
 01/17  20:00:00,91.06952810620001,70.8138262282
 01/17  21:00:00,98.6142690245,75.1049138231
 01/17  22:00:00,93.4211124186,76.9397627376
 01/17  23:00:00,74.4432033211,85.8858073753
 01/17  24:00:00,60.057099722,77.1303931389
 01/18  01:00:00,57.821068075,78.49606720060001
 01/18  02:00:00,58.8990291959,75.1650735634
 01/18  03:00:00,58.555292459300006,81.27290233789999
 01/18  04:00:00,59.5050963976,81.38963523390001
 01/18  05:00:00,62.0879607463,82.1208260945
 01/18  06:00:00,70.306904784,88.5610341933
 01/18  07:00:00,93.8494629774,87.9011052487
 01/18  08:00:00,108.567179737,96.8443245141
 01/18  09:00:00,95.7161759944,98.6776241918
 01/18  10:00:00,89.365250429,103.43060512
 01/18  11:00:00,72.0521192211,94.12729696049999
 01/18  12:00:00,69.8837347485,97.9287076991
 01/18  13:00:00,66.847345913,87.7572256692
 01/18  14:00:00,64.4581855975,84.6156396783
 01/18  15:00:00,62.7476576481,83.23651922170001
 01/18  16:00:00,61.0792000178,83.0512660611
 01/18  17:00:00,63.8974675409,64.9512235683
 01/18  18:00:00,77.2565349302,55.088358778599996
 01/18  19:00:00,86.0414438394,58.813993949099995
 01/18  20:00:00,87.4715926064,58.9934761419
 01/18  21:00:00,94.4947730032,59.6690248037
 01/18  22:00:00,88.7325828104,65.5131877654
 01/18  23:00:00,67.3370505143,59.9089895829
 01/18  24:00:00,51.116173343,55.1050048399
 01/19  01:00:00,47.2695529636,54.8632730081
 01/19  02:00:00,46.808364418800004,56.2468784203
 01/19  03:00:00,45.5955949321,50.5833005696
 01/19  04:00:00,45.800415889899995,55.9733902704
 01/19  05:00:00,47.2506854608,54.91968625689999
 01/19  06:00:00,53.66095077520001,57.564662057
 01/19  07:00:00,77.27200891470001,58.476266565100005
 01/19  08:00:00,93.08741240049999,54.056403833900006
 01/19  09:00:00,77.1974723033,64.8888963581
 01/19  10:00:00,73.5769106708,74.3475969938
 01/19  11:00:00,58.2954587397,74.6171344415
 01/19  12:00:00,58.313340483000005,67.9479430483
 01/19  13:00:00,57.5138149932,65.4574086488
 01/19  14:00:00,57.2763046695,63.6015741595
 01/19  15:00:00,56.9768864655,63.2919574951
 01/19  16:00:00,55.8179223725,69.8091086597
 01/19  17:00:00,58.607777710200004,46.706700669300005
 01/19  18:00:00,71.22643404680001,30.7557068185
 01/19  19:00:00,80.4219358533,47.54163004390001
 01/19  20:00:00,82.320527884,37.228180956100005
 01/19  21:00:00,90.7152206448,44.5069954015
 01/19  22:00:00,85.3029962706,50.735733887100004
 01/19  23:00:00,61.487377691300004,47.0224833123
 01/19  24:00:00,44.2381938508,42.9194064578
 01/20  01:00:00,40.7384182719,43.8928183793
 01/20  02:00:00,40.060752785,44.7023841476
 01/20  03:00:00,39.2872701582,46.6355542987
 01/20  04:00:00,40.0743965029,47.9058679067
 01/20  05:00:00,42.1020990978,48.24846459649999
 01/20  06:00:00,49.8396869633,48.7215551562
 01/20  07:00:00,75.31271967859999,59.8617939313
 01/20  08:00:00,92.1194255089,63.1364434556
 01/20  09:00:00,76.4722525997,62.2130523852
 01/20  10:00:00,73.7765020302,85.80460330140001
 01/20  11:00:00,59.2393255525,75.8700669766
 01/20  12:00:00,59.3698743565,75.00684751029999
 01/20  13:00:00,58.5447481871,79.2182332487
 01/20  14:00:00,57.416453308,73.82022634180001
 01/20  15:00:00,58.10318321729999,73.65174715479999
 01/20  16:00:00,56.0560433713,73.1271748937
 01/20  17:00:00,59.0987285272,55.49599690229999
 01/20  18:00:00,72.5207895979,40.4287744485
 01/20  19:00:00,81.79560991,57.3389435492
 01/20  20:00:00,83.66000185979999,52.9575364079
 01/20  21:00:00,91.7107237324,55.002951231800004
 01/20  22:00:00,86.2088528808,61.90586576810001
 01/20  23:00:00,64.105318217,57.9690010722
 01/20  24:00:00,48.1431657645,53.93221925
 01/21  01:00:00,46.2595816556,56.3740937108
 01/21  02:00:00,47.439421340900005,58.0620173338
 01/21  03:00:00,44.2336067388,53.0276343594
 01/21  04:00:00,45.6835000689,60.7678977128
 01/21  05:00:00,49.2449911792,64.8139900323
 01/21  06:00:00,54.902442462799996,66.3979098323
 01/21  07:00:00,73.896004554,72.2440204034
 01/21  08:00:00,87.46079120290001,77.5765687792
 01/21  09:00:00,100.350931345,93.4328601548
 01/21  10:00:00,87.6592721004,96.94198236049999
 01/21  11:00:00,65.85782449130001,94.9278745209
 01/21  12:00:00,62.4473150554,92.5297688202
 01/21  13:00:00,60.9093223146,84.1095696685
 01/21  14:00:00,59.7422213587,80.49969392770001
 01/21  15:00:00,58.9370162075,85.31052570989999
 01/21  16:00:00,58.0824730475,81.7848410579
 01/21  17:00:00,61.557690186,63.9337346167
 01/21  18:00:00,72.7620584548,50.099861975699994
 01/21  19:00:00,88.77646547360001,54.8043575821
 01/21  20:00:00,88.07189963540002,59.3910374339
 01/21  21:00:00,93.0675098455,60.1686671613
 01/21  22:00:00,91.06131408190001,61.023949950500004
 01/21  23:00:00,70.8164306768,67.1526086888
 01/21  24:00:00,51.7476517006,56.4047417399
 01/22  01:00:00,46.8616975114,56.11942382270001
 01/22  02:00:00,47.55101884850001,56.1335990217
 01/22  03:00:00,44.1470534914,56.8038149718
 01/22  04:00:00,44.4497172861,55.9811561666
 01/22  05:00:00,46.187120909099995,55.5148048649
 01/22  06:00:00,50.5545009615,54.7505186925
 01/22  07:00:00,68.6993307452,53.648377394300006
 01/22  08:00:00,82.1677151487,63.377753854
 01/22  09:00:00,95.6160121455,79.5654043156
 01/22  10:00:00,83.0296166624,90.1394961183
 01/22  11:00:00,61.974106498599994,84.3237005415
 01/22  12:00:00,60.7524668715,79.5616673366
 01/22  13:00:00,61.2877309845,87.4657971119
 01/22  14:00:00,61.0552677056,80.0807256407
 01/22  15:00:00,61.383201125,81.1120572375
 01/22  16:00:00,60.6292485124,83.334599278
 01/22  17:00:00,64.4168000221,66.18976631470001
 01/22  18:00:00,74.7143213486,49.544774226099996
 01/22  19:00:00,90.01440218329999,59.1209060658
 01/22  20:00:00,89.15494502530001,61.2499262101
 01/22  21:00:00,94.0640937869,64.7204790305
 01/22  22:00:00,92.0052958047,66.2866022868
 01/22  23:00:00,73.98647903310001,69.3159389886
 01/22  24:00:00,56.5348165995,73.2160085835
 01/23  01:00:00,51.8277308804,69.5083357092
 01/23  02:00:00,52.736729815,71.8699776478
 01/23  03:00:00,53.8794048329,70.4269588053
 01/23  04:00:00,55.8273369797,78.6964340736
 01/23  05:00:00,59.774071928199994,82.2496139847
 01/23  06:00:00,69.62397059050001,91.9777307641
 01/23  07:00:00,94.06279629219999,98.34300193950001
 01/23  08:00:00,108.58625521399999,95.29816148350001
 01/23  09:00:00,96.0374482687,102.722295675
 01/23  10:00:00,90.6267099709,109.947121419
 01/23  11:00:00,73.6197145631,106.815070785
 01/23  12:00:00,71.3320311271,98.2859627405
 01/23  13:00:00,67.7789787383,92.6890189377
 01/23  14:00:00,64.984405695,88.7710273422
 01/23  15:00:00,63.098632262200006,92.40965538209998
 01/23  16:00:00,62.4061679883,87.6734716197
 01/23  17:00:00,65.2078052628,70.9449192492
 01/23  18:00:00,78.8324681184,57.5353753618
 01/23  19:00:00,88.06718638,75.1805063434
 01/23  20:00:00,90.5309832053,73.0454062736
 01/23  21:00:00,97.3550762197,68.1944898086
 01/23  22:00:00,91.88675145559999,79.1560014098
 01/23  23:00:00,72.7916277623,75.1294577467
 01/23  24:00:00,58.3880008437,77.061654709
 01/24  01:00:00,56.01702968520001,72.5782108126
 01/24  02:00:00,56.4564534493,68.295838284
 01/24  03:00:00,55.893559471,74.3894374625
 01/24  04:00:00,56.150156358800004,73.3427116736
 01/24  05:00:00,57.7692138875,72.21268237529999
 01/24  06:00:00,65.0487593859,71.3580850492
 01/24  07:00:00,88.0112969653,80.98751954869999
 01/24  08:00:00,102.16954343200001,82.7555922542
 01/24  09:00:00,87.37600872120001,83.1970197152
 01/24  10:00:00,82.4445188647,90.5900473238
 01/24  11:00:00,66.0014646738,81.5466223733
 01/24  12:00:00,64.1126783153,83.39721194170001
 01/24  13:00:00,62.4464937565,72.514124903
 01/24  14:00:00,59.5498044359,67.4202339353
 01/24  15:00:00,58.794484384099995,66.4830202809
 01/24  16:00:00,56.6881507099,66.566013602
 01/24  17:00:00,59.285036525900004,48.5861329971
 01/24  18:00:00,71.8226560749,38.0504427968
 01/24  19:00:00,80.97808825189999,43.6530451891
 01/24  20:00:00,82.8612361002,44.9070190753
 01/24  21:00:00,90.8890178008,47.6809128908
 01/24  22:00:00,85.8261105042,58.3069963444
 01/24  23:00:00,64.225283834,57.3476213901
 01/24  24:00:00,49.4790882808,57.031242406400004
 01/25  01:00:00,46.66261303,58.655817835600004
 01/25  02:00:00,46.9251087842,60.2157279855
 01/25  03:00:00,45.900100608100004,59.018858861700004
 01/25  04:00:00,45.9337184829,56.5888506712
 01/25  05:00:00,47.17949608560001,47.748476680799996
 01/25  06:00:00,54.0383953328,56.7689195926
 01/25  07:00:00,78.5297078063,61.238250998599995
 01/25  08:00:00,94.1994497759,64.2949035056
 01/25  09:00:00,78.3566813509,60.640871559
 01/25  10:00:00,74.2471569028,81.1869570941
 01/25  11:00:00,57.2624896094,66.9695974199
 01/25  12:00:00,56.16957289,63.9986781045
 01/25  13:00:00,54.0671755051,65.3801493462
 01/25  14:00:00,53.5927218825,55.4781638142
 01/25  15:00:00,53.1010171893,54.1766007579
 01/25  16:00:00,52.255257738400005,55.1976702525
 01/25  17:00:00,55.3084291854,37.707126821399996
 01/25  18:00:00,67.1426897898,27.5601037588
 01/25  19:00:00,79.6048810271,31.1055752692
 01/25  20:00:00,82.26437895560001,30.1320545381
 01/25  21:00:00,91.2105510301,30.0159852396
 01/25  22:00:00,86.0696665894,35.6835831117
 01/25  23:00:00,60.965481618199995,30.867379863000004
 01/25  24:00:00,40.731292752399995,26.1082407545
 01/26  01:00:00,35.668929204499996,27.7341556749
 01/26  02:00:00,34.4543895498,29.9840451504
 01/26  03:00:00,32.939698411900004,31.045604543400003
 01/26  04:00:00,33.3927731423,27.9576821014
 01/26  05:00:00,35.507537883400005,36.8895599138
 01/26  06:00:00,43.1492220537,42.6702459041
 01/26  07:00:00,72.1881929645,47.359669931800006
 01/26  08:00:00,91.678135464,45.369618189700006
 01/26  09:00:00,72.1634587003,57.458497522200005
 01/26  10:00:00,69.4492843204,69.0395675237
 01/26  11:00:00,52.67131992270001,69.5563716356
 01/26  12:00:00,53.450809813999996,65.0509177209
 01/26  13:00:00,53.69969799020001,65.06409461140001
 01/26  14:00:00,54.034148179300004,69.80340690989999
 01/26  15:00:00,54.374839447,64.8622709638
 01/26  16:00:00,53.8812909951,65.5398220732
 01/26  17:00:00,57.2172750418,48.018718383199996
 01/26  18:00:00,68.5987075708,32.929042244899996
 01/26  19:00:00,80.3942446069,50.571817185200004
 01/26  20:00:00,82.5460787639,46.0611516042
 01/26  21:00:00,91.34095989,48.769037105
 01/26  22:00:00,86.04449214690001,56.964537165799996
 01/26  23:00:00,62.106630459099996,54.143940235600006
 01/26  24:00:00,45.94956964520001,52.1725575367
 01/27  01:00:00,43.532393344,56.821310158100005
 01/27  02:00:00,43.617720479300004,59.322481322799995
 01/27  03:00:00,43.72511176729999,56.944157511899995
 01/27  04:00:00,45.809311048299996,66.265863164
 01/27  05:00:00,49.2763653301,68.9907307621
 01/27  06:00:00,58.075602894700005,76.3696226138
 01/27  07:00:00,83.239522592,81.9050068717
 01/27  08:00:00,99.5440411291,80.80003724470001
 01/27  09:00:00,85.97318726370001,90.15394109190001
 01/27  10:00:00,81.8603599619,99.1178829434
 01/27  11:00:00,65.2974463263,96.0267018232
 01/27  12:00:00,63.949892103,87.2707699176
 01/27  13:00:00,62.001563792,83.205968455
 01/27  14:00:00,60.2947736977,80.1502762867
 01/27  15:00:00,60.1393993366,85.871325751
 01/27  16:00:00,58.978731836099996,80.7351383838
 01/27  17:00:00,61.996186002799995,63.414831792
 01/27  18:00:00,74.0876394241,49.5568054042
 01/27  19:00:00,85.7546874355,68.1212658141
 01/27  20:00:00,87.56023625430001,64.138631153
 01/27  21:00:00,95.2471101724,67.91246654
 01/27  22:00:00,90.4330751924,71.2271198911
 01/27  23:00:00,71.64631420090001,82.3288914783
 01/27  24:00:00,57.3989194166,74.4007069017
 01/28  01:00:00,56.200410233599996,75.8078732987
 01/28  02:00:00,57.9080409057,71.1152052126
 01/28  03:00:00,55.48455317810001,77.6961057189
 01/28  04:00:00,57.040330315,78.6248243218
 01/28  05:00:00,59.698743493100004,79.3053639392
 01/28  06:00:00,64.72713424199999,78.7943524826
 01/28  07:00:00,82.9300851811,83.3875252613
 01/28  08:00:00,93.3249309243,87.2533340228
 01/28  09:00:00,105.38763041700001,93.89161131430001
 01/28  10:00:00,90.9612133807,100.49119024
 01/28  11:00:00,67.722559297,91.76800313790001
 01/28  12:00:00,62.5863859971,85.3767006113
 01/28  13:00:00,60.2480440909,75.6589474136
 01/28  14:00:00,58.8669232767,72.67999814390001
 01/28  15:00:00,57.2160746081,76.8348138687
 01/28  16:00:00,56.5636300862,72.0226753787
 01/28  17:00:00,59.7227485405,54.1438828904
 01/28  18:00:00,67.9150120132,38.209785964
 01/28  19:00:00,86.1889846194,42.853717583699996
 01/28  20:00:00,85.99292751440001,49.217715793500005
 01/28  21:00:00,91.2401185461,51.491657098999994
 01/28  22:00:00,89.1224729525,51.4667590771
 01/28  23:00:00,68.3198576389,57.720599156999995
 01/28  24:00:00,48.1133622975,52.1558086717
 01/29  01:00:00,43.399272564099995,46.6338334636
 01/29  02:00:00,43.940672639300004,40.3120141995
 01/29  03:00:00,40.115854217,45.780021108199996
 01/29  04:00:00,40.620171888899996,46.1967049512
 01/29  05:00:00,42.5001800994,46.4762595538
 01/29  06:00:00,46.8111659492,45.776415415900004
 01/29  07:00:00,64.8059196932,49.046835299499996
 01/29  08:00:00,76.4173167573,51.9534121965
 01/29  09:00:00,93.3979652519,63.7556563879
 01/29  10:00:00,80.2634275416,81.9785873134
 01/29  11:00:00,59.4429690656,76.9381776123
 01/29  12:00:00,57.285843866899995,76.485897811
 01/29  13:00:00,57.0226129138,69.8508416201
 01/29  14:00:00,56.1794876874,65.6280710422
 01/29  15:00:00,55.6885237541,70.4373500169
 01/29  16:00:00,55.1731015446,65.7615716585
 01/29  17:00:00,58.2528563909,47.7281519537
 01/29  18:00:00,65.766524903,31.2162398757
 01/29  19:00:00,84.3068882201,35.4497936477
 01/29  20:00:00,84.8341264374,41.5995251743
 01/29  21:00:00,90.9115480115,42.534240195
 01/29  22:00:00,88.624325647,43.997778618199995
 01/29  23:00:00,66.3217829609,51.499435346999995
 01/29  24:00:00,44.3633575433,46.6253824547
 01/30  01:00:00,38.6018247163,41.039745685599996
 01/30  02:00:00,38.4849137374,37.8459997025
 01/30  03:00:00,37.6156409797,44.990484503999994
 01/30  04:00:00,38.1427233384,45.4551092406
 01/30  05:00:00,40.1770919689,45.799926120900004
 01/30  06:00:00,47.6177341091,44.9176542859
 01/30  07:00:00,74.7581735104,59.8302896754
 01/30  08:00:00,90.3490565863,66.7144583889
 01/30  09:00:00,76.1964573277,72.65740694
 01/30  10:00:00,73.1468070889,82.884404335
 01/30  11:00:00,57.2937463133,80.59135013640001
 01/30  12:00:00,57.226949939499995,72.7695827151
 01/30  13:00:00,56.3954612234,70.4210435172
 01/30  14:00:00,55.7628455914,68.0084187655
 01/30  15:00:00,54.850904863000004,66.8480795023
 01/30  16:00:00,53.78703823399999,73.4210106483
 01/30  17:00:00,57.145918989399995,50.88078912180001
 01/30  18:00:00,68.6752368083,36.3629252952
 01/30  19:00:00,80.4863034329,55.445928925
 01/30  20:00:00,82.7549423819,49.1397114074
 01/30  21:00:00,91.3788785048,52.5408696641
 01/30  22:00:00,86.4348304238,67.7509448423
 01/30  23:00:00,65.0474946897,64.81129759310001
 01/30  24:00:00,50.6971921672,69.8655367377
 01/31  01:00:00,47.2263630014,62.4887864078
 01/31  02:00:00,47.3028115442,57.164582770900005
 01/31  03:00:00,48.0079098612,66.6662204747
 01/31  04:00:00,50.380537548599996,70.86561773220001
 01/31  05:00:00,53.6935344154,73.0599215713
 01/31  06:00:00,60.6335614438,69.6873076537
 01/31  07:00:00,84.2024846218,77.158981895
 01/31  08:00:00,97.5356303983,79.5537392408
 01/31  09:00:00,85.3183868136,84.0044014385
 01/31  10:00:00,81.4382140005,94.0214373551
 01/31  11:00:00,66.4824547304,93.217047168
 01/31  12:00:00,65.4260436945,84.4561967308
 01/31  13:00:00,62.7520362213,79.5093706321
 01/31  14:00:00,60.3516857203,75.8645727352
 01/31  15:00:00,59.244306143500005,74.70943533
 01/31  16:00:00,58.1090102384,81.7786812726
 01/31  17:00:00,60.566828959,57.9872365094
 01/31  18:00:00,71.1229331235,41.468202553000005
 01/31  19:00:00,82.3606958874,59.180747656899996
 01/31  20:00:00,84.63917434439999,56.9940394813
 01/31  21:00:00,92.2211172417,54.3745082013
 01/31  22:00:00,86.6650777154,64.8166444327
 01/31  23:00:00,65.0218655946,57.52143576979999
 01/31  24:00:00,48.4864129928,56.1380352028
 02/01  01:00:00,44.3199517475,48.26592178
 02/01  02:00:00,42.8916729252,40.0950303168
 02/01  03:00:00,40.8740419539,43.30917876229999
 02/01  04:00:00,40.3137777679,40.707426175100004
 02/01  05:00:00,41.7113949942,40.4351241692
 02/01  06:00:00,48.576577710500004,39.5295588977
 02/01  07:00:00,73.5744275572,49.5368469454
 02/01  08:00:00,89.308390392,52.728805496999996
 02/01  09:00:00,73.6902726684,58.7883208335
 02/01  10:00:00,71.0998039625,69.2152735593
 02/01  11:00:00,55.1580730771,68.3569875225
 02/01  12:00:00,55.040187090699995,61.9340404186
 02/01  13:00:00,54.4585435584,60.483883691
 02/01  14:00:00,53.9456281081,59.3096970527
 02/01  15:00:00,53.524799761400004,58.256393887200005
 02/01  16:00:00,52.53665497229999,64.5383214408
 02/01  17:00:00,55.6143281764,40.8598981773
 02/01  18:00:00,66.70713247270001,24.0908996746
 02/01  19:00:00,79.0896853303,42.1224954307
 02/01  20:00:00,81.6671121749,39.544203956
 02/01  21:00:00,90.7245154958,35.3237209552
 02/01  22:00:00,85.5483176909,46.4975798147
 02/01  23:00:00,60.728710129,41.387339109
 02/01  24:00:00,41.369815127399995,42.405087097
 02/02  01:00:00,38.025800869499996,37.7162741101
 02/02  02:00:00,37.643339844,32.6235295623
 02/02  03:00:00,36.6314008355,38.9788697823
 02/02  04:00:00,37.1921363806,39.6052764214
 02/02  05:00:00,39.2441790388,40.3009155213
 02/02  06:00:00,46.4916336467,44.4164740729
 02/02  07:00:00,72.4328775251,42.5519620214
 02/02  08:00:00,89.80111655200001,51.9455753229
 02/02  09:00:00,72.6578159673,56.978182098199994
 02/02  10:00:00,70.0343487057,66.84171998069999
 02/02  11:00:00,53.623760562600005,64.9185114969
 02/02  12:00:00,52.8010309109,55.87981904189999
 02/02  13:00:00,51.976215816599996,53.1606958812
 02/02  14:00:00,51.63520904520001,51.5222449382
 02/02  15:00:00,51.0937129192,55.24215569810001
 02/02  16:00:00,50.602930475,51.8948183747
 02/02  17:00:00,54.136336524799994,36.9821724769
 02/02  18:00:00,66.6251955624,21.2727817142
 02/02  19:00:00,79.3301323829,37.564185745100005
 02/02  20:00:00,82.1818357484,34.368728829
 02/02  21:00:00,91.30337954790001,37.9182130526
 02/02  22:00:00,85.9289286935,39.182312806999995
 02/02  23:00:00,60.822229891300005,46.274991774200004
 02/02  24:00:00,40.8047743734,35.9789770694
 02/03  01:00:00,36.2080929666,37.3609337172
 02/03  02:00:00,35.8149273858,32.5710956775
 02/03  03:00:00,35.0377260476,39.1550255226
 02/03  04:00:00,35.781275849800004,40.2634629382
 02/03  05:00:00,37.9348344329,41.214087573899995
 02/03  06:00:00,45.337284576,45.667932282200006
 02/03  07:00:00,72.1003991868,44.5704368232
 02/03  08:00:00,90.0263463372,53.6415287126
 02/03  09:00:00,72.1376119787,59.473697257
 02/03  10:00:00,69.7548088011,70.6505955656
 02/03  11:00:00,54.0516456425,70.2302789099
 02/03  12:00:00,54.2601476498,64.1668935134
 02/03  13:00:00,54.088323260500005,63.277302738900005
 02/03  14:00:00,54.193162827600005,62.3785671708
 02/03  15:00:00,53.880153846300004,67.0499165761
 02/03  16:00:00,53.2685733254,61.749148490299994
 02/03  17:00:00,56.602455273500006,43.9653997906
 02/03  18:00:00,67.4773282936,27.5183836283
 02/03  19:00:00,79.5116538798,43.4754773404
 02/03  20:00:00,82.2563325001,38.3508407274
 02/03  21:00:00,91.27453373819999,39.9021059302
 02/03  22:00:00,85.9103974789,45.9214514399
 02/03  23:00:00,61.0805485996,41.0547739141
 02/03  24:00:00,41.364751171500004,35.760161491999995
 02/04  01:00:00,38.882937475300004,36.34859733
 02/04  02:00:00,39.5076013183,36.4489962328
 02/04  03:00:00,35.5933572797,30.493099233600002
 02/04  04:00:00,35.8899051179,36.3293649586
 02/04  05:00:00,37.6248135194,36.3796958634
 02/04  06:00:00,41.6685991537,34.4274746112
 02/04  07:00:00,60.1562637552,37.4499948646
 02/04  08:00:00,73.3192373966,39.856632643299996
 02/04  09:00:00,94.0778328176,57.87057889
 02/04  10:00:00,79.5635852438,61.232372283100005
 02/04  11:00:00,54.5668600316,66.0549732585
 02/04  12:00:00,52.0346041159,52.9632322832
 02/04  13:00:00,52.0343061996,52.738376725
 02/04  14:00:00,52.037102714,55.7086815625
 02/04  15:00:00,52.0437492081,48.7639025815
 02/04  16:00:00,51.6581903195,53.261446154
 02/04  17:00:00,55.1814941095,38.7989303573
 02/04  18:00:00,64.11605393939999,23.696377408000004
 02/04  19:00:00,84.77783803,33.7406079593
 02/04  20:00:00,85.5813887964,35.168797758800004
 02/04  21:00:00,91.6874158073,37.054632284
 02/04  22:00:00,89.5219870816,37.612235566399995
 02/04  23:00:00,66.5549548575,39.0039719155
 02/04  24:00:00,43.0944096537,40.4252730859
 02/05  01:00:00,37.0709567426,36.2022818612
 02/05  02:00:00,37.1715734271,37.2736982667
 02/05  03:00:00,33.096763177,32.4413225875
 02/05  04:00:00,34.1274927154,39.6060657818
 02/05  05:00:00,36.4801798421,40.8837548719
 02/05  06:00:00,41.042098551,39.9706873756
 02/05  07:00:00,60.1728549939,45.5892359944
 02/05  08:00:00,73.9189633713,50.2726019394
 02/05  09:00:00,94.0620454214,68.36494014680001
 02/05  10:00:00,79.4933597863,79.6410847249
 02/05  11:00:00,55.6059760712,74.8740864456
 02/05  12:00:00,54.2134261243,69.2399848181
 02/05  13:00:00,54.247544867399995,74.5018882516
 02/05  14:00:00,54.2938905665,66.7831534461
 02/05  15:00:00,54.153756944799994,66.1787760774
 02/05  16:00:00,53.7530383684,66.7025527812
 02/05  17:00:00,57.6874155355,50.014073105200005
 02/05  18:00:00,65.6561521642,38.9453702271
 02/05  19:00:00,84.7019231679,36.8378554774
 02/05  20:00:00,85.5460749204,43.049658454399996
 02/05  21:00:00,91.5567797272,45.2194709288
 02/05  22:00:00,89.17692705440001,46.229038882
 02/05  23:00:00,66.7519872018,53.0317512693
 02/05  24:00:00,44.311857510500005,42.4107516501
 02/06  01:00:00,38.751834870799996,43.7705408921
 02/06  02:00:00,38.3663254708,44.9137848495
 02/06  03:00:00,37.282659010500005,45.44595344
 02/06  04:00:00,37.8100300658,40.319849169099996
 02/06  05:00:00,39.856648398400004,46.7568423342
 02/06  06:00:00,47.147409034700004,50.8961650712
 02/06  07:00:00,73.4287541568,55.4337362187
 02/06  08:00:00,90.47623518030001,58.4418876129
 02/06  09:00:00,74.0117393463,59.0191899537
 02/06  10:00:00,71.9772029719,82.8442474061
 02/06  11:00:00,56.4440681694,71.6450545067
 02/06  12:00:00,56.465323168699996,70.6278347402
 02/06  13:00:00,56.156349258999995,75.0353977881
 02/06  14:00:00,56.192144607299994,67.9814232498
 02/06  15:00:00,55.981857475,67.7088823765
 02/06  16:00:00,55.4056145449,68.8226925534
 02/06  17:00:00,58.68194020479999,51.0254294746
 02/06  18:00:00,67.5738258403,39.9406765173
 02/06  19:00:00,80.4501156666,44.095378106300004
 02/06  20:00:00,82.3659605704,45.7716736986
 02/06  21:00:00,91.44330874319999,47.999421553400005
 02/06  22:00:00,86.1283821769,53.1032274003
 02/06  23:00:00,61.335411982,47.5375077692
 02/06  24:00:00,44.176294719,42.7725334892
 02/07  01:00:00,40.624545326399996,44.2386014882
 02/07  02:00:00,39.8565297587,45.3249057917
 02/07  03:00:00,38.6937632617,45.826255422399996
 02/07  04:00:00,39.2087710976,46.428792559799994
 02/07  05:00:00,41.2499095356,47.097837804399994
 02/07  06:00:00,48.4286579935,45.4287946338
 02/07  07:00:00,74.0012789579,55.1967695515
 02/07  08:00:00,89.97822225870001,58.432242717
 02/07  09:00:00,74.6949172062,64.0155602322
 02/07  10:00:00,72.4774449512,75.4384661617
 02/07  11:00:00,57.03156819310001,70.093731304
 02/07  12:00:00,57.32000121,76.1295867434
 02/07  13:00:00,56.9967597763,69.47615037439999
 02/07  14:00:00,56.570240450600004,67.11721004729999
 02/07  15:00:00,56.119662034899996,66.19508441079999
 02/07  16:00:00,55.3804110479,73.1437597908
 02/07  17:00:00,58.42075893,49.441645085
 02/07  18:00:00,67.34022813819999,33.6179727922
 02/07  19:00:00,80.2006614722,49.979215078900005
 02/07  20:00:00,82.0676275702,44.680780527799996
 02/07  21:00:00,91.0112714923,40.4238097421
 02/07  22:00:00,85.83747514310001,52.4491049857
 02/07  23:00:00,61.1783258336,47.699757409499995
 02/07  24:00:00,44.158711331499994,48.788210335500004
 02/08  01:00:00,40.688199181,44.5560046916
 02/08  02:00:00,40.052193917,39.9286528211
 02/08  03:00:00,38.9925440258,46.3313773176
 02/08  04:00:00,39.586384046199996,47.0251550399
 02/08  05:00:00,41.6765521842,47.7055520206
 02/08  06:00:00,48.8925458168,51.9884777067
 02/08  07:00:00,74.4072223534,51.1831246005
 02/08  08:00:00,89.67623393,60.79356556689999
 02/08  09:00:00,75.4202484261,66.123377022
 02/08  10:00:00,73.12579609999999,77.48230947260001
 02/08  11:00:00,57.5350807708,76.8864329989
 02/08  12:00:00,57.705540778199996,70.4701340346
 02/08  13:00:00,57.4931216,69.6841056815
 02/08  14:00:00,57.1563137967,67.3686056513
 02/08  15:00:00,56.7565222325,72.3115233943
 02/08  16:00:00,56.373511864300006,68.6414897193
 02/08  17:00:00,59.664624158100004,51.4772030065
 02/08  18:00:00,68.2930467099,34.5895340218
 02/08  19:00:00,81.4754981496,52.662586930399996
 02/08  20:00:00,83.2251694819,49.9295908675
 02/08  21:00:00,90.9509963292,52.1632382305
 02/08  22:00:00,85.8814582863,59.669027048800004
 02/08  23:00:00,63.860536555299994,55.878394968100004
 02/08  24:00:00,48.048105013599994,51.9009282212
 02/09  01:00:00,45.1084713462,53.7025845791
 02/09  02:00:00,45.029300946199996,54.822285540100005
 02/09  03:00:00,44.3027285074,49.6330449495
 02/09  04:00:00,45.09338132560001,56.0095252425
 02/09  05:00:00,47.3263634133,56.713459847399996
 02/09  06:00:00,54.4756248744,60.8478960527
 02/09  07:00:00,78.7141167939,63.518376537600005
 02/09  08:00:00,92.5397191128,60.11080548
 02/09  09:00:00,78.8921136755,69.5574378912
 02/09  10:00:00,75.9613534595,78.9497415212
 02/09  11:00:00,60.4038461859,78.7378446969
 02/09  12:00:00,59.965183723900005,71.74445673449999
 02/09  13:00:00,58.7083963847,69.0131006421
 02/09  14:00:00,58.2011568718,73.9773147125
 02/09  15:00:00,57.5952503694,68.3811259723
 02/09  16:00:00,56.2501450737,68.3156982734
 02/09  17:00:00,59.012883655100005,49.999658978999996
 02/09  18:00:00,67.6419735179,39.8414782607
 02/09  19:00:00,80.350303092,44.4817696454
 02/09  20:00:00,81.8070255512,44.946381225100005
 02/09  21:00:00,90.4645307772,46.3311743981
 02/09  22:00:00,85.3946282462,52.628467029
 02/09  23:00:00,61.1174869667,47.839644300799996
 02/09  24:00:00,44.5892429795,43.098147136499996
 02/10  01:00:00,41.1387025833,44.6474621937
 02/10  02:00:00,40.606643382,45.7354882717
 02/10  03:00:00,39.5886259033,46.23045967270001
 02/10  04:00:00,40.2002635475,41.081383986700004
 02/10  05:00:00,42.307391329,47.4917839229
 02/10  06:00:00,49.501010489799995,51.5772389368
 02/10  07:00:00,74.69274495970001,55.573864131899995
 02/10  08:00:00,89.5158356164,58.7945555597
 02/10  09:00:00,75.6824408024,58.4326668596
 02/10  10:00:00,73.2425811375,81.5749896463
 02/10  11:00:00,57.461858229499995,69.98627510850001
 02/10  12:00:00,56.8127701406,68.64097742279999
 02/10  13:00:00,55.2525924849,72.3882845384
 02/10  14:00:00,54.5813601912,63.4004952396
 02/10  15:00:00,54.0323683955,63.0612110268
 02/10  16:00:00,53.4207811925,65.8229447378
 02/10  17:00:00,56.6345602073,48.6760444127
 02/10  18:00:00,65.53274119609999,37.6269302321
 02/10  19:00:00,79.2463985885,42.884615124
 02/10  20:00:00,81.79390888,44.20339654399999
 02/10  21:00:00,90.7593098425,45.7839349079
 02/10  22:00:00,85.6013364666,52.1062675683
 02/10  23:00:00,61.0384899361,47.5324022078
 02/10  24:00:00,43.5689200632,42.9682367399
 02/11  01:00:00,41.5320278981,44.8125712837
 02/11  02:00:00,42.4383399429,46.2261571145
 02/11  03:00:00,38.9149292506,46.998442317700004
 02/11  04:00:00,39.719707815599996,47.992831055799996
 02/11  05:00:00,41.9577155489,48.869542155299996
 02/11  06:00:00,46.423897214300005,47.7617446462
 02/11  07:00:00,64.978044332,52.0300836775
 02/11  08:00:00,76.71096294520001,50.0128035554
 02/11  09:00:00,93.18850344309999,73.30685884
 02/11  10:00:00,81.0972839305,85.6707298588
 02/11  11:00:00,60.080763767200004,80.4495227792
 02/11  12:00:00,57.5513269201,78.6178578546
 02/11  13:00:00,57.2011992472,71.60609867069999
 02/11  14:00:00,56.933431703000004,68.5251638818
 02/11  15:00:00,56.554360570600004,73.8599163309
 02/11  16:00:00,56.048237048800004,69.1092331463
 02/11  17:00:00,59.6516172924,51.3313582771
 02/11  18:00:00,65.3353792805,33.7119930177
 02/11  19:00:00,84.7638526879,37.4370387583
 02/11  20:00:00,84.88332300020001,44.840029034
 02/11  21:00:00,90.99280243790001,46.504941683999995
 02/11  22:00:00,88.953636016,46.8394947292
 02/11  23:00:00,66.587530334,53.5368106612
 02/11  24:00:00,46.0514483662,48.375689530699994
 02/12  01:00:00,41.460399341700004,43.815733944099996
 02/12  02:00:00,42.1726391178,38.8776807842
 02/12  03:00:00,38.4073458274,44.8137823382
 02/12  04:00:00,38.9577723485,45.19114584850001
 02/12  05:00:00,40.9381101085,45.5274973379
 02/12  06:00:00,45.1429388306,43.8115772212
 02/12  07:00:00,63.49555751810001,47.794919976
 02/12  08:00:00,73.56447789319999,51.5163108641
 02/12  09:00:00,93.15937019229999,69.4590600274
 02/12  10:00:00,79.3552889213,75.42098892279999
 02/12  11:00:00,58.694667879799994,77.53474855350001
 02/12  12:00:00,56.62802436850001,77.8309141923
 02/12  13:00:00,56.7950184167,72.2952539291
 02/12  14:00:00,56.927475013999995,77.174660038
 02/12  15:00:00,56.622151153999994,70.5990014688
 02/12  16:00:00,55.9164869217,70.8430890324
 02/12  17:00:00,59.753116848199994,54.1409198312
 02/12  18:00:00,65.86373583539999,37.5777474895
 02/12  19:00:00,85.40237933590001,48.249248245299995
 02/12  20:00:00,85.17336729,50.4994838517
 02/12  21:00:00,91.3686883197,53.4073159046
 02/12  22:00:00,89.2168327252,51.25381867270001
 02/12  23:00:00,68.771264117,66.0832935955
 02/12  24:00:00,50.4004985727,61.9693934617
 02/13  01:00:00,45.1058880266,57.9793160661
 02/13  02:00:00,45.25760546,59.1368965274
 02/13  03:00:00,44.711151902299996,53.9849687334
 02/13  04:00:00,45.686839586000005,60.4021275816
 02/13  05:00:00,48.117879164499996,61.1819527692
 02/13  06:00:00,55.4318835491,65.4187497291
 02/13  07:00:00,79.93453823029999,69.4082174314
 02/13  08:00:00,91.9522395236,66.730083326
 02/13  09:00:00,80.5212248409,75.3897303242
 02/13  10:00:00,77.68658965569999,85.7817548675
 02/13  11:00:00,61.939751943900006,83.9426481121
 02/13  12:00:00,60.5863651691,74.2230113719
 02/13  13:00:00,59.9564603143,76.5540622029
 02/13  14:00:00,59.6346066996,72.196149527
 02/13  15:00:00,58.786437593500004,69.3500650391
 02/13  16:00:00,57.8620140808,69.7483671933
 02/13  17:00:00,60.927160905,51.936926248199995
 02/13  18:00:00,69.5968759671,41.9643854356
 02/13  19:00:00,82.254803706,46.8770278435
 02/13  20:00:00,83.3852580752,47.30169647899999
 02/13  21:00:00,90.79490156930001,49.9250774171
 02/13  22:00:00,85.6230910513,58.04923696310001
 02/13  23:00:00,63.432758058999994,53.737574422600005
 02/13  24:00:00,47.065676091899995,49.057980679399996
 02/14  01:00:00,43.6076958804,50.2732084428
 02/14  02:00:00,43.035741299499996,50.7663268239
 02/14  03:00:00,41.8934654861,50.7538240079
 02/14  04:00:00,42.3322228655,45.0407237536
 02/14  05:00:00,44.2169179476,50.8064095579
 02/14  06:00:00,51.146146129399995,54.413048938500005
 02/14  07:00:00,74.2777553336,50.3876060995
 02/14  08:00:00,87.44202899700001,56.6309813271
 02/14  09:00:00,76.4142029746,66.5753310067
 02/14  10:00:00,73.890114379,77.8328500188
 02/14  11:00:00,58.1972216999,71.2852279314
 02/14  12:00:00,57.4908887426,75.1138368868
 02/14  13:00:00,56.7030536563,66.7699762301
 02/14  14:00:00,55.4784650627,64.2283796292
 02/14  15:00:00,54.8370461326,63.8189393062
 02/14  16:00:00,53.374533506000006,66.0671768932
 02/14  17:00:00,56.3516101724,42.8694830255
 02/14  18:00:00,65.3356280482,35.1835888448
 02/14  19:00:00,79.1087103646,45.624393408
 02/14  20:00:00,81.59885407760001,34.6665682961
 02/14  21:00:00,90.6520107997,41.9863208337
 02/14  22:00:00,85.5092764461,48.2444362867
 02/14  23:00:00,60.7251251551,44.3339817491
 02/14  24:00:00,42.085742091,46.7180515163
 02/15  01:00:00,39.2513613136,43.812512162299996
 02/15  02:00:00,39.1797452476,40.8406849252
 02/15  03:00:00,38.6064085121,48.8009637787
 02/15  04:00:00,39.7440758559,51.060347216800004
 02/15  05:00:00,42.4545032241,53.3177697608
 02/15  06:00:00,50.3439841964,53.3931347926
 02/15  07:00:00,75.7624159821,63.8925765787
 02/15  08:00:00,88.71151115209999,67.7432370603
 02/15  09:00:00,77.22403971899999,72.2296128117
 02/15  10:00:00,75.026906888,83.32209011319999
 02/15  11:00:00,60.0957819553,83.9587863024
 02/15  12:00:00,60.2364892363,77.11867246199999
 02/15  13:00:00,60.2115314529,76.2951382711
 02/15  14:00:00,60.1423029738,75.0783514707
 02/15  15:00:00,59.8270213104,80.0456425433
 02/15  16:00:00,58.872902666899996,74.0718677878
 02/15  17:00:00,61.3764896675,55.2262136505
 02/15  18:00:00,69.89564043819999,38.4495642988
 02/15  19:00:00,82.9058584766,56.665130339300006
 02/15  20:00:00,84.2685443816,52.738549845600005
 02/15  21:00:00,91.45333918809999,56.6642041958
 02/15  22:00:00,86.38421770229999,60.2449243506
 02/15  23:00:00,66.2194125828,67.5855645579
 02/15  24:00:00,50.128459326400005,56.182990697700006
 02/16  01:00:00,47.010674148,56.433640371
 02/16  02:00:00,46.5236941776,55.9602343667
 02/16  03:00:00,45.323986616300004,49.2299661753
 02/16  04:00:00,45.549801315,53.9874892178
 02/16  05:00:00,47.0938903901,52.96557745770001
 02/16  06:00:00,53.537213964799996,55.4408841729
 02/16  07:00:00,77.731572012,58.7408795663
 02/16  08:00:00,89.4221394097,54.7470233816
 02/16  09:00:00,77.3846033817,64.192644056
 02/16  10:00:00,74.3196829738,73.6985506667
 02/16  11:00:00,58.2349582099,72.1373416947
 02/16  12:00:00,57.861807166300004,65.6398404788
 02/16  13:00:00,57.3260343062,66.6851044397
 02/16  14:00:00,57.2446701019,72.5691086577
 02/16  15:00:00,56.9617609986,66.5518013591
 02/16  16:00:00,56.51361919479999,68.7400510991
 02/16  17:00:00,59.8850431045,51.7736933208
 02/16  18:00:00,68.80543638569999,36.0066279082
 02/16  19:00:00,81.9559422808,53.603992340299996
 02/16  20:00:00,83.9116895616,51.357600596400005
 02/16  21:00:00,91.1063663454,55.4957902896
 02/16  22:00:00,85.9586774923,65.28921388239999
 02/16  23:00:00,66.2085636299,63.1188458852
 02/16  24:00:00,50.6810842787,59.6572576719
 02/17  01:00:00,48.2085852332,62.1871216592
 02/17  02:00:00,48.522120567600005,63.942901981300004
 02/17  03:00:00,48.237300598400005,65.1743605406
 02/17  04:00:00,49.543214385,60.709202551000004
 02/17  05:00:00,52.3235648085,67.7274416529
 02/17  06:00:00,59.9301737153,72.532877782
 02/17  07:00:00,83.350405954,74.101371389
 02/17  08:00:00,94.1217045795,74.2496926374
 02/17  09:00:00,82.7964735075,69.0056631354
 02/17  10:00:00,78.921345754,85.3515661738
 02/17  11:00:00,61.0241651635,75.4421159835
 02/17  12:00:00,58.5667838754,68.8812164812
 02/17  13:00:00,55.6286721047,68.5695800763
 02/17  14:00:00,53.756730151199996,57.44553365229999
 02/17  15:00:00,52.5741534382,54.9291934128
 02/17  16:00:00,51.5626571528,54.9997172469
 02/17  17:00:00,54.703452069799994,36.576818610100005
 02/17  18:00:00,64.69782611800001,25.507333123200002
 02/17  19:00:00,79.0441225191,30.667251938299998
 02/17  20:00:00,81.6851156215,32.1277799452
 02/17  21:00:00,90.7187949164,33.7773339317
 02/17  22:00:00,85.53056347020001,40.0564020213
 02/17  23:00:00,60.4510510338,34.9612332473
 02/17  24:00:00,40.5822348623,29.692128090100002
 02/18  01:00:00,36.9225550354,30.2700350298
 02/18  02:00:00,37.2093971916,30.1724513649
 02/18  03:00:00,32.9594981995,30.1207592022
 02/18  04:00:00,33.176173561,29.9856016241
 02/18  05:00:00,35.0423847652,29.929479380300002
 02/18  06:00:00,39.2460477877,28.2322297135
 02/18  07:00:00,58.52722301,29.2153450944
 02/18  08:00:00,71.18701585470001,37.6050218051
 02/18  09:00:00,93.732401523,56.441863797399996
 02/18  10:00:00,79.2956099838,65.07306873489999
 02/18  11:00:00,54.5064899588,55.9038569626
 02/18  12:00:00,52.020991259300004,53.451952887
 02/18  13:00:00,52.3081834916,45.374479994
 02/18  14:00:00,52.5213904076,42.1247465502
 02/18  15:00:00,52.726985435500005,45.776941021000006
 02/18  16:00:00,52.749191753299996,43.8025137916
 02/18  17:00:00,56.5582548342,24.5728930906
 02/18  18:00:00,64.1665189826,7.2360415648
 02/18  19:00:00,86.5118594112,10.4100318808
 02/18  20:00:00,87.4612332071,18.0010677731
 02/18  21:00:00,94.1215654002,19.2940741277
 02/18  22:00:00,92.2525147449,19.5079709808
 02/18  23:00:00,68.5483084736,25.9357671938
 02/18  24:00:00,44.285648028500006,21.1901298275
 02/19  01:00:00,37.6529635318,16.3411441224
 02/19  02:00:00,37.426240953400004,11.2943093153
 02/19  03:00:00,32.524499059,17.4852257227
 02/19  04:00:00,32.4050463305,18.0742707794
 02/19  05:00:00,33.930667857399996,18.811670291
 02/19  06:00:00,38.063313905,18.0062815733
 02/19  07:00:00,58.626220313800005,23.946880204699998
 02/19  08:00:00,72.8359279118,28.4533926675
 02/19  09:00:00,96.37258351950001,42.470356130300004
 02/19  10:00:00,81.361082346,59.892268886800004
 02/19  11:00:00,55.9525570805,54.1089753739
 02/19  12:00:00,53.164592691,55.621606192200005
 02/19  13:00:00,52.9219365217,52.195286666099996
 02/19  14:00:00,52.678738404200004,57.218631889899996
 02/19  15:00:00,52.6089050777,52.56234347270001
 02/19  16:00:00,52.2290749805,55.182358585500005
 02/19  17:00:00,55.7266379107,38.9598778073
 02/19  18:00:00,63.230071781999996,21.726614348400002
 02/19  19:00:00,83.8741437103,31.310454140300003
 02/19  20:00:00,86.7212748696,33.8885823017
 02/19  21:00:00,93.0518394983,31.112669820300002
 02/19  22:00:00,90.5684328985,39.1636004084
 02/19  23:00:00,67.3779277171,47.0881247768
 02/19  24:00:00,43.534824831499996,42.6167109684
 02/20  01:00:00,37.0973253884,38.3131655634
 02/20  02:00:00,37.1395645945,39.7299275223
 02/20  03:00:00,32.5433348142,35.458591611799996
 02/20  04:00:00,32.6312561807,42.7489878392
 02/20  05:00:00,34.5774948796,44.2018254598
 02/20  06:00:00,39.5146882644,43.4325224855
 02/20  07:00:00,59.2574044465,49.148992119700004
 02/20  08:00:00,72.5766428972,51.211273525100005
 02/20  09:00:00,94.39091371139999,67.5411323562
 02/20  10:00:00,79.9789949277,71.8017112928
 02/20  11:00:00,55.109074183999994,72.9140766148
 02/20  12:00:00,52.6947244717,58.2407263981
 02/20  13:00:00,52.6046162131,63.4112510216
 02/20  14:00:00,52.5089680381,52.5526505101
 02/20  15:00:00,52.5038113396,50.9480996286
 02/20  16:00:00,52.5652059521,48.6850025568
 02/20  17:00:00,56.21129420729999,29.6675048506
 02/20  18:00:00,64.03308965229999,11.570309946300002
 02/20  19:00:00,84.84877589189999,18.9439850664
 02/20  20:00:00,87.97060128950001,18.842413293099998
 02/20  21:00:00,94.96638970209999,18.8222510583
 02/20  22:00:00,92.8536376256,19.306795889700002
 02/20  23:00:00,68.9598036718,19.7304987858
 02/20  24:00:00,44.84579116729999,19.708212279
 02/21  01:00:00,36.8711235193,13.7901705349
 02/21  02:00:00,34.968016601799995,13.3479842572
 02/21  03:00:00,32.9278366216,12.646779713699999
 02/21  04:00:00,32.8446430079,6.33889851384
 02/21  05:00:00,34.425270395300004,11.658843768399999
 02/21  06:00:00,42.3318535473,15.563080889
 02/21  07:00:00,74.6154360919,20.1894072043
 02/21  08:00:00,92.5667047023,24.7219455497
 02/21  09:00:00,76.0402170616,29.5740686049
 02/21  10:00:00,72.1793652346,47.4755830291
 02/21  11:00:00,53.186346496599995,48.5218698321
 02/21  12:00:00,52.9371068126,42.999943467600005
 02/21  13:00:00,52.909048863100004,49.4766256567
 02/21  14:00:00,53.4052004488,41.4678027672
 02/21  15:00:00,53.42146883270001,41.460927667
 02/21  16:00:00,53.178081408500006,42.4287650679
 02/21  17:00:00,57.2010096003,24.7698483097
 02/21  18:00:00,69.1011003841,12.9275961021
 02/21  19:00:00,82.1606545835,14.287924054400001
 02/21  20:00:00,87.51963636049999,14.9101920771
 02/21  21:00:00,97.37507662120001,16.1316388128
 02/21  22:00:00,92.2598370717,23.070986533600003
 02/21  23:00:00,65.5561610251,19.5528994368
 02/21  24:00:00,43.1707978076,17.3087078223
 02/22  01:00:00,36.9708578363,21.2022877488
 02/22  02:00:00,34.8970065085,24.8431649519
 02/22  03:00:00,32.6032241287,28.1823543327
 02/22  04:00:00,32.2950236346,32.0883644237
 02/22  05:00:00,33.6389606688,35.9901935145
 02/22  06:00:00,41.177964543200005,38.4408744069
 02/22  07:00:00,72.557247839,51.2438234246
 02/22  08:00:00,88.75469001219999,55.5934120362
 02/22  09:00:00,72.055127838,61.3488282828
 02/22  10:00:00,68.9499734881,72.0749089741
 02/22  11:00:00,50.9429257067,65.2806705387
 02/22  12:00:00,50.9987014813,70.8911917793
 02/22  13:00:00,50.864289107,62.1302242149
 02/22  14:00:00,51.356418571599995,59.661215286499996
 02/22  15:00:00,51.4524737371,57.606080426000005
 02/22  16:00:00,51.3295730904,58.173550168599995
 02/22  17:00:00,54.9457371337,39.5949160596
 02/22  18:00:00,66.2606728321,29.4616061314
 02/22  19:00:00,78.9552301826,41.8623433831
 02/22  20:00:00,83.6190796775,34.2588737417
 02/22  21:00:00,92.64870921469999,43.4475983647
 02/22  22:00:00,87.2519641178,50.6497670507
 02/22  23:00:00,61.8570914542,46.0213236305
 02/22  24:00:00,41.1137358331,47.0333450909
 02/23  01:00:00,36.0619200984,37.0274200769
 02/23  02:00:00,34.754419557,43.9726881824
 02/23  03:00:00,33.5493573767,44.4710320886
 02/23  04:00:00,34.085850037600004,45.1076181556
 02/23  05:00:00,36.5479977867,45.634155536499996
 02/23  06:00:00,44.255165212600005,43.8104697358
 02/23  07:00:00,73.0099819024,52.261513313900004
 02/23  08:00:00,87.0019821733,54.733688818599994
 02/23  09:00:00,72.5915400433,60.511958051899995
 02/23  10:00:00,69.7522585729,69.48668843850001
 02/23  11:00:00,52.0503976035,66.9257827611
 02/23  12:00:00,51.8948871739,61.232170801
 02/23  13:00:00,51.68682273140001,61.4750002843
 02/23  14:00:00,51.7108892317,59.82436989359999
 02/23  15:00:00,51.3507805337,58.002927264300006
 02/23  16:00:00,50.787835961499994,64.5634365002
 02/23  17:00:00,54.3868073338,40.8844262429
 02/23  18:00:00,65.5826926899,23.9576084119
 02/23  19:00:00,78.2300482033,42.1856325546
 02/23  20:00:00,82.8609447474,39.7763539059
 02/23  21:00:00,91.9387965474,36.3984454139
 02/23  22:00:00,86.6016701684,49.7268835644
 02/23  23:00:00,61.457456329399996,46.301895916599996
 02/23  24:00:00,41.379031134499996,48.402523834899995
 02/24  01:00:00,37.5255105807,45.3103869801
 02/24  02:00:00,37.796327644899996,41.9913192844
 02/24  03:00:00,37.415954573899995,49.500433560299996
 02/24  04:00:00,38.5946115569,51.329284332
 02/24  05:00:00,41.2686646583,53.2383168275
 02/24  06:00:00,49.1092525288,58.5627432029
 02/24  07:00:00,75.8572613802,58.5851599858
 02/24  08:00:00,87.71967641290001,67.1521191482
 02/24  09:00:00,76.1025663768,68.7131022435
 02/24  10:00:00,73.28115767060001,78.4593541746
 02/24  11:00:00,56.8432289004,77.4807744198
 02/24  12:00:00,55.525611391800005,68.229847527
 02/24  13:00:00,54.1108459759,64.8849128096
 02/24  14:00:00,53.6362452918,63.3922314989
 02/24  15:00:00,53.1353369924,69.9664117558
 02/24  16:00:00,52.2487161738,64.7953667832
 02/24  17:00:00,55.1757170093,45.3452580155
 02/24  18:00:00,65.420442431,29.6964994576
 02/24  19:00:00,78.0047972149,47.920921846000006
 02/24  20:00:00,82.6406357959,44.6911519695
 02/24  21:00:00,91.5570385651,48.153086549499996
 02/24  22:00:00,86.20489279590001,49.3897145055
 02/24  23:00:00,61.5393637329,57.0844679062
 02/24  24:00:00,43.788223384700004,48.181878232399995
 02/25  01:00:00,42.3666264998,51.448086617
 02/25  02:00:00,43.8059208747,53.984832033100005
 02/25  03:00:00,40.834554299000004,50.116548504899995
 02/25  04:00:00,42.2514987666,58.0606887211
 02/25  05:00:00,45.1667199477,60.0995870205
 02/25  06:00:00,50.363966778000005,60.1762041391
 02/25  07:00:00,69.3547866645,64.9734588148
 02/25  08:00:00,77.43464028529999,68.8404899238
 02/25  09:00:00,96.6433280805,82.22418804189999
 02/25  10:00:00,83.12513164399999,82.7480300783
 02/25  11:00:00,59.643580382299994,80.55053495920001
 02/25  12:00:00,55.909553133500005,73.50713203689999
 02/25  13:00:00,55.0403350104,64.71585393310001
 02/25  14:00:00,54.4407348796,67.27220971770001
 02/25  15:00:00,53.834914650900004,61.4010062207
 02/25  16:00:00,52.848765338599996,59.219021831800006
 02/25  17:00:00,55.8740400367,39.869710392100004
 02/25  18:00:00,62.910351058100005,22.788234286199998
 02/25  19:00:00,83.3105930191,32.097137544
 02/25  20:00:00,86.01565389790001,34.0371582051
 02/25  21:00:00,92.08338736389999,31.3820179384
 02/25  22:00:00,89.913717506,38.4525963282
 02/25  23:00:00,66.9266447428,45.2638679772
 02/25  24:00:00,43.3862754404,40.087250960300004
 02/26  01:00:00,37.2578113837,35.0356699042
 02/26  02:00:00,37.416150647100004,35.2437293645
 02/26  03:00:00,33.236081113000004,29.3684310571
 02/26  04:00:00,33.5091788814,35.2611874604
 02/26  05:00:00,35.2739482275,35.423123383000004
 02/26  06:00:00,39.448146666199996,33.5206278219
 02/26  07:00:00,59.15068982729999,37.8388343639
 02/26  08:00:00,70.3436905291,41.010845523899995
 02/26  09:00:00,94.5338613301,57.758116495100005
 02/26  10:00:00,79.9578173092,61.413069586899994
 02/26  11:00:00,54.811628560100004,69.84859835430001
 02/26  12:00:00,52.298914090699995,59.550592948900004
 02/26  13:00:00,52.2137040504,59.845947458599994
 02/26  14:00:00,52.109747204899996,63.4063002525
 02/26  15:00:00,52.0570443462,56.34683685979999
 02/26  16:00:00,51.7420460712,56.418075840600004
 02/26  17:00:00,55.350135038999994,37.8049547663
 02/26  18:00:00,62.735459606400006,19.5793257244
 02/26  19:00:00,83.4969808882,27.944960002
 02/26  20:00:00,86.3669320778,28.3147209598
 02/26  21:00:00,92.7765641312,28.233803044600002
 02/26  22:00:00,90.51114407979999,22.154511411999998
 02/26  23:00:00,67.4520583952,33.6133443223
 02/26  24:00:00,43.689311258000004,26.792649493600003
 02/27  01:00:00,35.9530196937,20.005612481900002
 02/27  02:00:00,34.2406364013,18.6779542067
 02/27  03:00:00,32.273009475900004,11.4036918085
 02/27  04:00:00,32.246789734000004,15.7434072787
 02/27  05:00:00,33.858804991999996,14.477632641600001
 02/27  06:00:00,41.7710940355,17.610771083099998
 02/27  07:00:00,73.5059692394,24.4769253489
 02/27  08:00:00,87.90352243379999,27.3872834921
 02/27  09:00:00,73.2898858571,44.8441110549
 02/27  10:00:00,69.6609069787,59.4385594213
 02/27  11:00:00,50.9973714452,61.7202487518
 02/27  12:00:00,50.727903969399996,57.0313916271
 02/27  13:00:00,50.582134583,56.383075269399995
 02/27  14:00:00,50.7347010672,61.5549252651
 02/27  15:00:00,50.7295049971,55.556886005100004
 02/27  16:00:00,50.510005038900005,56.752469043599994
 02/27  17:00:00,54.2849707615,39.1873195486
 02/27  18:00:00,65.58081946729999,22.257770337600004
 02/27  19:00:00,78.4182143263,37.3583616803
 02/27  20:00:00,83.2154228708,32.673788826300004
 02/27  21:00:00,92.40814994819999,34.3225769858
 02/27  22:00:00,87.1780063499,40.4274844517
 02/27  23:00:00,61.7586236803,35.974066801599996
 02/27  24:00:00,40.920904773800004,31.8545437406
 02/28  01:00:00,35.790680100799996,33.7982842314
 02/28  02:00:00,34.244305464499995,35.2147935431
 02/28  03:00:00,32.3709665054,30.5011205012
 02/28  04:00:00,32.494434910100004,37.6781566718
 02/28  05:00:00,34.7379883403,39.3941921043
 02/28  06:00:00,42.7768040836,44.2670374718
 02/28  07:00:00,72.6924595953,47.670159466499996
 02/28  08:00:00,86.6869686959,44.806984688
 02/28  09:00:00,72.52329229189999,55.8649915326
 02/28  10:00:00,69.4599204166,64.6381232967
 02/28  11:00:00,51.6145135622,61.840908231499995
 02/28  12:00:00,51.709186325299996,53.174434081499996
 02/28  13:00:00,51.985853096899994,48.9591232001
 02/28  14:00:00,52.2678701087,50.9126966065
 02/28  15:00:00,52.197995209,43.4441076422
 02/28  16:00:00,52.1184644909,43.7812583401
 02/28  17:00:00,55.945819059099996,26.331370996100002
 02/28  18:00:00,67.4775172513,8.60747509315
 02/28  19:00:00,80.1371592751,25.3875737273
 02/28  20:00:00,84.9804517761,21.6061220337
 02/28  21:00:00,94.8204349526,21.9033171577
 02/28  22:00:00,89.3566238542,30.1147948003
 02/28  23:00:00,62.6580029338,29.644273228499998
 02/28  24:00:00,41.356043671,29.734168986300002
 03/01  01:00:00,35.7533982035,35.0708549922
 03/01  02:00:00,33.7700127508,40.4101077132
 03/01  03:00:00,31.8513010362,41.3687214322
 03/01  04:00:00,32.361968848400004,54.1289280396
 03/01  05:00:00,35.198657626199996,57.2944690964
 03/01  06:00:00,43.9607227863,61.7664371291
 03/01  07:00:00,72.7932427633,66.9552314164
 03/01  08:00:00,86.7803405945,65.06604093050001
 03/01  09:00:00,73.2828454375,73.1558586105
 03/01  10:00:00,70.6593301787,80.7513966551
 03/01  11:00:00,53.6646758259,77.4720476563
 03/01  12:00:00,53.5664756642,67.91362538
 03/01  13:00:00,53.0283347707,64.13706441720001
 03/01  14:00:00,52.76265561979999,66.3185306309
 03/01  15:00:00,52.3192038666,58.6954151437
 03/01  16:00:00,51.53950368100001,59.0082089667
 03/01  17:00:00,54.8058536451,41.428319818
 03/01  18:00:00,65.90574364359999,24.4733140052
 03/01  19:00:00,78.6769761624,40.8650908583
 03/01  20:00:00,83.39656531279999,36.969726674899995
 03/01  21:00:00,92.5883801307,39.1190842185
 03/01  22:00:00,87.29795525819999,45.6260174072
 03/01  23:00:00,61.8639994213,40.470845443099996
 03/01  24:00:00,41.1831276789,37.5351764332
 03/02  01:00:00,36.186122074699995,39.7963828832
 03/02  02:00:00,35.2203894945,41.4639579427
 03/02  03:00:00,33.86390683,36.9982915812
 03/02  04:00:00,34.2313684091,43.798816592399994
 03/02  05:00:00,36.447273564,44.8675149157
 03/02  06:00:00,44.6334475698,51.1787444996
 03/02  07:00:00,73.265136335,57.159254087
 03/02  08:00:00,86.93321280149999,54.9847923492
 03/02  09:00:00,73.3165403526,65.9483104052
 03/02  10:00:00,70.36287038270001,74.697992966
 03/02  11:00:00,54.0163686,73.253836975
 03/02  12:00:00,54.164709297200005,67.24390707010001
 03/02  13:00:00,54.0035086927,67.0741476755
 03/02  14:00:00,54.1074102395,67.0655010882
 03/02  15:00:00,53.9182383749,70.3821403572
 03/02  16:00:00,53.73400192689999,67.6062529253
 03/02  17:00:00,57.5454093677,51.7640166705
 03/02  18:00:00,67.23247594520001,36.9813102628
 03/02  19:00:00,79.003907435,55.511266336300004
 03/02  20:00:00,83.2033122575,53.29331882899999
 03/02  21:00:00,91.80260540709999,57.373330932399995
 03/02  22:00:00,86.5463118034,65.9269256265
 03/02  23:00:00,64.6120446531,63.8270826305
 03/02  24:00:00,49.131218081899995,61.025490428199994
 03/03  01:00:00,46.3734051971,63.6089031643
 03/03  02:00:00,46.7895418395,66.1214259277
 03/03  03:00:00,46.8284432768,62.46539262020001
 03/03  04:00:00,48.5272941647,70.23838648350001
 03/03  05:00:00,51.681037868500006,72.2280323787
 03/03  06:00:00,60.38272270939999,79.5090359963
 03/03  07:00:00,85.7595961972,86.2177186194
 03/03  08:00:00,95.81512335709999,83.6427679634
 03/03  09:00:00,86.7478055329,90.1852761603
 03/03  10:00:00,82.2621997991,98.5901933806
 03/03  11:00:00,64.6820275961,95.4411254838
 03/03  12:00:00,62.4090423532,86.0166246202
 03/03  13:00:00,59.9085073061,81.4121724372
 03/03  14:00:00,57.6305023496,77.4855006305
 03/03  15:00:00,55.914739733100006,80.3403382825
 03/03  16:00:00,54.583326078199995,74.2946642908
 03/03  17:00:00,57.3493601654,55.7509097404
 03/03  18:00:00,67.1876505562,39.1128524176
 03/03  19:00:00,78.9659015724,55.925049541899995
 03/03  20:00:00,83.1802052367,53.1810849446
 03/03  21:00:00,91.2637108699,55.5469560678
 03/03  22:00:00,86.0239617556,56.670465679799996
 03/03  23:00:00,63.5410896631,63.8383497801
 03/03  24:00:00,47.384467806400004,56.0937830834
 03/04  01:00:00,45.862315488,56.88752579770001
 03/04  02:00:00,47.3100286481,52.796813423
 03/04  03:00:00,44.385029583999994,59.7561962398
 03/04  04:00:00,45.581897644899996,60.7644950935
 03/04  05:00:00,48.1738497659,61.7771940182
 03/04  06:00:00,53.4313488602,62.617851732
 03/04  07:00:00,71.1394358453,64.3492605399
 03/04  08:00:00,77.96637947069999,65.1249699903
 03/04  09:00:00,96.9421102523,73.7625081896
 03/04  10:00:00,84.3441051761,88.7197959278
 03/04  11:00:00,62.5257677697,81.70521839989999
 03/04  12:00:00,59.4442659259,78.8315697761
 03/04  13:00:00,57.967508646199995,69.9979157768
 03/04  14:00:00,56.6017139322,64.81809039470001
 03/04  15:00:00,55.343238766300004,67.9772781854
 03/04  16:00:00,54.146539233,61.6405231149
 03/04  17:00:00,57.0615840795,42.6042562231
 03/04  18:00:00,62.715645769700004,24.660033620700002
 03/04  19:00:00,80.4452356801,28.370763327600002
 03/04  20:00:00,84.7763893939,34.9479047541
 03/04  21:00:00,90.9529760283,35.8530703284
 03/04  22:00:00,89.07615542370002,32.8152716197
 03/04  23:00:00,66.2031478114,36.9816431582
 03/04  24:00:00,42.9161637056,31.050423179099997
 03/05  01:00:00,36.8396608383,19.8947600238
 03/05  02:00:00,36.8396086813,24.0273520125
 03/05  03:00:00,32.2002433313,24.1793503016
 03/05  04:00:00,32.1885025329,23.7999201625
 03/05  05:00:00,33.7655661524,23.3056373607
 03/05  06:00:00,37.907639604,22.7212702904
 03/05  07:00:00,57.9217947462,27.9079623704
 03/05  08:00:00,68.00419304399999,25.7591216679
 03/05  09:00:00,94.9564803816,51.3175493127
 03/05  10:00:00,79.9901591241,62.910956208900004
 03/05  11:00:00,54.4475088911,58.623476240100004
 03/05  12:00:00,51.9035939683,59.6691230803
 03/05  13:00:00,51.892891077799995,53.9714783172
 03/05  14:00:00,51.837221972200005,50.7832599745
 03/05  15:00:00,51.861626944899996,50.286927117299996
 03/05  16:00:00,51.5798293989,57.2945982322
 03/05  17:00:00,55.29691690600001,27.8762292523
 03/05  18:00:00,63.0865903275,21.4815361354
 03/05  19:00:00,81.4250266195,23.7063295196
 03/05  20:00:00,85.8866584329,32.5660344474
 03/05  21:00:00,91.98053699370001,36.7535845167
 03/05  22:00:00,89.4679785869,40.6295351135
 03/05  23:00:00,66.5730969029,48.3812770567
 03/05  24:00:00,43.0253074112,37.810267030700004
 03/06  01:00:00,35.6599951461,38.5953957751
 03/06  02:00:00,34.1921281086,39.4190700764
 03/06  03:00:00,32.475888169,40.385322641100004
 03/06  04:00:00,32.8840704888,35.4554106887
 03/06  05:00:00,35.296961160100004,41.908197082
 03/06  06:00:00,43.3109519621,47.764099861000005
 03/06  07:00:00,72.5828054187,52.9771602896
 03/06  08:00:00,84.76669016470001,57.0709809793
 03/06  09:00:00,72.0936377444,57.3910745934
 03/06  10:00:00,69.1089810466,74.8296719933
 03/06  11:00:00,53.793849045500004,75.91071827180001
 03/06  12:00:00,54.3355725122,70.0400579754
 03/06  13:00:00,54.4137193759,72.1537149449
 03/06  14:00:00,54.5993883362,71.4063609286
 03/06  15:00:00,54.532106739300005,67.6050455154
 03/06  16:00:00,54.1218061371,68.766405579
 03/06  17:00:00,57.5011744034,50.8940789946
 03/06  18:00:00,66.6987793619,34.6736425959
 03/06  19:00:00,76.2733816932,50.9198025058
 03/06  20:00:00,82.6932354812,47.209469266599996
 03/06  21:00:00,91.6683307858,50.732374169799996
 03/06  22:00:00,86.30047628620001,58.3703352749
 03/06  23:00:00,61.775540109,54.0713835306
 03/06  24:00:00,45.4159377745,50.5738735289
 03/07  01:00:00,42.2814459373,52.8300387402
 03/07  02:00:00,42.0717405302,54.9736940402
 03/07  03:00:00,41.5160735593,51.0342399687
 03/07  04:00:00,42.657864954699996,58.5173070887
 03/07  05:00:00,45.3355474779,60.2186257774
 03/07  06:00:00,53.5436887364,67.1310908479
 03/07  07:00:00,79.1034785738,73.460142692
 03/07  08:00:00,88.2526176993,72.2326181108
 03/07  09:00:00,80.9723615086,82.0305647182
 03/07  10:00:00,78.2095581365,92.3375496522
 03/07  11:00:00,62.7170194023,91.1319928444
 03/07  12:00:00,61.628797310500005,82.84077971
 03/07  13:00:00,60.4604045265,79.6948816622
 03/07  14:00:00,59.7515625429,78.50093339819999
 03/07  15:00:00,59.063238149499995,83.4489813228
 03/07  16:00:00,58.040422874399994,78.2983886636
 03/07  17:00:00,61.14078659729999,60.635459431499996
 03/07  18:00:00,70.13436896350001,44.5269700484
 03/07  19:00:00,79.4708053737,61.7965345642
 03/07  20:00:00,85.1336912525,58.3060984846
 03/07  21:00:00,92.30823999879999,58.4306292324
 03/07  22:00:00,87.0152659775,66.0738369064
 03/07  23:00:00,66.7583162879,64.8177817318
 03/07  24:00:00,51.172229379099996,66.8196975434
 03/08  01:00:00,48.5904124627,63.063846607399995
 03/08  02:00:00,48.9632854211,59.3934886672
 03/08  03:00:00,48.7946958046,66.8479015117
 03/08  04:00:00,50.1149369315,68.3571760644
 03/08  05:00:00,52.834228917,69.71794768310001
 03/08  06:00:00,61.0344821818,70.64771952439999
 03/08  07:00:00,85.72301845369999,82.5172229837
 03/08  08:00:00,93.3051764266,86.1040590273
 03/08  09:00:00,86.98501559190001,88.3182077536
 03/08  10:00:00,83.8563878879,97.78660744790001
 03/08  11:00:00,68.1658223109,90.6996777433
 03/08  12:00:00,68.2925408378,96.3749284576
 03/08  13:00:00,65.8991996359,85.87675917680001
 03/08  14:00:00,65.5040167093,84.5537994326
 03/08  15:00:00,64.62479576359999,83.9848459497
 03/08  16:00:00,64.0292832227,85.99713312360001
 03/08  17:00:00,67.1309439953,68.2786761232
 03/08  18:00:00,75.66534694399999,57.19879219560001
 03/08  19:00:00,84.3384331937,62.462983779700004
 03/08  20:00:00,89.4412777708,64.2735190872
 03/08  21:00:00,95.83595372399999,66.7591776321
 03/08  22:00:00,90.15673938129999,74.0342931978
 03/08  23:00:00,70.7392746097,70.1486713301
 03/08  24:00:00,55.537252279200004,65.8384051017
 03/09  01:00:00,52.6726440557,66.9835962749
 03/09  02:00:00,52.6332712604,68.0730229813
 03/09  03:00:00,51.9865575519,68.6828385655
 03/09  04:00:00,52.8592829783,63.5962161748
 03/09  05:00:00,55.1698981046,69.9815493684
 03/09  06:00:00,62.859809916,75.7407550234
 03/09  07:00:00,86.60000428459999,80.7078931832
 03/09  08:00:00,93.30052002,82.0834627349
 03/09  09:00:00,85.6466867843,76.0947189986
 03/09  10:00:00,80.9795877615,89.94262862069999
 03/09  11:00:00,63.608142411,87.4523372582
 03/09  12:00:00,61.882573640699995,79.3741799642
 03/09  13:00:00,59.9071215575,76.3042440046
 03/09  14:00:00,58.26760180189999,79.9287918389
 03/09  15:00:00,57.560767338000005,73.3566986408
 03/09  16:00:00,56.4493510548,74.5422455313
 03/09  17:00:00,59.1576354429,56.2615106707
 03/09  18:00:00,67.86947168020001,39.5990458483
 03/09  19:00:00,77.0299818438,56.6016408362
 03/09  20:00:00,82.46126256779999,52.921234443900005
 03/09  21:00:00,90.3560325963,55.55223326270001
 03/09  22:00:00,85.1142372126,57.12154980020001
 03/09  23:00:00,63.987520216899995,65.1812362808
 03/09  24:00:00,48.6981285874,55.5057161453
 03/10  01:00:00,45.959072017,56.9617611046
 03/10  02:00:00,46.1898408553,52.60853848359999
 03/10  03:00:00,45.8345532239,59.244866547799994
 03/10  04:00:00,46.9512635505,60.1140223658
 03/10  05:00:00,49.4671971064,60.860048606199996
 03/10  06:00:00,57.3817960824,66.8742274829
 03/10  07:00:00,81.7849134276,65.6756641523
 03/10  08:00:00,89.23475156219999,73.300389511
 03/10  09:00:00,81.2904654103,73.8196886371
 03/10  10:00:00,76.5697893816,80.5968092808
 03/10  11:00:00,58.578920557299995,71.2523720666
 03/10  12:00:00,56.3969294033,73.7328977424
 03/10  13:00:00,54.2991112003,65.2545110216
 03/10  14:00:00,53.2540042565,62.38486076109999
 03/10  15:00:00,52.4097317196,60.037701667600004
 03/10  16:00:00,51.3863314222,59.986336494899994
 03/10  17:00:00,54.38621516560001,42.137279272
 03/10  18:00:00,64.63942878659999,31.4778380863
 03/10  19:00:00,75.31271517100001,37.184096102699996
 03/10  20:00:00,81.6714751355,40.4313680494
 03/10  21:00:00,90.444842312,44.2257898732
 03/10  22:00:00,85.2537066492,51.9440660708
 03/10  23:00:00,60.7089805243,48.3177365422
 03/10  24:00:00,41.7699751758,44.4269293067
 03/11  01:00:00,39.3484957552,46.518323878000004
 03/11  02:00:00,41.0244791743,48.4804139419
 03/11  03:00:00,38.4309539433,49.9309667362
 03/11  04:00:00,39.8242001713,45.5337424342
 03/11  05:00:00,42.545882288200005,52.5407407169
 03/11  06:00:00,47.8811388717,59.300617860900005
 03/11  07:00:00,66.91928113029999,52.438318306499994
 03/11  08:00:00,72.5854542833,59.2698121918
 03/11  09:00:00,94.4525301716,71.8631088537
 03/11  10:00:00,80.9604949555,77.3391312767
 03/11  11:00:00,57.1450851183,68.5916421422
 03/11  12:00:00,54.2616324158,59.924716275600005
 03/11  13:00:00,53.505108946099995,57.6184843367
 03/11  14:00:00,53.1317129158,58.3031827416
 03/11  15:00:00,53.0314372877,50.220079989700004
 03/11  16:00:00,52.5764600959,50.7830431168
 03/11  17:00:00,55.9152703022,33.3889311187
 03/11  18:00:00,63.1574128404,16.435721383
 03/11  19:00:00,81.98624836409999,27.7775103777
 03/11  20:00:00,86.58423682719999,26.7439364175
 03/11  21:00:00,92.6231494468,37.8884808937
 03/11  22:00:00,90.32110656489999,39.274608237399995
 03/11  23:00:00,66.75095506939999,49.6529480938
 03/11  24:00:00,43.078372637200005,46.898510612799996
 03/12  01:00:00,37.0227999481,36.404868517800004
 03/12  02:00:00,32.7354537003,43.671827443299996
 03/12  03:00:00,33.705553161,44.716949196099996
 03/12  04:00:00,36.0251728864,45.4192138496
 03/12  05:00:00,40.8829876745,45.0218360714
 03/12  06:00:00,60.7662914339,50.71406308979999
 03/12  07:00:00,76.7479344182,45.7149708883
 03/12  08:00:00,94.4955688398,65.55649519149999
 03/12  09:00:00,80.3604465667,72.7336858529
 03/12  10:00:00,55.6820524157,64.15862760569999
 03/12  11:00:00,53.117670933999996,61.559538134200004
 03/12  12:00:00,52.9715573946,53.3312471809
 03/12  13:00:00,52.879017223599995,48.9664739272
 03/12  14:00:00,52.879036870600004,48.00182415810001
 03/12  15:00:00,52.655779633,48.4932900795
 03/12  16:00:00,56.4380006587,29.843580049699998
 03/12  17:00:00,64.17760973930001,11.886434876600001
 03/12  18:00:00,79.2081860622,21.1540325014
 03/12  19:00:00,84.1130223105,23.2091963994
 03/12  20:00:00,94.38205635610001,26.3963994819
 03/12  21:00:00,91.8685606167,28.711251928200003
 03/12  22:00:00,67.9342314373,31.247983115500002
 03/12  23:00:00,43.9136027083,32.643224721799996
 03/12  24:00:00,37.4671077657,27.209471610999998
 03/13  01:00:00,34.2458692587,27.7396786067
 03/13  02:00:00,32.1289291589,22.741600694299997
 03/13  03:00:00,32.034051946999995,29.0363801691
 03/13  04:00:00,33.640220713299996,29.614832042600003
 03/13  05:00:00,41.3996918221,35.143905702800005
 03/13  06:00:00,72.7174837746,41.1557056333
 03/13  07:00:00,92.7798962981,39.6639539705
 03/13  08:00:00,72.605847422,51.5102963644
 03/13  09:00:00,69.8931757682,59.3619380138
 03/13  10:00:00,52.175931338000005,55.0483985325
 03/13  11:00:00,52.61153678149999,46.024829025900004
 03/13  12:00:00,52.851909270600004,45.3714597532
 03/13  13:00:00,52.9941322754,42.3168500942
 03/13  14:00:00,53.0319444469,42.0276197485
 03/13  15:00:00,52.899811795699996,43.3440079782
 03/13  16:00:00,57.0400458697,25.4263769031
 03/13  17:00:00,69.34224469109999,12.6081948522
 03/13  18:00:00,77.04117226560001,13.6233999823
 03/13  19:00:00,84.1387083453,14.9763788108
 03/13  20:00:00,97.6434183307,17.7329948553
 03/13  21:00:00,92.44024959459999,25.0093539491
 03/13  22:00:00,65.5791215794,20.3147364898
 03/13  23:00:00,43.2868016495,16.2459956118
 03/13  24:00:00,37.334498918099996,16.770069704
 03/14  01:00:00,35.3825153714,17.086762582000002
 03/14  02:00:00,33.2471950331,17.6062166886
 03/14  03:00:00,33.0986154465,12.0966116877
 03/14  04:00:00,34.6072803422,18.0792530048
 03/14  05:00:00,42.3602407694,23.151121436500002
 03/14  06:00:00,74.4956980124,28.9359089657
 03/14  07:00:00,95.8385905734,27.959283881100003
 03/14  08:00:00,75.17316445510001,41.9665653295
 03/14  09:00:00,72.21022404760001,52.5053557397
 03/14  10:00:00,54.0422061723,50.9187441417
 03/14  11:00:00,55.0038290396,42.884066359
 03/14  12:00:00,55.8142625398,42.4268477163
 03/14  13:00:00,57.294921535,41.4601238525
 03/14  14:00:00,58.358822399,46.5836337962
 03/14  15:00:00,59.373265214300005,42.182487839400004
 03/14  16:00:00,63.5780239748,23.794438737100002
 03/14  17:00:00,75.53307535229999,5.78411428413
 03/14  18:00:00,82.839647297,17.441147417899998
 03/14  19:00:00,89.4835421615,6.189669250160001
 03/14  20:00:00,102.450452205,13.285682841300002
 03/14  21:00:00,96.7459883257,20.1160559181
 03/14  22:00:00,69.5568104031,15.713623458299999
 03/14  23:00:00,45.9108225084,15.1316940988
 03/14  24:00:00,38.9355667413,18.6327173688
 03/15  01:00:00,36.464875851100004,19.854697436600002
 03/15  02:00:00,33.9592442581,20.9547169859
 03/15  03:00:00,33.6328760477,21.9384039762
 03/15  04:00:00,34.916411671,24.0258364066
 03/15  05:00:00,42.5001278759,24.681272889499997
 03/15  06:00:00,74.155294472,36.345703080300005
 03/15  07:00:00,92.9247992002,42.24838802
 03/15  08:00:00,74.069825838,44.560273914899994
 03/15  09:00:00,70.9430741356,60.078474461899994
 03/15  10:00:00,53.027665894399995,57.432437693500006
 03/15  11:00:00,53.732985674700004,47.596037721
 03/15  12:00:00,54.653972691999996,46.3323195909
 03/15  13:00:00,55.397789383500005,43.085590161199995
 03/15  14:00:00,55.9192328436,48.5066297991
 03/15  15:00:00,55.94340972609999,43.883961149099996
 03/15  16:00:00,59.801267423199995,26.552252178899998
 03/15  17:00:00,71.0523919679,10.6545586913
 03/15  18:00:00,78.1171506471,28.600115994899998
 03/15  19:00:00,84.9035783779,24.524856719000002
 03/15  20:00:00,97.710931154,22.200032578600002
 03/15  21:00:00,92.0266368783,35.7639336045
 03/15  22:00:00,65.1658128324,32.7417920978
 03/15  23:00:00,42.863190901100005,36.7497026028
 03/15  24:00:00,37.014855477,27.322815962800004
 03/16  01:00:00,34.9842256545,34.7333266596
 03/16  02:00:00,32.7177239556,36.5195358132
 03/16  03:00:00,32.4429399715,38.5521962745
 03/16  04:00:00,33.817574182,40.325720957899996
 03/16  05:00:00,41.3808617944,40.9570371382
 03/16  06:00:00,72.7970220208,53.5975761496
 03/16  07:00:00,90.93594958,56.0960147275
 03/16  08:00:00,72.3602372264,54.200391287600006
 03/16  09:00:00,69.3108024958,70.1787957533
 03/16  10:00:00,51.2897905126,68.8039995671
 03/16  11:00:00,51.7237543302,59.06460021229999
 03/16  12:00:00,51.547778700900004,54.7998805608
 03/16  13:00:00,52.0782380309,57.555431238800004
 03/16  14:00:00,52.6222682599,49.097934933699996
 03/16  15:00:00,52.253366088199996,48.9340760594
 03/16  16:00:00,56.1210559957,30.8964973319
 03/16  17:00:00,67.7938389106,13.499114733699999
 03/16  18:00:00,75.20556758859999,29.121750804899996
 03/16  19:00:00,81.9791195043,25.1677067033
 03/16  20:00:00,95.18194408129999,22.6081083653
 03/16  21:00:00,89.8976579972,35.9229319887
 03/16  22:00:00,63.52566908560001,31.845265301599998
 03/16  23:00:00,42.0859863052,34.2869053999
 03/16  24:00:00,36.536368116599995,28.5582386132
 03/17  01:00:00,34.6359495433,23.716358911300002
 03/17  02:00:00,32.329545497199994,34.066093466999995
 03/17  03:00:00,32.0923425454,36.4864788053
 03/17  04:00:00,33.6638775667,38.7429089777
 03/17  05:00:00,41.3933646284,39.2393693206
 03/17  06:00:00,72.66938137,51.357087773100005
 03/17  07:00:00,90.73281126030001,57.0290613716
 03/17  08:00:00,72.1851502334,55.763255839799996
 03/17  09:00:00,69.3312316223,69.7041373248
 03/17  10:00:00,51.621577136599996,65.35057250109999
 03/17  11:00:00,51.9450968228,54.463827169
 03/17  12:00:00,51.8492177345,50.150121363800004
 03/17  13:00:00,52.1694428665,52.1811700782
 03/17  14:00:00,53.1035004226,45.8755774905
 03/17  15:00:00,53.1715374212,44.45280365
 03/17  16:00:00,56.8771089584,26.8835639972
 03/17  17:00:00,68.8163550877,8.87750507296
 03/17  18:00:00,76.4885133965,23.4117253704
 03/17  19:00:00,83.1584534549,21.3461128405
 03/17  20:00:00,95.95120987540001,21.000357842
 03/17  21:00:00,90.38877999450001,35.1576948762
 03/17  22:00:00,63.568409922,33.1960369883
 03/17  23:00:00,41.92533588,30.606269158200003
 03/17  24:00:00,36.3703042964,31.4090332088
 03/18  01:00:00,37.3910275306,32.0297686062
 03/18  02:00:00,32.374798028,32.8512993773
 03/18  03:00:00,32.1769539862,33.469549738400005
 03/18  04:00:00,33.642913089400004,34.0335283626
 03/18  05:00:00,37.7555870986,33.9495175105
 03/18  06:00:00,58.40391348439999,34.2383268341
 03/18  07:00:00,74.1930149849,45.4907621387
 03/18  08:00:00,94.9027414977,63.5136563176
 03/18  09:00:00,80.6021702092,73.4124839901
 03/18  10:00:00,55.188756209,65.9354567794
 03/18  11:00:00,53.1967096902,56.8621668667
 03/18  12:00:00,53.497896938900006,53.9856736461
 03/18  13:00:00,54.1662509713,54.45614111810001
 03/18  14:00:00,54.651896925900004,47.0798745274
 03/18  15:00:00,54.912623374,47.090140910600006
 03/18  16:00:00,58.544940969799995,29.4331581985
 03/18  17:00:00,66.2769177816,11.990249289300001
 03/18  18:00:00,82.0375698366,15.2352125779
 03/18  19:00:00,84.94167641680001,23.888137607399997
 03/18  20:00:00,96.8376055618,27.5519825625
 03/18  21:00:00,94.43404629610001,28.8651237869
 03/18  22:00:00,70.0421228932,37.1491655234
 03/18  23:00:00,45.030744812399995,27.319556406700002
 03/18  24:00:00,38.1575092961,28.3933262214
 03/19  01:00:00,37.9429832756,29.159816889600002
 03/19  02:00:00,32.878167181100004,30.0243825861
 03/19  03:00:00,32.6462134128,24.8957005437
 03/19  04:00:00,34.094249760100006,30.896875845100002
 03/19  05:00:00,38.1330681569,36.124559011799995
 03/19  06:00:00,58.699095639,30.359551951500002
 03/19  07:00:00,74.6786621186,41.7306546596
 03/19  08:00:00,95.4258913601,60.4824752912
 03/19  09:00:00,80.8591364413,65.4328152455
 03/19  10:00:00,55.14605327060001,66.7393900523
 03/19  11:00:00,52.4585651799,66.5517733946
 03/19  12:00:00,52.4046960526,60.2782130607
 03/19  13:00:00,52.3601371216,57.682685443000004
 03/19  14:00:00,52.252574448199994,58.1144035608
 03/19  15:00:00,51.8984264573,65.5079350208
 03/19  16:00:00,55.452732768800004,41.8743698299
 03/19  17:00:00,62.8954063897,26.6546081408
 03/19  18:00:00,77.9057589792,31.4120290609
 03/19  19:00:00,80.7206777746,38.0985421822
 03/19  20:00:00,92.6272582292,39.7248775399
 03/19  21:00:00,90.276203565,40.2501503211
 03/19  22:00:00,67.2592668161,40.8141951417
 03/19  23:00:00,43.5095707044,41.3879854296
 03/19  24:00:00,37.274811099699996,36.360694794699995
 03/20  01:00:00,34.3319743864,37.0467925136
 03/20  02:00:00,32.4232279891,38.137205991500004
 03/20  03:00:00,32.442879903000005,33.4465376609
 03/20  04:00:00,34.2898352609,39.9971161893
 03/20  05:00:00,42.0400606074,45.3835082617
 03/20  06:00:00,72.737117429,51.0572963241
 03/20  07:00:00,90.5920888523,50.413907146199996
 03/20  08:00:00,72.17828623930001,63.1979437247
 03/20  09:00:00,69.0369799796,74.5748714254
 03/20  10:00:00,52.371032022899996,68.6541668638
 03/20  11:00:00,53.019679226099996,74.2191531202
 03/20  12:00:00,53.0581233569,67.45293931260001
 03/20  13:00:00,53.0999466716,65.6231674315
 03/20  14:00:00,52.9439704755,64.9255682158
 03/20  15:00:00,52.495334290200006,66.09073152149999
 03/20  16:00:00,55.901288205600004,48.8047208492
 03/20  17:00:00,65.659616325,37.1598928313
 03/20  18:00:00,72.6272298846,40.5859255275
 03/20  19:00:00,77.1526964927,41.6179979991
 03/20  20:00:00,91.69416972209999,43.891715196099995
 03/20  21:00:00,86.29721888819999,50.4324183968
 03/20  22:00:00,61.4074925395,46.3501595104
 03/20  23:00:00,41.5074534579,42.6860857376
 03/20  24:00:00,38.1940412821,43.9474870417
 03/21  01:00:00,37.9581853707,39.704695189
 03/21  02:00:00,37.166237256500004,46.8451791175
 03/21  03:00:00,37.8936938855,47.9004432333
 03/21  04:00:00,40.061997517600005,48.6936366971
 03/21  05:00:00,47.7305313131,54.2435410003
 03/21  06:00:00,74.3545778296,54.32111049069999
 03/21  07:00:00,90.5586445483,63.9183811062
 03/21  08:00:00,75.0189924126,67.7039593807
 03/21  09:00:00,72.4966001388,77.7485225283
 03/21  10:00:00,56.9381786262,72.14216357229999
 03/21  11:00:00,57.046048069899996,71.8243450534
 03/21  12:00:00,56.6147481917,70.4137611809
 03/21  13:00:00,56.5170685105,74.8710548164
 03/21  14:00:00,56.191641651800005,68.57369350649999
 03/21  15:00:00,55.48925376850001,69.6777968899
 03/21  16:00:00,58.6429218387,51.913849134399996
 03/21  17:00:00,67.4651174404,35.0501581384
 03/21  18:00:00,72.8600057437,51.5931028322
 03/21  19:00:00,76.7401246213,48.06486893939999
 03/21  20:00:00,91.3990982902,44.643737638999994
 03/21  21:00:00,86.1042026192,56.7049510688
 03/21  22:00:00,61.5979064022,51.899257922
 03/21  23:00:00,45.268884141499996,48.2939706776
 03/21  24:00:00,41.8421356099,49.725963623599995
 03/22  01:00:00,41.316359905300004,50.7732832069
 03/22  02:00:00,40.507449714,51.838222620799996
 03/22  03:00:00,41.2090615535,52.5121344548
 03/22  04:00:00,43.3792706268,47.271517925299996
 03/22  05:00:00,50.902103035,58.1465923329
 03/22  06:00:00,76.4603018788,63.729833042799996
 03/22  07:00:00,91.4668606334,61.851101794499996
 03/22  08:00:00,77.359529675,71.372409923
 03/22  09:00:00,74.49887852229999,80.8039955681
 03/22  10:00:00,58.0693620975,79.3941167224
 03/22  11:00:00,56.3407214352,70.9731493307
 03/22  12:00:00,54.299428597200006,67.45457578060001
 03/22  13:00:00,53.334871933,64.3325121142
 03/22  14:00:00,52.3449545413,61.437923743199995
 03/22  15:00:00,51.5917158982,62.051036436800004
 03/22  16:00:00,54.5956753038,43.3700604719
 03/22  17:00:00,65.0717356444,30.727204467800004
 03/22  18:00:00,72.0693398758,34.2300567616
 03/22  19:00:00,76.7536132862,35.613551343400005
 03/22  20:00:00,91.4584240847,38.9896007734
 03/22  21:00:00,86.0356218503,47.57206308
 03/22  22:00:00,60.7744920612,44.4010060227
 03/22  23:00:00,40.707035728200005,40.2797128057
 03/22  24:00:00,36.3733815904,41.624159619699995
 03/23  01:00:00,35.9135966883,44.123122222
 03/23  02:00:00,35.7899887125,40.8111458362
 03/23  03:00:00,37.2839493483,48.5529806674
 03/23  04:00:00,40.1187157431,50.3966203178
 03/23  05:00:00,48.3721737633,56.8408441908
 03/23  06:00:00,75.2542648494,57.85700406189999
 03/23  07:00:00,91.35837549700001,68.75575810069999
 03/23  08:00:00,76.56355227430001,70.8523884745
 03/23  09:00:00,73.22398431170001,76.6693762085
 03/23  10:00:00,55.7424071286,65.31147171159999
 03/23  11:00:00,53.7458717134,60.942150279399996
 03/23  12:00:00,52.7664380793,56.167064591300004
 03/23  13:00:00,52.1981435975,52.672356019700004
 03/23  14:00:00,51.6337918372,56.8087176263
 03/23  15:00:00,51.365009469600004,51.218926656499995
 03/23  16:00:00,54.918136911000005,33.6494230785
 03/23  17:00:00,66.0680698741,16.1472459601
 03/23  18:00:00,73.6767533839,30.639323001999998
 03/23  19:00:00,78.595510465,20.4503878545
 03/23  20:00:00,93.34197566440001,30.9554266671
 03/23  21:00:00,87.986416984,38.7067641448
 03/23  22:00:00,61.9510355779,34.9811058294
 03/23  23:00:00,40.9379929684,30.8252770691
 03/23  24:00:00,35.520303893699996,32.2395132425
 03/24  01:00:00,33.8536634727,31.9593741618
 03/24  02:00:00,31.961395755100003,30.470574103
 03/24  03:00:00,31.9563520143,24.3872005656
 03/24  04:00:00,33.6388224783,30.3184083974
 03/24  05:00:00,41.3461355383,35.2140276499
 03/24  06:00:00,72.5165369508,40.1553879582
 03/24  07:00:00,88.71782967829999,39.1608704768
 03/24  08:00:00,72.3564149323,50.7882625067
 03/24  09:00:00,69.346185437,58.879729194300005
 03/24  10:00:00,51.4611727909,50.5861769084
 03/24  11:00:00,51.9281620625,53.433373806300004
 03/24  12:00:00,52.4223021399,45.4725084982
 03/24  13:00:00,53.2061342267,41.6186233193
 03/24  14:00:00,53.90613753270001,41.4446124457
 03/24  15:00:00,54.121779284300004,41.449433538
 03/24  16:00:00,57.687415677,23.8752602238
 03/24  17:00:00,69.4881657561,6.28980682268
 03/24  18:00:00,77.1524834288,18.7869581199
 03/24  19:00:00,82.4414995126,13.2192283143
 03/24  20:00:00,97.81432419110001,14.057798455799999
 03/24  21:00:00,92.78376226120001,14.4777680771
 03/24  22:00:00,66.4239578429,14.709469843399999
 03/24  23:00:00,44.2969783293,15.6125841002
 03/24  24:00:00,38.2538799289,5.75762765266
 03/25  01:00:00,39.0959485041,9.80788790217
 03/25  02:00:00,33.7868688892,11.9099041755
 03/25  03:00:00,33.4309064622,12.644062901300002
 03/25  04:00:00,34.9281870538,12.714844640399999
 03/25  05:00:00,38.9773913382,13.240742300299999
 03/25  06:00:00,59.905674876499994,14.026817345
 03/25  07:00:00,74.7282617411,25.3442618254
 03/25  08:00:00,98.8661011223,46.4235558783
 03/25  09:00:00,83.7987278598,52.0195169791
 03/25  10:00:00,57.2864421624,52.9194540972
 03/25  11:00:00,53.558554127200004,59.8113969117
 03/25  12:00:00,52.7405631786,60.451571957700004
 03/25  13:00:00,52.606598681099996,59.9199270038
 03/25  14:00:00,52.41987756060001,61.291306588199994
 03/25  15:00:00,51.898047300900004,64.7296149002
 03/25  16:00:00,55.325282561499996,48.6737591653
 03/25  17:00:00,63.0042779014,33.2601511529
 03/25  18:00:00,78.04163360220001,40.2032741677
 03/25  19:00:00,80.6607896749,43.0815297395
 03/25  20:00:00,92.3897850557,44.331448832
 03/25  21:00:00,90.28983159170001,39.0729113694
 03/25  22:00:00,67.2976160357,52.4736355276
 03/25  23:00:00,43.378830021599995,48.614610474799996
 03/25  24:00:00,36.9678363667,44.865309674799995
 03/26  01:00:00,37.1659188902,41.710081982199995
 03/26  02:00:00,32.6620169907,49.9547303433
 03/26  03:00:00,33.7796139996,52.1119453668
 03/26  04:00:00,37.118752348499996,54.0003145335
 03/26  05:00:00,42.7507459352,54.9953095997
 03/26  06:00:00,62.579826293800004,61.9855969559
 03/26  07:00:00,74.3343382349,61.8149394033
 03/26  08:00:00,94.1320852351,83.22410716819999
 03/26  09:00:00,80.0987364313,92.18172866709999
 03/26  10:00:00,58.098554620200005,85.0177791748
 03/26  11:00:00,55.1469293588,76.42040402890001
 03/26  12:00:00,54.267485290299994,73.6192535664
 03/26  13:00:00,53.5374411778,69.1174645875
 03/26  14:00:00,52.907845591400005,65.6832505667
 03/26  15:00:00,52.1691819015,70.6423152771
 03/26  16:00:00,55.462742375,40.984474076
 03/26  17:00:00,62.802579724,35.331042596799996
 03/26  18:00:00,77.676135139,34.3771711104
 03/26  19:00:00,80.3246945531,42.8851244238
 03/26  20:00:00,92.04420688549999,46.5458174717
 03/26  21:00:00,89.5725721902,48.9325884239
 03/26  22:00:00,66.69524396979999,52.1712488908
 03/26  23:00:00,43.5361127951,55.00103142060001
 03/26  24:00:00,38.2333743498,50.9793751954
 03/27  01:00:00,36.831187018499996,52.9762075242
 03/27  02:00:00,37.0999490081,49.158422892299996
 03/27  03:00:00,38.6470410729,56.3757116934
 03/27  04:00:00,41.5196777343,57.654304447200005
 03/27  05:00:00,49.7316714529,63.5370662111
 03/27  06:00:00,76.6897669791,64.058809986
 03/27  07:00:00,90.6114682513,73.9890290422
 03/27  08:00:00,77.8329824291,69.8848284475
 03/27  09:00:00,74.7539997871,83.3129505381
 03/27  10:00:00,57.8615015302,79.3594276347
 03/27  11:00:00,56.2071448939,70.0525972593
 03/27  12:00:00,54.0213110675,65.31988803850001
 03/27  13:00:00,52.926057837600005,60.379990603900005
 03/27  14:00:00,51.9224827524,58.0656098487
 03/27  15:00:00,50.876362585,57.630049518599996
 03/27  16:00:00,54.3763020868,39.131508488200005
 03/27  17:00:00,65.492266343,26.8820764961
 03/27  18:00:00,72.78523508069999,30.7643710668
 03/27  19:00:00,77.5346050803,32.8617115819
 03/27  20:00:00,92.26603167379999,36.1465388432
 03/27  21:00:00,86.9123432841,43.5671237238
 03/27  22:00:00,61.5045504513,39.2089718317
 03/27  23:00:00,40.7558870294,35.354648707399996
 03/27  24:00:00,35.739820163800005,36.3891986388
 03/28  01:00:00,34.260074558,37.1348531544
 03/28  02:00:00,32.7022151649,32.583436399600004
 03/28  03:00:00,33.1883849119,39.2688231674
 03/28  04:00:00,35.3601261818,40.031297763400005
 03/28  05:00:00,43.2712803428,42.7309657227
 03/28  06:00:00,72.6766365304,48.0238876221
 03/28  07:00:00,88.63267050700001,55.096115531
 03/28  08:00:00,72.2195073295,54.5265295791
 03/28  09:00:00,69.25371785909999,70.4375702558
 03/28  10:00:00,52.413476925699996,69.1134222321
 03/28  11:00:00,52.428005779799996,62.1843750605
 03/28  12:00:00,51.763615393500004,58.9949418801
 03/28  13:00:00,51.4734910337,56.085053288100006
 03/28  14:00:00,51.1848434196,54.0674726314
 03/28  15:00:00,50.8514382776,53.2762818347
 03/28  16:00:00,54.509734443599996,34.558206283000004
 03/28  17:00:00,65.9642904371,22.322393578699998
 03/28  18:00:00,73.23725019449999,25.9917671336
 03/28  19:00:00,77.86326674520001,27.908629430500003
 03/28  20:00:00,92.50050605610001,31.7752659985
 03/28  21:00:00,87.0553692883,40.2439663887
 03/28  22:00:00,61.5621146437,36.7599329183
 03/28  23:00:00,40.7090180188,33.1418054248
 03/28  24:00:00,35.613037328699995,33.904727271
 03/29  01:00:00,34.0784838068,28.6242790153
 03/29  02:00:00,32.2556069802,34.9641279928
 03/29  03:00:00,32.3702881335,35.2682565255
 03/29  04:00:00,34.257300281,35.7271134206
 03/29  05:00:00,41.9312214395,34.9010736092
 03/29  06:00:00,72.6802070249,46.234875841800005
 03/29  07:00:00,88.64743290850001,50.703369569399996
 03/29  08:00:00,72.2337499165,50.395704447600004
 03/29  09:00:00,69.2398390061,66.2805288507
 03/29  10:00:00,51.188530388800004,65.6254889525
 03/29  11:00:00,51.1858561545,58.4320488413
 03/29  12:00:00,51.118494345600006,54.5088367459
 03/29  13:00:00,51.395858365500004,50.26982975600001
 03/29  14:00:00,51.4350248443,48.2431362866
 03/29  15:00:00,51.45294288,47.7221592352
 03/29  16:00:00,55.256433832700004,29.5531649337
 03/29  17:00:00,66.9186161941,12.210107603900001
 03/29  18:00:00,74.0765177267,28.3207571332
 03/29  19:00:00,78.63805226699999,25.429063495
 03/29  20:00:00,93.47862483629999,29.982971304299998
 03/29  21:00:00,88.0981384184,33.405776456999995
 03/29  22:00:00,62.08524164479999,35.4768020642
 03/29  23:00:00,41.1046667165,36.7079897729
 03/29  24:00:00,35.6836573351,25.638652095
 03/30  01:00:00,33.881599648000005,31.7953136762
 03/30  02:00:00,31.9765338492,32.4676939687
 03/30  03:00:00,32.0757843791,33.076526751799996
 03/30  04:00:00,33.7623832959,33.612075627399996
 03/30  05:00:00,41.509555385,33.1426133467
 03/30  06:00:00,72.7258609808,44.7131762904
 03/30  07:00:00,88.8125819384,44.396992456899994
 03/30  08:00:00,72.3552986426,55.980701773199996
 03/30  09:00:00,69.50294441439999,64.5174646446
 03/30  10:00:00,51.40437778850001,56.1853127572
 03/30  11:00:00,51.4167055474,57.1095670171
 03/30  12:00:00,51.6209828837,50.213506817200006
 03/30  13:00:00,51.9952866562,44.9369953357
 03/30  14:00:00,52.509718065200005,42.5408314949
 03/30  15:00:00,52.8467005879,42.7682154321
 03/30  16:00:00,57.22574989020001,24.767976806999997
 03/30  17:00:00,69.328148438,6.5207403814400005
 03/30  18:00:00,77.4281159338,19.4793860757
 03/30  19:00:00,82.91278120189999,10.133859451900001
 03/30  20:00:00,98.32167155260001,19.1051523452
 03/30  21:00:00,92.85409144450001,26.5586713971
 03/30  22:00:00,65.5864302856,21.9959837401
 03/30  23:00:00,43.0597990172,17.6722515491
 03/30  24:00:00,37.1338905258,18.392161792
 03/31  01:00:00,35.1937834378,19.045459948199998
 03/31  02:00:00,33.0460740446,19.779685498699997
 03/31  03:00:00,32.876281131199995,14.6378175352
 03/31  04:00:00,34.354585931100004,20.9929079187
 03/31  05:00:00,42.0599400239,26.484625629499998
 03/31  06:00:00,74.0742551436,26.716778579499998
 03/31  07:00:00,90.69321508360001,37.825917206599996
 03/31  08:00:00,74.073342761,45.4843438945
 03/31  09:00:00,71.1118326586,54.2461039842
 03/31  10:00:00,52.7501112089,47.0279476996
 03/31  11:00:00,52.7721213842,46.1923217823
 03/31  12:00:00,52.8631875908,46.3297432629
 03/31  13:00:00,52.9147069088,43.9029346523
 03/31  14:00:00,52.8780719788,44.2378292278
 03/31  15:00:00,52.6279024422,46.116710937700006
 03/31  16:00:00,56.4885491884,28.7707717781
 03/31  17:00:00,68.34789351399999,17.203015115
 03/31  18:00:00,75.8327086322,21.861467936300002
 03/31  19:00:00,80.7200887892,24.576017669200002
 03/31  20:00:00,95.851654959,27.7444293482
 03/31  21:00:00,90.52824772790001,32.631054414
 03/31  22:00:00,63.908607023500004,32.2844985442
 03/31  23:00:00,42.314563023299996,25.071402523299998
 03/31  24:00:00,36.715035117,25.2470946744
 04/01  01:00:00,37.722571938099996,19.6849338771
 04/01  02:00:00,32.7038872924,25.5909598625
 04/01  03:00:00,32.528346636900004,25.8038857775
 04/01  04:00:00,34.0161664405,25.923522153
 04/01  05:00:00,37.9959705284,27.5326348067
 04/01  06:00:00,58.6850838513,28.197821417800004
 04/01  07:00:00,72.93690492340001,37.245227328
 04/01  08:00:00,96.2383847742,54.7480013178
 04/01  09:00:00,81.8675911054,58.9021371372
 04/01  10:00:00,56.2531625962,58.4463728212
 04/01  11:00:00,53.6880763926,57.086433040500005
 04/01  12:00:00,53.5241708099,51.201675916599996
 04/01  13:00:00,53.5265169603,48.0271447418
 04/01  14:00:00,53.4632054028,48.2112935121
 04/01  15:00:00,53.0887058916,49.9229075846
 04/01  16:00:00,56.6552130996,33.0590095067
 04/01  17:00:00,64.4037004643,15.664037885699999
 04/01  18:00:00,79.7179953794,18.1220384254
 04/01  19:00:00,80.943793867,25.1122503718
 04/01  20:00:00,95.1745156143,26.747445746700002
 04/01  21:00:00,93.0411682891,28.1990301723
 04/01  22:00:00,68.9836572216,35.463874224899996
 04/01  23:00:00,44.671605891599995,24.78600148
 04/01  24:00:00,37.9134199675,26.2303792105
 04/02  01:00:00,37.4946466746,28.6204433971
 04/02  02:00:00,32.397551041199996,29.5962790182
 04/02  03:00:00,32.2059854022,24.1273548373
 04/02  04:00:00,33.8998531794,29.823511945
 04/02  05:00:00,37.962831351300004,29.2618895117
 04/02  06:00:00,58.5803938775,34.319411040700004
 04/02  07:00:00,71.0042576076,38.683477064
 04/02  08:00:00,95.71021213649999,51.4507066833
 04/02  09:00:00,81.0201925503,68.9764728116
 04/02  10:00:00,55.2024888485,64.2984312571
 04/02  11:00:00,52.837990893699995,56.6410399059
 04/02  12:00:00,52.965521690699994,54.9349529297
 04/02  13:00:00,52.757436660500005,51.2720917902
 04/02  14:00:00,53.179104834600004,49.184544440299995
 04/02  15:00:00,53.3160032664,48.5376730754
 04/02  16:00:00,57.147918641000004,29.4284848413
 04/02  17:00:00,64.8416918243,11.7955492903
 04/02  18:00:00,79.9965933639,20.6028934088
 04/02  19:00:00,81.3300600659,22.7551138363
 04/02  20:00:00,95.26894316079999,20.074851892799998
 04/02  21:00:00,92.69781760209999,27.9590498538
 04/02  22:00:00,68.605656408,36.4615951839
 04/02  23:00:00,44.3418038099,32.831351926399996
 04/02  24:00:00,37.7093910525,24.591584090500003
 04/03  01:00:00,34.3819290845,31.883641104400002
 04/03  02:00:00,32.227833804,32.6493078436
 04/03  03:00:00,32.0421627961,33.0276994117
 04/03  04:00:00,33.5617684268,29.051343133000003
 04/03  05:00:00,41.2786631806,37.0556741546
 04/03  06:00:00,72.7578341899,43.585633411
 04/03  07:00:00,87.0121709938,41.905741959000004
 04/03  08:00:00,72.4811587273,52.875017196499996
 04/03  09:00:00,69.78047526510001,60.7957108849
 04/03  10:00:00,51.7686946825,51.389212039899995
 04/03  11:00:00,52.262267182600006,48.3536579266
 04/03  12:00:00,52.8793189237,46.3118461241
 04/03  13:00:00,53.4859958569,42.455838510700005
 04/03  14:00:00,53.9681366522,41.6409475715
 04/03  15:00:00,54.0848940758,42.5898621236
 04/03  16:00:00,58.2479088664,24.6004844108
 04/03  17:00:00,70.6527573827,12.1595226054
 04/03  18:00:00,78.3753796217,13.557021799400001
 04/03  19:00:00,81.4948056273,15.4079904175
 04/03  20:00:00,98.4553169877,18.6412892962
 04/03  21:00:00,92.8137108158,27.0508919062
 04/03  22:00:00,65.712504302,24.19291485
 04/03  23:00:00,43.0427573486,23.181550285900002
 04/03  24:00:00,36.9739136385,26.548897351500003
 04/04  01:00:00,34.931172649400004,23.1474526825
 04/04  02:00:00,32.7641425193,28.814487005300002
 04/04  03:00:00,32.5447815752,29.657558456999997
 04/04  04:00:00,33.9826821072,30.6685857653
 04/04  05:00:00,41.6272914804,29.9893059284
 04/04  06:00:00,73.2262998101,41.9591727974
 04/04  07:00:00,87.6345855366,41.8479329172
 04/04  08:00:00,73.5816169225,48.8535507461
 04/04  09:00:00,71.3843046843,52.560354135299995
 04/04  10:00:00,53.4607307033,43.8472614683
 04/04  11:00:00,54.047349877600006,42.250571966399995
 04/04  12:00:00,54.9327652499,41.7991588761
 04/04  13:00:00,56.4915797502,41.4467191671
 04/04  14:00:00,58.55737656149999,47.2896226369
 04/04  15:00:00,59.470900227799994,41.4288539552
 04/04  16:00:00,64.4065012429,18.045
 04/04  17:00:00,77.6330248286,11.5433882579
 04/04  18:00:00,85.14280175479999,11.6149242734
 04/04  19:00:00,88.0279490072,11.572749587899999
 04/04  20:00:00,104.234699263,11.686604161400002
 04/04  21:00:00,98.41690146290001,18.2474532194
 04/04  22:00:00,71.1356898421,13.259176636900001
 04/04  23:00:00,47.955830943100004,8.751833962300001
 04/04  24:00:00,41.2150752675,9.93513240758
 04/05  01:00:00,38.6248857525,4.63857776026
 04/05  02:00:00,35.7551391207,11.666309014200001
 04/05  03:00:00,35.1191035716,12.527923499000002
 04/05  04:00:00,36.2648942556,13.7229543502
 04/05  05:00:00,43.9190132952,13.8121969464
 04/05  06:00:00,77.03097768159999,25.655479384299998
 04/05  07:00:00,93.1774856421,24.1447929343
 04/05  08:00:00,78.4590508314,36.5567799876
 04/05  09:00:00,75.9940973202,47.437437445200004
 04/05  10:00:00,57.918660125200006,41.501205483
 04/05  11:00:00,59.7271391655,41.4441572965
 04/05  12:00:00,62.4626781359,41.4446607199
 04/05  13:00:00,64.0826917804,41.4453172287
 04/05  14:00:00,65.38686034359999,41.4460308543
 04/05  15:00:00,65.8029544942,47.2859779046
 04/05  16:00:00,70.8553584727,18.045
 04/05  17:00:00,83.3606472382,11.5442148061
 04/05  18:00:00,90.1129436375,11.614015891900001
 04/05  19:00:00,92.73939211620001,11.5722155728
 04/05  20:00:00,108.459541154,11.5721897423
 04/05  21:00:00,101.464203615,13.303226381400002
 04/05  22:00:00,73.9237527418,15.7702765405
 04/05  23:00:00,50.5287094684,6.43753936569
 04/05  24:00:00,43.467218485699995,7.080683898039999
 04/06  01:00:00,40.3326872958,2.7516149319700003
 04/06  02:00:00,36.9314413958,11.872150261199998
 04/06  03:00:00,36.3459514903,11.5212268398
 04/06  04:00:00,37.5707728055,10.7386653956
 04/06  05:00:00,45.1877853484,10.315023678
 04/06  06:00:00,78.5037769515,21.3990354135
 04/06  07:00:00,94.59666889520001,20.6203821992
 04/06  08:00:00,80.0289622568,35.507616610300005
 04/06  09:00:00,77.73635019439999,47.4337636645
 04/06  10:00:00,60.0119145944,41.5011868433
 04/06  11:00:00,62.2315117081,41.441747564
 04/06  12:00:00,64.3211191243,41.440861938400005
 04/06  13:00:00,66.1727718713,41.4414385408
 04/06  14:00:00,67.4586171,41.442017291300004
 04/06  15:00:00,66.50023536399999,41.442593175300004
 04/06  16:00:00,69.2343235986,23.7931728447
 04/06  17:00:00,80.6456409992,11.544113830999999
 04/06  18:00:00,87.3941352233,11.6141046709
 04/06  19:00:00,89.86655034610001,11.5720233019
 04/06  20:00:00,106.54860078799999,11.5842371026
 04/06  21:00:00,101.183935283,11.627950739700001
 04/06  22:00:00,74.067760503,11.7712326303
 04/06  23:00:00,50.90665175270001,6.75823509429
 04/06  24:00:00,44.1116435177,7.1295587976300006
 04/07  01:00:00,41.6620830112,6.82635304132
 04/07  02:00:00,38.4962965709,8.49563881563
 04/07  03:00:00,37.627942428699996,10.4071790899
 04/07  04:00:00,38.8697048631,4.982177907990001
 04/07  05:00:00,46.4554289889,16.9923540551
 04/07  06:00:00,80.2430442127,22.718349324899997
 04/07  07:00:00,96.3827926311,21.958695021900002
 04/07  08:00:00,80.6382350834,36.6633095913
 04/07  09:00:00,77.2515624791,48.4934738646
 04/07  10:00:00,57.6201307511,43.3371447521
 04/07  11:00:00,57.2597849441,43.054661126499994
 04/07  12:00:00,57.039237459300004,43.8516538441
 04/07  13:00:00,57.2138232434,41.5358485124
 04/07  14:00:00,57.4302585195,41.4359756931
 04/07  15:00:00,57.4557100193,42.3183868829
 04/07  16:00:00,61.7171939562,24.6268850289
 04/07  17:00:00,73.7980794683,7.01375649484
 04/07  18:00:00,80.8633522534,21.1308897501
 04/07  19:00:00,83.8518573236,17.8260784144
 04/07  20:00:00,100.48748317100001,15.5137418495
 04/07  21:00:00,94.7693456227,28.435903154600002
 04/07  22:00:00,67.6849361445,23.3820252675
 04/07  23:00:00,45.012626771,18.5958384753
 04/07  24:00:00,38.7212507711,18.9766856946
 04/08  01:00:00,39.239726518400005,20.3075155075
 04/08  02:00:00,33.9335596934,16.4499503917
 04/08  03:00:00,33.5504945911,24.0609981067
 04/08  04:00:00,34.8498119271,25.911848183000004
 04/08  05:00:00,38.7561596924,27.0887162796
 04/08  06:00:00,59.4552756531,32.957431257399996
 04/08  07:00:00,71.4980453762,31.8249509571
 04/08  08:00:00,97.1165734768,55.002975328199994
 04/08  09:00:00,83.1027532911,57.565844464799994
 04/08  10:00:00,57.6645790121,55.51561500020001
 04/08  11:00:00,55.706358409399996,52.170615247200004
 04/08  12:00:00,56.797836715,44.4816470182
 04/08  13:00:00,57.877771752700006,41.4309988592
 04/08  14:00:00,58.719868052200006,41.429527752
 04/08  15:00:00,58.869587296899994,41.4331434255
 04/08  16:00:00,62.8541645749,23.793093399099998
 04/08  17:00:00,71.2847001661,5.77505280112
 04/08  18:00:00,87.1157346591,6.19571899267
 04/08  19:00:00,87.98912893549999,13.2859152019
 04/08  20:00:00,101.40393382200001,16.5202681084
 04/08  21:00:00,98.7200810263,18.796862635
 04/08  22:00:00,73.719661476,22.680943051
 04/08  23:00:00,47.77967532,25.562569135700002
 04/08  24:00:00,40.1536187103,21.2768177028
 04/09  01:00:00,39.226266332399994,18.6468178858
 04/09  02:00:00,33.824545187800005,27.0076146102
 04/09  03:00:00,33.5609620401,26.8659688028
 04/09  04:00:00,35.0461950323,25.455257378400002
 04/09  05:00:00,38.951200988800004,26.6012802515
 04/09  06:00:00,59.4217546462,28.4651324233
 04/09  07:00:00,71.7553443737,38.228851448200004
 04/09  08:00:00,97.3604405191,53.8335100927
 04/09  09:00:00,83.3891877888,55.0067347407
 04/09  10:00:00,58.0649996901,52.644683052
 04/09  11:00:00,56.3733586071,43.279899691400004
 04/09  12:00:00,57.853157913500006,41.8203433683
 04/09  13:00:00,59.300147663800004,41.4394805937
 04/09  14:00:00,61.0451688103,41.438762965100004
 04/09  15:00:00,62.2256219613,41.4389087804
 04/09  16:00:00,66.67545901449999,23.792901915500003
 04/09  17:00:00,75.4416776579,5.77483514852
 04/09  18:00:00,91.2558124936,11.543564999800001
 04/09  19:00:00,91.66077550680001,5.850100799330001
 04/09  20:00:00,104.276346526,12.8045467659
 04/09  21:00:00,100.83130022799999,15.907700504200001
 04/09  22:00:00,76.3041414509,22.607861951700002
 04/09  23:00:00,50.39994928350001,13.131685806400002
 04/09  24:00:00,42.2883695743,15.6917364473
 04/10  01:00:00,37.8386072408,17.6800271304
 04/10  02:00:00,35.038364474699996,18.6836461022
 04/10  03:00:00,34.389715929299996,14.309077848
 04/10  04:00:00,35.6184390313,20.989450761300002
 04/10  05:00:00,43.269197102700005,26.0842980885
 04/10  06:00:00,75.4913364333,26.4068150559
 04/10  07:00:00,91.2770791293,35.9676725877
 04/10  08:00:00,77.170827538,33.1726535961
 04/10  09:00:00,75.43256528090001,47.5250807137
 04/10  10:00:00,58.27578197020001,47.360127446599996
 04/10  11:00:00,60.6075833962,41.4355623947
 04/10  12:00:00,63.0825988078,41.4259924303
 04/10  13:00:00,65.8765190104,41.4235206194
 04/10  14:00:00,67.4883529708,41.4235672568
 04/10  15:00:00,68.5368064692,41.4236204027
 04/10  16:00:00,73.6929317754,18.045
 04/10  17:00:00,86.9107374384,11.5433428498
 04/10  18:00:00,93.6704015702,11.612240431400002
 04/10  19:00:00,96.0935921215,11.5707409478
 04/10  20:00:00,109.893638023,11.606612891400001
 04/10  21:00:00,102.700712793,11.6265330197
 04/10  22:00:00,75.0200971662,11.584985312999999
 04/10  23:00:00,51.506006919799994,11.7705401317
 04/10  24:00:00,44.3089867347,1.05237395857
 04/11  01:00:00,40.9778916733,8.43735527884
 04/11  02:00:00,37.863360842199995,9.95982322887
 04/11  03:00:00,36.7650635742,12.2261653357
 04/11  04:00:00,37.6285149162,7.931657428060001
 04/11  05:00:00,45.080205558100005,19.9653713973
 04/11  06:00:00,78.14322430760001,25.7195535807
 04/11  07:00:00,94.18825056200001,23.7693544301
 04/11  08:00:00,79.0695445957,36.8596339471
 04/11  09:00:00,75.78658549939999,42.1849647145
 04/11  10:00:00,57.629758046099994,47.630515457399994
 04/11  11:00:00,59.7146864829,41.4378803663
 04/11  12:00:00,62.720779157299994,41.4293924114
 04/11  13:00:00,65.3016069433,41.4268312164
 04/11  14:00:00,66.5915857392,41.4267153095
 04/11  15:00:00,67.42521201859999,41.4265986002
 04/11  16:00:00,72.2592744993,23.792749059400002
 04/11  17:00:00,83.8925992313,5.78169096705
 04/11  18:00:00,89.7790809964,11.612037600299999
 04/11  19:00:00,90.9333145085,11.5861066235
 04/11  20:00:00,106.26359736799999,11.653712091700001
 04/11  21:00:00,99.513012216,18.900933032
 04/11  22:00:00,71.6952081803,14.8872251562
 04/11  23:00:00,48.367972303900004,11.3393205178
 04/11  24:00:00,41.3418409189,13.4465511971
 04/12  01:00:00,38.247964202199995,10.6105112939
 04/12  02:00:00,35.6713602717,15.9933378593
 04/12  03:00:00,35.1511156953,16.1818794255
 04/12  04:00:00,36.2575821463,17.1441294897
 04/12  05:00:00,43.9237865662,16.5480309694
 04/12  06:00:00,76.7413360234,28.4106956746
 04/12  07:00:00,90.32852459860001,28.4680465073
 04/12  08:00:00,76.7291486606,42.9360660342
 04/12  09:00:00,73.10166965399999,52.7932807901
 04/12  10:00:00,53.6948980849,53.02659617770001
 04/12  11:00:00,53.24354535729999,52.0355189363
 04/12  12:00:00,53.2191296328,49.9895704394
 04/12  13:00:00,53.4324070826,47.8586759312
 04/12  14:00:00,53.5298759733,47.139902928599994
 04/12  15:00:00,53.1020419625,49.30581442770001
 04/12  16:00:00,56.8004368177,32.1583382669
 04/12  17:00:00,68.6715311004,13.3423936184
 04/12  18:00:00,76.7086366453,21.4736176764
 04/12  19:00:00,80.0162417389,21.929131747899998
 04/12  20:00:00,97.2115024039,24.0407392362
 04/12  21:00:00,92.0130918049,30.7835659676
 04/12  22:00:00,65.0675418058,26.816765334299998
 04/12  23:00:00,42.9672781812,23.5547038283
 04/12  24:00:00,37.2497588866,24.4509569392
 04/13  01:00:00,35.335156349,18.9644427352
 04/13  02:00:00,33.1061148079,25.973669142
 04/13  03:00:00,32.8192845554,28.040675997399997
 04/13  04:00:00,34.2376290844,28.996567711399997
 04/13  05:00:00,41.9191295507,28.2591407171
 04/13  06:00:00,73.5825767267,40.186062461300004
 04/13  07:00:00,85.92554889700001,39.2063737326
 04/13  08:00:00,73.4566261713,50.8420144955
 04/13  09:00:00,70.88705578380001,52.2469746067
 04/13  10:00:00,52.870360689099996,54.953576631400004
 04/13  11:00:00,53.445133679799994,45.143494837
 04/13  12:00:00,54.1276322448,43.8240170692
 04/13  13:00:00,55.0166985224,41.4339777552
 04/13  14:00:00,55.848112325900004,41.4247411778
 04/13  15:00:00,56.0042194234,41.426780264099996
 04/13  16:00:00,59.841678852,23.792500109000002
 04/13  17:00:00,71.8630452364,6.01779017888
 04/13  18:00:00,79.3949022793,13.4560925352
 04/13  19:00:00,82.3667346595,15.094024018399999
 04/13  20:00:00,99.02541144860001,18.3425767711
 04/13  21:00:00,93.27485789190001,26.8059407
 04/13  22:00:00,66.2558951292,20.075921378900002
 04/13  23:00:00,43.749311199,25.3238130983
 04/13  24:00:00,37.5347069778,22.9718190259
 04/14  01:00:00,35.394931636,19.237922058
 04/14  02:00:00,33.1193912786,27.018849714899996
 04/14  03:00:00,32.8096007476,29.247374329899998
 04/14  04:00:00,34.2078448286,30.309495560300004
 04/14  05:00:00,41.812910421,30.7818010972
 04/14  06:00:00,73.3248877868,43.445762288999994
 04/14  07:00:00,85.94144449,41.131120996199996
 04/14  08:00:00,73.8078486762,49.059266747799995
 04/14  09:00:00,71.1747893136,49.8020068557
 04/14  10:00:00,53.1870247546,52.3545771919
 04/14  11:00:00,53.6464960838,43.9950696885
 04/14  12:00:00,54.4773708488,43.222019360299996
 04/14  13:00:00,55.7801482354,41.424471867600005
 04/14  14:00:00,56.654484725799996,41.4197919139
 04/14  15:00:00,57.375716312399994,41.4224853113
 04/14  16:00:00,61.9924867525,18.045
 04/14  17:00:00,74.61596472949999,11.542280546099999
 04/14  18:00:00,82.1617826362,11.6177104152
 04/14  19:00:00,85.0600877099,11.905725148599998
 04/14  20:00:00,101.124424797,14.953759897100001
 04/14  21:00:00,94.9044302481,18.9470843914
 04/14  22:00:00,67.3633233332,23.5343254621
 04/14  23:00:00,44.833622768400005,18.829807398
 04/14  24:00:00,38.533533927600004,19.2025705246
 04/15  01:00:00,38.961795969499995,21.273025213900002
 04/15  02:00:00,33.5771907659,24.3707509715
 04/15  03:00:00,33.1854164869,21.245263063299998
 04/15  04:00:00,34.5073050388,29.147163226300002
 04/15  05:00:00,38.474565289299996,29.4558778822
 04/15  06:00:00,59.1860755702,34.6881416277
 04/15  07:00:00,69.48887049999999,39.1697563357
 04/15  08:00:00,96.73589259030001,49.216065772
 04/15  09:00:00,82.7353031985,57.273412063500004
 04/15  10:00:00,57.53515265229999,54.4368644417
 04/15  11:00:00,55.6060222529,44.8408654554
 04/15  12:00:00,56.66525611189999,43.6723156675
 04/15  13:00:00,58.1609307088,41.4350377166
 04/15  14:00:00,59.460492626000004,41.4343240604
 04/15  15:00:00,59.799300281899995,41.4335173709
 04/15  16:00:00,64.1495703993,23.792550975700003
 04/15  17:00:00,72.5871524649,5.77430093306
 04/15  18:00:00,88.59097613360001,11.550564248699999
 04/15  19:00:00,89.6788978707,5.8244473479400005
 04/15  20:00:00,102.75616191200001,13.9268942289
 04/15  21:00:00,100.029940002,16.0132083764
 04/15  22:00:00,75.481807763,23.2634566907
 04/15  23:00:00,48.9345050335,16.8457415003
 04/15  24:00:00,40.5965579446,21.8208489605
 04/16  01:00:00,39.6943665453,23.471568022399996
 04/16  02:00:00,34.2243517183,18.1204625253
 04/16  03:00:00,33.8692471851,24.2085599157
 04/16  04:00:00,35.111297286799996,26.635962683800003
 04/16  05:00:00,38.9652500679,28.710777642300002
 04/16  06:00:00,59.45879743810001,35.7140962612
 04/16  07:00:00,69.8881278252,33.9460276506
 04/16  08:00:00,98.2478516266,50.536562312799994
 04/16  09:00:00,85.0620284606,48.8315454667
 04/16  10:00:00,59.5099046983,47.5883347385
 04/16  11:00:00,57.8309732477,41.4860035891
 04/16  12:00:00,59.1329952916,41.428380227199995
 04/16  13:00:00,60.667050463900004,41.4273084755
 04/16  14:00:00,62.4407358455,41.4251450903
 04/16  15:00:00,63.4263664199,41.424233030799996
 04/16  16:00:00,67.9399890252,23.7925011676
 04/16  17:00:00,76.6820193155,5.77429014327
 04/16  18:00:00,91.9137861024,5.781032098250001
 04/16  19:00:00,92.8455363076,11.568737867100001
 04/16  20:00:00,104.340958032,11.5831426725
 04/16  21:00:00,102.983830276,5.7943040762099995
 04/16  22:00:00,77.8238252092,18.4235266996
 04/16  23:00:00,51.6810633385,14.2668176429
 04/16  24:00:00,43.862000063800004,8.749008469249999
 04/17  01:00:00,39.4746963648,6.278724481259999
 04/17  02:00:00,36.539104822199995,12.0115935495
 04/17  03:00:00,35.8567668751,12.334816448900002
 04/17  04:00:00,36.872473532,7.79332223969
 04/17  05:00:00,44.3334454943,20.3329190323
 04/17  06:00:00,77.2894502362,26.0552744519
 04/17  07:00:00,91.5215540798,24.0306305744
 04/17  08:00:00,79.1096096387,30.210993984899996
 04/17  09:00:00,76.8808758683,47.4152447791
 04/17  10:00:00,59.1474271712,42.462530192399996
 04/17  11:00:00,60.6508346579,40.46173783
 04/17  12:00:00,62.635010388599994,41.4325569897
 04/17  13:00:00,64.9154813481,41.4314050295
 04/17  14:00:00,66.0876852805,41.4303054704
 04/17  15:00:00,67.0424470455,41.429215924299996
 04/17  16:00:00,72.1230508832,23.7924348623
 04/17  17:00:00,85.1422165454,5.78067936094
 04/17  18:00:00,92.1987930015,17.403713343099998
 04/17  19:00:00,94.36456591209999,11.566104830599999
 04/17  20:00:00,108.683306484,5.794206683550001
 04/17  21:00:00,103.785077412,17.4604252672
 04/17  22:00:00,75.5324861216,11.650471663900001
 04/17  23:00:00,51.8735114221,6.599819703910001
 04/17  24:00:00,44.36743634689999,7.99972236386
 04/18  01:00:00,41.3104797991,9.4350327063
 04/18  02:00:00,38.6699416679,2.35663230341
 04/18  03:00:00,37.276651711599996,11.121273278499999
 04/18  04:00:00,38.0336387738,12.724258040899999
 04/18  05:00:00,46.4093206758,9.03742297773
 04/18  06:00:00,80.3299005754,19.0757124477
 04/18  07:00:00,94.4813194496,18.8816669548
 04/18  08:00:00,81.8926717717,35.391108838600005
 04/18  09:00:00,80.1964643116,41.5407463406
 04/18  10:00:00,62.8067796446,47.3468188778
 04/18  11:00:00,64.7702895944,41.4296014954
 04/18  12:00:00,67.3317341118,41.418971189000004
 04/18  13:00:00,69.4816682764,41.4153057322
 04/18  14:00:00,71.25977305100001,37.6755913847
 04/18  15:00:00,72.0429092353,39.3258937478
 04/18  16:00:00,76.5842322873,23.7921504253
 04/18  17:00:00,89.49659197620001,11.5414518163
 04/18  18:00:00,96.7030393031,11.6088173385
 04/18  19:00:00,98.781223911,11.5677449081
 04/18  20:00:00,111.369582555,5.792961983890001
 04/18  21:00:00,106.295995751,17.424277663599998
 04/18  22:00:00,77.60823574359999,11.5821795629
 04/18  23:00:00,53.292778256800005,5.77306575363
 04/18  24:00:00,46.0298124673,5.767387855569999
 04/19  01:00:00,43.1549034412,5.760610391
 04/19  02:00:00,40.1976380769,0.06770563446359999
 04/19  03:00:00,39.247014707199995,6.34552789288
 04/19  04:00:00,40.2059991864,6.68752059783
 04/19  05:00:00,47.7389470004,7.12368288758
 04/19  06:00:00,81.3533594352,18.9881259072
 04/19  07:00:00,95.6733312691,18.799488328800003
 04/19  08:00:00,83.3106647339,35.3905901204
 04/19  09:00:00,81.44122443100001,47.4131262539
 04/19  10:00:00,63.8788511663,41.486077464699996
 04/19  11:00:00,65.4489197411,41.4277145342
 04/19  12:00:00,66.8379358268,41.419849765100004
 04/19  13:00:00,69.06771283180001,41.4160543069
 04/19  14:00:00,71.09441651569999,41.414663377
 04/19  15:00:00,70.4545689862,40.6387842855
 04/19  16:00:00,74.73288952729999,18.806144326400002
 04/19  17:00:00,88.07839526549999,11.541135549000002
 04/19  18:00:00,94.53892229540001,11.6088653678
 04/19  19:00:00,96.79478945620001,11.567867048800002
 04/19  20:00:00,110.721576159,11.5653891753
 04/19  21:00:00,105.763907836,11.622526788499998
 04/19  22:00:00,77.2529723299,11.581805196400001
 04/19  23:00:00,53.2153991727,5.7741416899599995
 04/19  24:00:00,45.986006593199996,5.76743272884
 04/20  01:00:00,43.12677051359999,5.76066175727
 04/20  02:00:00,40.1535156545,0.0924665382832
 04/20  03:00:00,39.2488762802,6.3493226404400005
 04/20  04:00:00,40.240958317,6.6855024081
 04/20  05:00:00,48.014979443,6.70122860653
 04/20  06:00:00,81.9161182909,18.3294501588
 04/20  07:00:00,96.37053604389999,18.1346656809
 04/20  08:00:00,83.820685198,35.3876489014
 04/20  09:00:00,80.9368281704,43.5712157493
 04/20  10:00:00,63.4096447588,45.3140252786
 04/20  11:00:00,66.1863906468,41.4275155764
 04/20  12:00:00,69.8626827122,41.4177648053
 04/20  13:00:00,72.5254354613,41.4137967591
 04/20  14:00:00,73.3524218363,40.6571008736
 04/20  15:00:00,73.9088656202,36.338991812399996
 04/20  16:00:00,78.2463527008,23.7921213244
 04/20  17:00:00,86.8451485834,11.5399350574
 04/20  18:00:00,90.9544089468,11.607662573399999
 04/20  19:00:00,93.0803026264,11.5667628411
 04/20  20:00:00,107.132566098,6.253751567949999
 04/20  21:00:00,102.976351022,18.3995142723
 04/20  22:00:00,75.4675973691,12.75047661
 04/20  23:00:00,52.1357496865,7.08562686984
 04/20  24:00:00,45.4659896878,7.18917783763
 04/21  01:00:00,41.5985492537,9.65535648458
 04/21  02:00:00,37.8435349688,6.95486808912
 04/21  03:00:00,36.7271941652,15.3961385193
 04/21  04:00:00,37.3498542114,17.845503258599997
 04/21  05:00:00,44.669967489399994,18.8749613682
 04/21  06:00:00,77.5721828954,31.436539927
 04/21  07:00:00,91.1336872255,29.604497725300003
 04/21  08:00:00,77.58981033020001,42.8853838612
 04/21  09:00:00,74.2515128089,48.640078331400005
 04/21  10:00:00,54.585705123900006,55.788601605299995
 04/21  11:00:00,54.1642460394,50.2977726759
 04/21  12:00:00,54.0522477679,43.276062079700004
 04/21  13:00:00,54.1298997852,47.5254804807
 04/21  14:00:00,54.3530193719,45.9256977179
 04/21  15:00:00,54.4298223212,46.533841582799994
 04/21  16:00:00,58.73791965189999,28.0231983346
 04/21  17:00:00,71.61230332550001,8.831419902050001
 04/21  18:00:00,79.9470267883,21.768254122
 04/21  19:00:00,83.8912108077,10.2629667599
 04/21  20:00:00,99.33937716930001,18.0744742377
 04/21  21:00:00,95.64783151889999,25.493519329
 04/21  22:00:00,68.0435778004,22.4359268849
 04/21  23:00:00,44.9715650429,19.7356226295
 04/21  24:00:00,38.798827521599996,19.706835085799998
 04/22  01:00:00,39.36825272,14.6715246915
 04/22  02:00:00,34.1017723627,21.2808681202
 04/22  03:00:00,33.8278094132,21.554443522899998
 04/22  04:00:00,35.087941334899995,21.9035482993
 04/22  05:00:00,39.1955403238,20.396413548599998
 04/22  06:00:00,58.367754837700005,18.0616057535
 04/22  07:00:00,71.4651502866,27.7532405381
 04/22  08:00:00,101.042574434,41.0442274721
 04/22  09:00:00,86.2847649352,51.270307684799995
 04/22  10:00:00,59.077551380500005,51.995917606000006
 04/22  11:00:00,55.808033115200004,46.2057403329
 04/22  12:00:00,55.956972817600004,45.736886651199995
 04/22  13:00:00,56.798743089300004,42.361965104
 04/22  14:00:00,57.365686515,41.537704591
 04/22  15:00:00,57.8034469671,42.0169045898
 04/22  16:00:00,61.8956269319,24.4894809485
 04/22  17:00:00,69.3515227891,8.10843263203
 04/22  18:00:00,84.613486518,13.4755132669
 04/22  19:00:00,85.5094323476,21.5879135921
 04/22  20:00:00,97.14220101379999,23.988859332199997
 04/22  21:00:00,96.52602484049999,19.2761082408
 04/22  22:00:00,72.0896558784,32.664673528099996
 04/22  23:00:00,46.395755132,22.61880057
 04/22  24:00:00,39.1191993933,23.882799934
 04/23  01:00:00,38.6236266497,24.855057236599997
 04/23  02:00:00,33.35158717,26.2160930967
 04/23  03:00:00,32.9774021199,22.6063199969
 04/23  04:00:00,34.4007625522,30.329032233400003
 04/23  05:00:00,38.5135748246,30.144948110500003
 04/23  06:00:00,57.100153456899996,35.555181172
 04/23  07:00:00,69.5136848886,33.1492096435
 04/23  08:00:00,96.3544260111,57.0761408463
 04/23  09:00:00,81.74352660689999,62.7690646188
 04/23  10:00:00,56.0467211192,63.937786719099996
 04/23  11:00:00,53.3189825571,58.2939721116
 04/23  12:00:00,53.101001859700006,58.694144868900004
 04/23  13:00:00,52.893934431999995,56.461059141499994
 04/23  14:00:00,52.854085958999995,56.232494937
 04/23  15:00:00,52.3979024601,58.336701785
 04/23  16:00:00,55.87471445,35.4320832759
 04/23  17:00:00,63.4473784356,24.291412866199998
 04/23  18:00:00,78.4713075032,34.9158496861
 04/23  19:00:00,79.3659871318,30.6225537633
 04/23  20:00:00,91.2870439704,37.618816864
 04/23  21:00:00,90.7584767182,39.2030369189
 04/23  22:00:00,67.6778370909,40.9451462542
 04/23  23:00:00,43.7296197882,42.955886032399995
 04/23  24:00:00,37.231712965999996,38.1921832545
 04/24  01:00:00,34.0743145259,38.5645483763
 04/24  02:00:00,32.0535950665,33.780155501100005
 04/24  03:00:00,32.05797138,40.2824697341
 04/24  04:00:00,33.7159738022,39.5516012144
 04/24  05:00:00,41.4321350036,38.0264455677
 04/24  06:00:00,70.7942109729,48.3951384435
 04/24  07:00:00,85.2180020126,46.0952447321
 04/24  08:00:00,72.21772272310001,52.0310261645
 04/24  09:00:00,69.2935129664,68.2347564038
 04/24  10:00:00,51.1366185525,61.3523214654
 04/24  11:00:00,50.923951833100006,61.183628218500004
 04/24  12:00:00,50.7709819667,59.826706377700006
 04/24  13:00:00,51.1659583204,58.3166660201
 04/24  14:00:00,51.0878734565,57.877868967
 04/24  15:00:00,50.90816548270001,56.0428359355
 04/24  16:00:00,54.9482153725,35.6645462877
 04/24  17:00:00,66.7156468464,17.1605658942
 04/24  18:00:00,74.22142401560001,24.974656208000003
 04/24  19:00:00,77.3099239033,24.758643656700002
 04/24  20:00:00,92.3395158328,27.2950335074
 04/24  21:00:00,88.71136599469999,30.6226099994
 04/24  22:00:00,62.6206457206,33.0514513989
 04/24  23:00:00,41.500297094400004,28.289705059499997
 04/24  24:00:00,36.0010128328,28.676640920300002
 04/25  01:00:00,34.1932174093,28.9812550477
 04/25  02:00:00,32.0822732347,24.6399945177
 04/25  03:00:00,32.008534553400004,31.31700575
 04/25  04:00:00,33.6033936138,31.7486315188
 04/25  05:00:00,41.330691414,36.878168316
 04/25  06:00:00,70.85399718939999,36.1403220926
 04/25  07:00:00,85.5383040506,38.5926783245
 04/25  08:00:00,73.0246120907,48.43116674
 04/25  09:00:00,70.2899512592,50.228262139899996
 04/25  10:00:00,52.1050338946,53.6840458885
 04/25  11:00:00,52.4813461755,40.714165144
 04/25  12:00:00,52.9913069229,42.7846675685
 04/25  13:00:00,53.389028038599996,41.7276023397
 04/25  14:00:00,53.7127900571,41.4189690903
 04/25  15:00:00,53.969658404700006,41.7404366212
 04/25  16:00:00,58.3948038201,23.822019412
 04/25  17:00:00,71.0900405479,5.793841269620001
 04/25  18:00:00,78.8998515049,12.972246158699999
 04/25  19:00:00,82.2768840844,13.746515537
 04/25  20:00:00,97.430378716,16.0163018475
 04/25  21:00:00,93.9240484485,17.8015920762
 04/25  22:00:00,67.1446996023,18.6410912498
 04/25  23:00:00,44.730580518400004,13.8124549577
 04/25  24:00:00,38.250807046,16.005801748
 04/26  01:00:00,35.7256301878,19.5431379193
 04/26  02:00:00,33.442250445700004,21.029016850999998
 04/26  03:00:00,33.282490471500005,15.5717133425
 04/26  04:00:00,34.7778413954,21.5550953277
 04/26  05:00:00,42.5022510794,26.593780756799998
 04/26  06:00:00,72.7920552353,25.8510811917
 04/26  07:00:00,88.6487399858,30.5058318021
 04/26  08:00:00,75.1629797576,43.066206183199995
 04/26  09:00:00,71.8446802724,49.5524986041
 04/26  10:00:00,53.018682958,56.6306583418
 04/26  11:00:00,52.727722950600004,51.096834576499994
 04/26  12:00:00,52.437229665,45.8825102164
 04/26  13:00:00,52.20587535479999,52.159462079899996
 04/26  14:00:00,52.1304877835,52.004434543
 04/26  15:00:00,51.99828811,53.0203188829
 04/26  16:00:00,56.073832126499994,34.1856653915
 04/26  17:00:00,68.1712331901,13.836108895799999
 04/26  18:00:00,76.28839973310001,21.408503019
 04/26  19:00:00,79.6396134903,23.5549583754
 04/26  20:00:00,95.1650383806,25.960316997
 04/26  21:00:00,92.0102624158,26.548081208899998
 04/26  22:00:00,65.0207703154,28.408649234699997
 04/26  23:00:00,42.899514280700004,23.1858982625
 04/26  24:00:00,37.128026231599996,23.9279629947
 04/27  01:00:00,35.1627678257,24.7960988424
 04/27  02:00:00,32.9219744722,26.2196144179
 04/27  03:00:00,32.6754739637,21.4595372768
 04/27  04:00:00,34.0929643843,28.594689098299998
 04/27  05:00:00,41.8142245356,33.153066645100004
 04/27  06:00:00,71.8563786874,31.6706272918
 04/27  07:00:00,86.2388864594,35.7436902698
 04/27  08:00:00,73.82156681020001,47.8456540471
 04/27  09:00:00,70.99493941760001,52.778332065
 04/27  10:00:00,52.1212251695,59.909503405100004
 04/27  11:00:00,51.9611249357,47.504473175
 04/27  12:00:00,52.547456345600004,49.9338079645
 04/27  13:00:00,52.934568570299994,47.4121687833
 04/27  14:00:00,52.7751542949,46.199932032
 04/27  15:00:00,52.46951051600001,47.7868250543
 04/27  16:00:00,56.63192569899999,28.7740631787
 04/27  17:00:00,68.9485838161,9.7982049581
 04/27  18:00:00,76.6764069019,19.2574829475
 04/27  19:00:00,80.1170719965,20.252100962300002
 04/27  20:00:00,95.6372565849,21.4603322356
 04/27  21:00:00,92.22263066129999,22.6598348461
 04/27  22:00:00,65.4633106643,24.0340442088
 04/27  23:00:00,43.1411006813,20.2225557371
 04/27  24:00:00,37.2567597525,21.1331405599
 04/28  01:00:00,35.2614949002,22.4159313615
 04/28  02:00:00,33.0005613062,18.5429891579
 04/28  03:00:00,32.7777555815,25.1817046225
 04/28  04:00:00,34.2730693574,25.4464338108
 04/28  05:00:00,41.9828580473,24.683255514000003
 04/28  06:00:00,71.8163003797,37.6955934684
 04/28  07:00:00,86.5816415122,35.9359739341
 04/28  08:00:00,74.3328237934,40.6965650665
 04/28  09:00:00,71.4792692599,56.047720696099994
 04/28  10:00:00,53.0291269758,49.7356845181
 04/28  11:00:00,53.2890414505,47.3082643212
 04/28  12:00:00,53.8643594246,45.9754383013
 04/28  13:00:00,54.8452290671,42.5340842277
 04/28  14:00:00,55.885606965,41.6951516612
 04/28  15:00:00,56.3843334395,42.6640547672
 04/28  16:00:00,60.9925685222,18.9266103236
 04/28  17:00:00,73.3693897306,12.590314348800002
 04/28  18:00:00,80.7169640054,14.311421259100001
 04/28  19:00:00,83.9679078561,16.903777649200002
 04/28  20:00:00,98.8456767396,14.3676308777
 04/28  21:00:00,95.02785441340001,27.698661492800003
 04/28  22:00:00,68.0184752978,23.2799020958
 04/28  23:00:00,45.3384964367,18.576632615
 04/28  24:00:00,38.9380244509,18.9982362208
 04/29  01:00:00,39.4792568411,14.5732826613
 04/29  02:00:00,34.0283258904,21.2046087239
 04/29  03:00:00,33.6809252914,22.4578497379
 04/29  04:00:00,35.0740154269,23.2781491573
 04/29  05:00:00,39.108760013600005,22.7767133231
 04/29  06:00:00,58.187822671199996,21.0615370069
 04/29  07:00:00,71.0115238174,30.702593553899998
 04/29  08:00:00,99.6431171678,44.6034531967
 04/29  09:00:00,84.59058379560001,56.1977074092
 04/29  10:00:00,58.1240018603,56.2722882706
 04/29  11:00:00,55.582112789700005,49.119778205799996
 04/29  12:00:00,56.366268873500005,47.6468897148
 04/29  13:00:00,56.7245594499,44.8317032639
 04/29  14:00:00,57.191554077700005,38.0038207941
 04/29  15:00:00,57.355677451400005,44.5165808192
 04/29  16:00:00,60.8878577482,27.2659924922
 04/29  17:00:00,68.9267826976,10.056559825199999
 04/29  18:00:00,84.8333636996,12.9383609374
 04/29  19:00:00,85.7497192673,20.9219505572
 04/29  20:00:00,97.4709515536,23.8033689729
 04/29  21:00:00,96.47667269540001,26.0013275501
 04/29  22:00:00,72.3077357427,27.3922272948
 04/29  23:00:00,46.7994054767,28.2719728949
 04/29  24:00:00,39.5083025912,17.0589072928
 04/30  01:00:00,39.0304838908,23.0478926589
 04/30  02:00:00,33.8417199461,24.276339042399997
 04/30  03:00:00,33.6220268186,18.3289913411
 04/30  04:00:00,35.0237491695,24.7070666923
 04/30  05:00:00,39.0088447852,24.8411731561
 04/30  06:00:00,57.7968533715,29.9155251303
 04/30  07:00:00,70.3105733994,28.4409440293
 04/30  08:00:00,98.3466064774,46.860732132200006
 04/30  09:00:00,83.2565972662,63.8195849598
 04/30  10:00:00,57.1233328562,52.3357430996
 04/30  11:00:00,54.387044449799994,52.0799468688
 04/30  12:00:00,54.7462277578,51.1700565616
 04/30  13:00:00,55.2376572337,46.18700141229999
 04/30  14:00:00,55.89371982,43.9570348117
 04/30  15:00:00,55.997162330500004,44.593380331000006
 04/30  16:00:00,60.013024611400006,26.982608507800002
 04/30  17:00:00,68.5900409866,8.91099153235
 04/30  18:00:00,84.2130304975,13.089046350899999
 04/30  19:00:00,85.6391690407,21.1557645009
 04/30  20:00:00,97.4320179807,18.7348579129
 04/30  21:00:00,96.308394785,27.309497459299998
 04/30  22:00:00,72.2021835807,32.4980900413
 04/30  23:00:00,47.1921007767,21.2673801825
 04/30  24:00:00,40.2352526717,18.4834813874
 05/01  01:00:00,36.57239733,16.298398867
 05/01  02:00:00,34.2966489039,8.499019443869999
 05/01  03:00:00,34.2898778726,12.2581955518
 05/01  04:00:00,36.021152749,10.2649081094
 05/01  05:00:00,43.8332199196,9.880579170019999
 05/01  06:00:00,74.4430970987,25.0553179505
 05/01  07:00:00,90.2406573918,25.910907231
 05/01  08:00:00,77.1929018748,32.9500410909
 05/01  09:00:00,74.1848480199,49.0599013469
 05/01  10:00:00,55.0356879112,43.55360092
 05/01  11:00:00,55.5047403777,42.919844323
 05/01  12:00:00,55.5525584436,44.5994910862
 05/01  13:00:00,56.1239474116,36.4778093956
 05/01  14:00:00,56.981413101,41.6970368407
 05/01  15:00:00,57.5139430486,42.5489089176
 05/01  16:00:00,61.9694053805,24.777267108
 05/01  17:00:00,74.6106072718,6.794822751919999
 05/01  18:00:00,82.5971311902,13.9303728189
 05/01  19:00:00,85.5459477442,16.087200724000002
 05/01  20:00:00,98.2206415039,19.3546272145
 05/01  21:00:00,96.33869960290001,20.2005932127
 05/01  22:00:00,69.21156214220001,20.5657668017
 05/01  23:00:00,46.0700521736,16.6556131881
 05/01  24:00:00,39.425383706,17.445577297899998
 05/02  01:00:00,36.6863041001,19.7938075068
 05/02  02:00:00,34.097727635,15.402857076400002
 05/02  03:00:00,33.8564342014,21.3431686973
 05/02  04:00:00,35.2860986967,21.4782308191
 05/02  05:00:00,42.9740203627,20.6743927977
 05/02  06:00:00,73.385393127,31.378274354299997
 05/02  07:00:00,89.45946018110001,29.790817424
 05/02  08:00:00,76.3679689283,35.7048967651
 05/02  09:00:00,73.7827636745,50.0314744187
 05/02  10:00:00,55.1521084509,43.3035460935
 05/02  11:00:00,55.9080741886,41.9047421577
 05/02  12:00:00,56.8870465935,41.5536620058
 05/02  13:00:00,58.043597473,39.680747353
 05/02  14:00:00,58.8233476105,37.294818480100005
 05/02  15:00:00,59.1016253305,41.4113404701
 05/02  16:00:00,63.460955489499995,23.7910145217
 05/02  17:00:00,76.6973623704,5.778684254680001
 05/02  18:00:00,84.2316545619,16.5956669668
 05/02  19:00:00,86.89299012049999,6.58526723181
 05/02  20:00:00,99.0731875445,13.081071901600001
 05/02  21:00:00,96.68382348639999,15.7917142457
 05/02  22:00:00,69.4149114315,18.3284481395
 05/02  23:00:00,46.361229109700005,15.1768988922
 05/02  24:00:00,39.4934168946,17.3148291376
 05/03  01:00:00,36.9203931141,18.5327912772
 05/03  02:00:00,34.3206354325,13.456320999
 05/03  03:00:00,33.865561749,20.7644453127
 05/03  04:00:00,35.173719414299995,22.8493425931
 05/03  05:00:00,42.781865503,22.9388363608
 05/03  06:00:00,70.9543146704,33.9616356832
 05/03  07:00:00,88.91398583629999,30.356178199099997
 05/03  08:00:00,76.32519225600001,34.5190424437
 05/03  09:00:00,73.54436879880001,49.2545644203
 05/03  10:00:00,54.7046949475,43.560647467299994
 05/03  11:00:00,54.880799305500005,42.862959904899995
 05/03  12:00:00,55.164862042799996,43.3337240403
 05/03  13:00:00,56.205347266000004,35.5705157617
 05/03  14:00:00,57.0986234725,41.4126517152
 05/03  15:00:00,57.5052735347,41.4088500733
 05/03  16:00:00,61.890069529099996,23.7911087599
 05/03  17:00:00,73.9856743749,5.778706405009999
 05/03  18:00:00,81.4288925859,11.729736397
 05/03  19:00:00,84.6142287355,12.4355407132
 05/03  20:00:00,97.7373554516,13.7753353075
 05/03  21:00:00,95.9154745504,15.901166876600001
 05/03  22:00:00,68.9996323201,17.91103797
 05/03  23:00:00,46.366204694,13.7038872845
 05/03  24:00:00,39.7816146102,14.894398495199999
 05/04  01:00:00,37.138679645799996,16.3384738782
 05/04  02:00:00,34.5470937851,11.726314251199998
 05/04  03:00:00,34.0650958195,18.513999503900003
 05/04  04:00:00,35.4401016686,19.3901072273
 05/04  05:00:00,43.082394542799996,19.4561599661
 05/04  06:00:00,71.7496843125,30.7464263868
 05/04  07:00:00,89.57933483020001,28.3814791481
 05/04  08:00:00,76.3980559261,34.9102004738
 05/04  09:00:00,73.2116368974,51.003075076
 05/04  10:00:00,54.253683950299994,45.0294289446
 05/04  11:00:00,54.18804754479999,44.113712567600004
 05/04  12:00:00,54.2136791662,39.1197074971
 05/04  13:00:00,54.67382043560001,42.0998925282
 05/04  14:00:00,54.977598308699996,41.5066178996
 05/04  15:00:00,55.192333249099995,42.142018755
 05/04  16:00:00,59.684413789,23.9113295267
 05/04  17:00:00,72.1603497175,5.7788496584899995
 05/04  18:00:00,80.0680927216,11.966493585
 05/04  19:00:00,83.7055275374,12.1490942849
 05/04  20:00:00,97.3525710703,6.926074752310001
 05/04  21:00:00,96.1304234525,18.889554595699998
 05/04  22:00:00,69.5689210776,13.515551267100001
 05/04  23:00:00,47.2849879188,7.46463108276
 05/04  24:00:00,41.0576098442,7.57733952358
 05/05  01:00:00,38.481327789,3.11050101876
 05/05  02:00:00,35.6934997283,10.5515988541
 05/05  03:00:00,35.0101194942,12.219187469400001
 05/05  04:00:00,36.209890183,12.945131484700001
 05/05  05:00:00,43.867736558599994,13.333214228900001
 05/05  06:00:00,73.25814388090001,18.9281350064
 05/05  07:00:00,91.0888033943,30.2659723452
 05/05  08:00:00,78.0665645748,31.4625459944
 05/05  09:00:00,75.1738663587,41.918709200100004
 05/05  10:00:00,56.7660748083,47.255126063999995
 05/05  11:00:00,57.1312597455,35.9639751258
 05/05  12:00:00,57.822146963,41.407081906
 05/05  13:00:00,58.4019005765,41.4047262755
 05/05  14:00:00,60.0233951766,41.3986954656
 05/05  15:00:00,60.760057971,35.562818110900004
 05/05  16:00:00,65.23715982510001,23.7907817409
 05/05  17:00:00,78.1679362941,11.5371400498
 05/05  18:00:00,85.8713397339,11.6011043368
 05/05  19:00:00,88.89455631989999,5.79015296068
 05/05  20:00:00,101.412034794,11.6205069143
 05/05  21:00:00,99.16151874129999,18.599189619300002
 05/05  22:00:00,71.8760685479,8.47919139665
 05/05  23:00:00,48.899967079,9.79017974172
 05/05  24:00:00,41.7858535736,12.504353957100001
 05/06  01:00:00,41.569613875,15.376759984100001
 05/06  02:00:00,35.5641694392,17.610633238
 05/06  03:00:00,35.002197086500004,12.141942437300001
 05/06  04:00:00,35.966619197,20.0420207248
 05/06  05:00:00,39.663010022399995,22.2470658327
 05/06  06:00:00,56.5878029269,29.416598475
 05/06  07:00:00,71.5243964775,27.1796200925
 05/06  08:00:00,100.323477895,45.516986187600004
 05/06  09:00:00,85.2812698804,56.834979865200005
 05/06  10:00:00,58.4318701741,57.721774582100004
 05/06  11:00:00,55.4094595786,53.5479250905
 05/06  12:00:00,54.476148569799996,57.1476425406
 05/06  13:00:00,54.1098943466,51.8162489438
 05/06  14:00:00,53.6457557092,60.9132517655
 05/06  15:00:00,52.67052008,66.0190315224
 05/06  16:00:00,55.79075099560001,52.7410810904
 05/06  17:00:00,64.64558537239999,23.5467724252
 05/06  18:00:00,81.6199711154,18.0415294572
 05/06  19:00:00,82.9863895239,24.562422162399997
 05/06  20:00:00,93.1701138105,21.9266741066
 05/06  21:00:00,94.5745093251,29.8462767383
 05/06  22:00:00,70.4148699929,36.557279514499996
 05/06  23:00:00,45.4589280129,26.2782099294
 05/06  24:00:00,38.642661873099996,26.6232658907
 05/07  01:00:00,38.42269506,21.609346717399998
 05/07  02:00:00,33.2733767685,28.7165642537
 05/07  03:00:00,33.025879976700004,28.9511043302
 05/07  04:00:00,34.483344398,28.6033126281
 05/07  05:00:00,38.4667175186,28.539040084499998
 05/07  06:00:00,55.3693902545,27.790606261
 05/07  07:00:00,69.8601631681,35.988198290700005
 05/07  08:00:00,97.40056532850001,46.0876002025
 05/07  09:00:00,83.6091997896,53.9144791817
 05/07  10:00:00,58.329027839300004,46.489954121000004
 05/07  11:00:00,56.133936247600005,44.51229245020001
 05/07  12:00:00,56.748903713100006,44.317563996800004
 05/07  13:00:00,57.915280699700006,41.4409985651
 05/07  14:00:00,59.0425905471,41.3968159079
 05/07  15:00:00,60.067909893199996,35.5600815771
 05/07  16:00:00,64.7203983877,23.7906182308
 05/07  17:00:00,73.8183436283,5.7720158150300005
 05/07  18:00:00,90.25661591149999,11.5444462321
 05/07  19:00:00,91.3313743847,6.097918979709999
 05/07  20:00:00,100.85336063,14.4489822018
 05/07  21:00:00,100.63415380299999,12.573076006199999
 05/07  22:00:00,75.3819399237,25.6982254564
 05/07  23:00:00,49.6265229037,14.684378261099999
 05/07  24:00:00,41.8723091879,15.5031418541
 05/08  01:00:00,37.6838779833,15.8925101192
 05/08  02:00:00,35.0577720585,9.85602774962
 05/08  03:00:00,34.2948757598,18.3030285846
 05/08  04:00:00,35.6621600515,18.8185780027
 05/08  05:00:00,43.4657787099,17.0163501222
 05/08  06:00:00,72.64912614970001,27.3788310057
 05/08  07:00:00,91.1203768878,25.532529459499997
 05/08  08:00:00,78.1584011444,31.581864065500003
 05/08  09:00:00,76.0626296297,47.5126469386
 05/08  10:00:00,57.9079306638,41.4583100394
 05/08  11:00:00,59.4280687027,41.4031008204
 05/08  12:00:00,62.0039379775,35.5667219198
 05/08  13:00:00,63.8942131811,41.4032412823
 05/08  14:00:00,65.4785800141,41.398552086799995
 05/08  15:00:00,66.4607197407,41.3938555891
 05/08  16:00:00,71.5540503926,18.045
 05/08  17:00:00,83.6347554663,11.5366431971
 05/08  18:00:00,90.3513118292,11.599648661500002
 05/08  19:00:00,93.933403342,5.78999884796
 05/08  20:00:00,106.915645689,11.577665335799999
 05/08  21:00:00,104.91110376700001,17.4083877594
 05/08  22:00:00,76.8048532247,5.797339571519999
 05/08  23:00:00,53.302600206099996,5.77220797392
 05/08  24:00:00,46.0899291879,5.765878374040001
 05/09  01:00:00,43.0428366952,5.98959173223
 05/09  02:00:00,40.0924871127,6.29540245612
 05/09  03:00:00,39.3429181328,0.833507876505
 05/09  04:00:00,39.530970201,8.89895937545
 05/09  05:00:00,46.6633749979,10.5299751897
 05/09  06:00:00,76.2527658131,23.766971007800002
 05/09  07:00:00,94.7279551284,21.755394559699997
 05/09  08:00:00,82.6005129216,29.520498383200003
 05/09  09:00:00,79.7815972598,47.370527213900004
 05/09  10:00:00,60.485862760699995,41.4568793791
 05/09  11:00:00,60.503983984499996,41.402497746
 05/09  12:00:00,61.7216528142,35.5656566301
 05/09  13:00:00,62.17115033859999,41.4024321762
 05/09  14:00:00,63.7255066938,41.396629088400005
 05/09  15:00:00,64.8084055401,41.391751024499996
 05/09  16:00:00,70.4475531459,18.045
 05/09  17:00:00,83.5700169325,11.536068900899998
 05/09  18:00:00,91.4463742501,11.598580547000001
 05/09  19:00:00,95.6326527642,5.7895162153
 05/09  20:00:00,107.004355733,11.595276401400001
 05/09  21:00:00,103.211876866,11.7617066517
 05/09  22:00:00,74.4838962674,13.0374198502
 05/09  23:00:00,50.5000870282,8.77537786977
 05/09  24:00:00,43.1038855939,10.9955433895
 05/10  01:00:00,39.4779953992,14.0611802642
 05/10  02:00:00,36.2325109285,9.97688060378
 05/10  03:00:00,35.3563056026,17.1885522507
 05/10  04:00:00,36.298375138800004,18.3369124452
 05/10  05:00:00,43.922657466400004,17.858544804
 05/10  06:00:00,73.1778590533,29.925738603400003
 05/10  07:00:00,92.29900886819999,24.726629129000003
 05/10  08:00:00,80.2720432313,29.9448070665
 05/10  09:00:00,78.0651873715,46.4295225645
 05/10  10:00:00,59.962818980200005,42.3953321279
 05/10  11:00:00,61.4377714395,35.5631503488
 05/10  12:00:00,64.1277095822,41.4018205777
 05/10  13:00:00,66.2490781982,41.3967184127
 05/10  14:00:00,67.8033135452,41.3916481408
 05/10  15:00:00,68.5662640155,35.560738284
 05/10  16:00:00,72.9215295678,23.790386871
 05/10  17:00:00,85.882613241,5.77788335715
 05/10  18:00:00,93.65824806129999,17.3876951452
 05/10  19:00:00,98.25091629139999,5.7902822579799995
 05/10  20:00:00,110.720082196,11.5597429698
 05/10  21:00:00,108.06230595,11.6116468704
 05/10  22:00:00,79.1894383224,11.573554829
 05/10  23:00:00,55.5055458117,5.77186770576
 05/10  24:00:00,48.9894707176,5.7653146049
 05/11  01:00:00,46.1118474318,5.75943705173
 05/11  02:00:00,43.2941031779,0.02
 05/11  03:00:00,42.9104135364,5.75884854643
 05/11  04:00:00,44.1344410396,5.765526292180001
 05/11  05:00:00,51.3327832495,5.78420899199
 05/11  06:00:00,81.050997698,11.61119883
 05/11  07:00:00,98.2770143285,23.304105311300003
 05/11  08:00:00,85.49656212069999,29.443662235399998
 05/11  09:00:00,83.71415768600001,41.501018696799996
 05/11  10:00:00,65.208785121,41.453534324
 05/11  11:00:00,66.07859996970001,41.3997992927
 05/11  12:00:00,68.1965789954,41.3942148023
 05/11  13:00:00,67.0802182174,40.5162177067
 05/11  14:00:00,66.3265710653,36.435909305100004
 05/11  15:00:00,67.1748195209,41.3978513698
 05/11  16:00:00,72.8788514416,23.790491678899997
 05/11  17:00:00,84.8739151145,5.7779644261800005
 05/11  18:00:00,90.8773349106,11.5983042707
 05/11  19:00:00,93.3672585087,11.5595307851
 05/11  20:00:00,105.322252704,5.78930620262
 05/11  21:00:00,102.479713276,17.405044815
 05/11  22:00:00,74.63549626220001,11.617206924000001
 05/11  23:00:00,51.2526398695,6.499440924069999
 05/11  24:00:00,44.1760961113,7.31733967278
 05/12  01:00:00,40.9231871019,3.5929722570099996
 05/12  02:00:00,37.5922722859,11.9395597719
 05/12  03:00:00,36.6418340752,7.656563037660001
 05/12  04:00:00,37.6198945853,14.511518297
 05/12  05:00:00,45.031602349799996,21.0846764599
 05/12  06:00:00,74.2140699479,21.9461931412
 05/12  07:00:00,92.10300341790001,26.0215211429
 05/12  08:00:00,78.8301420995,33.4626874779
 05/12  09:00:00,75.4008724404,50.9287119205
 05/12  10:00:00,56.627840738900005,44.3246241334
 05/12  11:00:00,57.1226140879,43.0222738508
 05/12  12:00:00,58.118860150500005,36.7221540638
 05/12  13:00:00,59.8451515266,41.3979764631
 05/12  14:00:00,60.888766029799996,41.3917753781
 05/12  15:00:00,61.625461880500005,35.5554300665
 05/12  16:00:00,65.9228119445,23.790275225
 05/12  17:00:00,78.2194322118,5.777672257130001
 05/12  18:00:00,85.60117246109999,17.4081691321
 05/12  19:00:00,88.7349603618,5.844007476900001
 05/12  20:00:00,101.376020934,12.9228865302
 05/12  21:00:00,99.2947951341,14.2017117331
 05/12  22:00:00,72.2181721268,15.252295444100001
 05/12  23:00:00,49.063588269099995,11.075023399600001
 05/12  24:00:00,42.3165329984,11.3753852024
 05/13  01:00:00,42.4718735229,12.1772216037
 05/13  02:00:00,36.926432141599996,5.54801474673
 05/13  03:00:00,36.4023856427,10.5803734236
 05/13  04:00:00,37.4913073687,10.955209115899999
 05/13  05:00:00,41.2102774978,11.716262114700001
 05/13  06:00:00,59.0778432415,10.0450129734
 05/13  07:00:00,75.4068605489,12.6620659582
 05/13  08:00:00,105.791432035,35.5322739817
 05/13  09:00:00,92.4560762012,47.458395450299996
 05/13  10:00:00,67.2237146248,47.368631891499994
 05/13  11:00:00,66.4616771352,41.4498080964
 05/13  12:00:00,68.2806624503,41.3932447614
 05/13  13:00:00,70.4109045819,35.550817408200004
 05/13  14:00:00,72.1780471527,41.3990282539
 05/13  15:00:00,72.92083204069999,41.3934007688
 05/13  16:00:00,77.2687030146,23.7901971925
 05/13  17:00:00,86.17394299200001,5.77064151478
 05/13  18:00:00,101.88743673,5.77735990696
 05/13  19:00:00,102.666368825,11.5576774093
 05/13  20:00:00,111.64002433299999,5.789344237999999
 05/13  21:00:00,110.990915572,11.559590922
 05/13  22:00:00,83.9203568683,11.6091788748
 05/13  23:00:00,56.9879335477,11.547656653199999
 05/13  24:00:00,48.8602186421,0.02
 05/14  01:00:00,47.6873241267,5.759118410549999
 05/14  02:00:00,41.3862968839,5.75910171291
 05/14  03:00:00,40.1022884023,0.0471740709801
 05/14  04:00:00,41.154489987800005,5.765197006109999
 05/14  05:00:00,44.6369260336,6.30737820398
 05/14  06:00:00,62.253250376800004,7.25199528905
 05/14  07:00:00,78.53215761930001,16.3305882424
 05/14  08:00:00,108.81207741700001,35.5246356401
 05/14  09:00:00,95.52836834899999,47.4544759657
 05/14  10:00:00,70.4396159492,41.5015850665
 05/14  11:00:00,69.8704972451,41.4483333478
 05/14  12:00:00,70.5764863293,41.3962764739
 05/14  13:00:00,71.5295022533,41.3902645463
 05/14  14:00:00,71.1225646899,35.5501459384
 05/14  15:00:00,69.6700989582,41.398043365599996
 05/14  16:00:00,72.166644223,23.790019170999997
 05/14  17:00:00,79.69893468689999,5.77135896837
 05/14  18:00:00,95.1708543848,5.777631282080001
 05/14  19:00:00,96.19633853399999,11.5595463821
 05/14  20:00:00,105.96419566899999,5.78861674217
 05/14  21:00:00,106.63270993799999,11.558599360699999
 05/14  22:00:00,81.4385884029,11.609299939100001
 05/14  23:00:00,55.48809841560001,11.547401163699998
 05/14  24:00:00,47.626318967799996,5.8456325986
 05/15  01:00:00,43.1107692388,0.519272122066
 05/15  02:00:00,40.1096622133,6.532601107560001
 05/15  03:00:00,39.3899300508,0.948653904412
 05/15  04:00:00,40.4601117422,6.83595658246
 05/15  05:00:00,48.2190137479,12.749558936
 05/15  06:00:00,78.322580969,12.790303949
 05/15  07:00:00,96.86811082610001,17.8690779359
 05/15  08:00:00,84.7994146894,29.444370338200002
 05/15  09:00:00,82.6476452159,47.3580727804
 05/15  10:00:00,64.38271466319999,41.4494115973
 05/15  11:00:00,65.3055120946,35.559617628299996
 05/15  12:00:00,67.0035914165,41.3958111172
 05/15  13:00:00,68.4976538474,41.3897987339
 05/15  14:00:00,69.4930633452,35.549689374699994
 05/15  15:00:00,69.975881693,41.397232218
 05/15  16:00:00,74.521284747,23.7900050515
 05/15  17:00:00,86.65392868010001,5.7773872601
 05/15  18:00:00,93.3357927491,11.5963574509
 05/15  19:00:00,96.3856193941,11.5590165777
 05/15  20:00:00,109.15538483200001,11.5573776911
 05/15  21:00:00,107.155529947,11.608171605199999
 05/15  22:00:00,79.2664482774,11.5710805712
 05/15  23:00:00,55.534418518500004,5.77129375687
 05/15  24:00:00,48.3581440246,5.76520275674
 05/16  01:00:00,45.276799089399994,0.02
 05/16  02:00:00,42.1864002824,5.75909083482
 05/16  03:00:00,41.0580359175,0.02
 05/16  04:00:00,41.8621365451,5.76518637602
 05/16  05:00:00,49.58481228189999,11.5470284732
 05/16  06:00:00,79.53969063390001,11.607053781
 05/16  07:00:00,97.80917925959999,17.4762929719
 05/16  08:00:00,86.4503207218,29.431588376
 05/16  09:00:00,86.07343039610001,47.360209600699996
 05/16  10:00:00,68.6160948697,41.4467935112
 05/16  11:00:00,69.5177387609,35.5578531968
 05/16  12:00:00,71.0187535072,41.3916313712
 05/16  13:00:00,72.6118500937,41.3854639416
 05/16  14:00:00,73.8607859232,35.5552385623
 05/16  15:00:00,73.7683810956,41.3924835734
 05/16  16:00:00,77.418890337,23.789973349
 05/16  17:00:00,90.0477957459,5.77728170755
 05/16  18:00:00,98.6704607087,11.595568789000001
 05/16  19:00:00,101.865670276,11.5573974972
 05/16  20:00:00,109.81551975299999,5.788025654319999
 05/16  21:00:00,106.45150293100001,17.4007573668
 05/16  22:00:00,78.1620352593,5.79557564971
 05/16  23:00:00,54.509157565100004,5.771245017999999
 05/16  24:00:00,47.077512929399994,5.76520168622
 05/17  01:00:00,44.0175997814,5.75896616985
 05/17  02:00:00,41.0959669227,5.759027924630001
 05/17  03:00:00,40.1474587875,0.28457120486299997
 05/17  04:00:00,41.1415408444,6.38502452296
 05/17  05:00:00,48.9487878924,6.450957373
 05/17  06:00:00,77.5424605977,17.6487507448
 05/17  07:00:00,98.68399286450001,17.4759376224
 05/17  08:00:00,86.6054555364,29.4276765181
 05/17  09:00:00,83.8964212556,41.4924566023
 05/17  10:00:00,64.9954693562,41.445556658600005
 05/17  11:00:00,65.78473998930001,41.3911983593
 05/17  12:00:00,67.25060397029999,41.3865611943
 05/17  13:00:00,69.7852734347,35.5542649512
 05/17  14:00:00,72.09390371810001,41.3910152935
 05/17  15:00:00,73.2787622685,41.3847101064
 05/17  16:00:00,77.98675901760001,18.045
 05/17  17:00:00,91.7558637652,11.534279676099999
 05/17  18:00:00,99.61614629440001,11.594880249400001
 05/17  19:00:00,102.50308665600001,5.78803951523
 05/17  20:00:00,112.32935126,11.5568925749
 05/17  21:00:00,110.98859847799999,11.6078899843
 05/17  22:00:00,82.239275066,11.5700900126
 05/17  23:00:00,58.017408924799994,5.77120150679
 05/17  24:00:00,50.7318373847,5.76448529977
 05/18  01:00:00,47.439757568999994,5.7588635217699995
 05/18  02:00:00,44.2061098467,0.02
 05/18  03:00:00,42.9631961686,5.758902946880001
 05/18  04:00:00,43.6825841723,5.76458219829
 05/18  05:00:00,51.1810638696,5.78215414295
 05/18  06:00:00,79.2664598423,11.6077788071
 05/18  07:00:00,99.4252367873,17.4748779092
 05/18  08:00:00,86.2311134503,29.427875530500003
 05/18  09:00:00,82.64923654409999,47.3542706367
 05/18  10:00:00,63.3544568634,41.4432838019
 05/18  11:00:00,63.0218143712,35.5546467688
 05/18  12:00:00,64.07817395859999,41.3931400268
 05/18  13:00:00,64.1845382291,41.3876870914
 05/18  14:00:00,64.3450152344,35.5468942103
 05/18  15:00:00,64.44900073149999,41.392887232199996
 05/18  16:00:00,68.2434565109,23.7897649737
 05/18  17:00:00,80.0320536864,5.77672111406
 05/18  18:00:00,87.6342313747,11.9906098791
 05/18  19:00:00,90.58162738979999,12.6279287976
 05/18  20:00:00,101.325339646,7.865232758080001
 05/18  21:00:00,100.85485728200001,20.303326919
 05/18  22:00:00,73.18299982399999,15.8357980551
 05/18  23:00:00,49.540440837,12.0616833026
 05/18  24:00:00,42.4190141185,7.73542000959
 05/19  01:00:00,39.282076000100005,15.114028881700001
 05/19  02:00:00,36.471215486999995,15.391682278
 05/19  03:00:00,35.6997630769,10.649092811000001
 05/19  04:00:00,36.4883311783,18.643198008699997
 05/19  05:00:00,44.1418929525,17.8861951152
 05/19  06:00:00,72.0006940783,28.481657914899998
 05/19  07:00:00,92.1002464196,26.4018618556
 05/19  08:00:00,79.0152897312,33.0128686523
 05/19  09:00:00,76.1782433233,43.3796804333
 05/19  10:00:00,57.9510939479,43.044672507899996
 05/19  11:00:00,59.505379788599996,41.566785974
 05/19  12:00:00,61.2160152762,35.5486621131
 05/19  13:00:00,63.3985951801,41.3920675107
 05/19  14:00:00,65.95236120770001,41.3853399083
 05/19  15:00:00,67.7611135478,35.545873434899995
 05/19  16:00:00,73.4199038154,23.7896188175
 05/19  17:00:00,86.274520639,5.77673024445
 05/19  18:00:00,93.6721336589,17.380666103699998
 05/19  19:00:00,97.0597236267,5.7885524428699995
 05/19  20:00:00,106.75649774600001,11.556833988800001
 05/19  21:00:00,104.88772738600001,11.637069757799999
 05/19  22:00:00,75.88250788020001,12.491532698499999
 05/19  23:00:00,52.0548430626,7.3849760704100005
 05/19  24:00:00,44.83589574649999,8.0622869952
 05/20  01:00:00,44.577637851800006,4.17356622523
 05/20  02:00:00,38.435845913899996,10.8783729795
 05/20  03:00:00,37.3747530598,6.399904429809999
 05/20  04:00:00,38.2663232889,12.986392130899999
 05/20  05:00:00,41.9096403992,13.5660618938
 05/20  06:00:00,58.195722098400005,17.3647888446
 05/20  07:00:00,76.8401564491,14.269316806700001
 05/20  08:00:00,107.75758347200001,35.4933502269
 05/20  09:00:00,93.9633843876,47.4396487754
 05/20  10:00:00,68.09115266149999,41.490383836999996
 05/20  11:00:00,67.0404103606,41.439370899299995
 05/20  12:00:00,68.909846518,41.384437997
 05/20  13:00:00,71.6238397098,35.5449330936
 05/20  14:00:00,71.3379225886,41.3898218678
 05/20  15:00:00,70.9192667388,41.3829372602
 05/20  16:00:00,74.9792209953,23.7895692418
 05/20  17:00:00,82.8904603809,5.770650884369999
 05/20  18:00:00,97.97089894969999,5.776492381900001
 05/20  19:00:00,98.5992493406,5.78895443755
 05/20  20:00:00,105.20733334200001,11.556652834200001
 05/20  21:00:00,106.626894963,5.78869734101
 05/20  22:00:00,80.6818869194,17.3987555289
 05/20  23:00:00,54.2326665544,5.78288651228
 05/20  24:00:00,46.1976124012,5.87006172345
 05/21  01:00:00,45.2266480826,6.08238114857
 05/21  02:00:00,39.3725066884,0.521448547233
 05/21  03:00:00,38.4381582748,6.82831183429
 05/21  04:00:00,39.361533781999995,7.264795680720001
 05/21  05:00:00,42.9925245851,8.03343393376
 05/21  06:00:00,58.4813518571,8.48668632941
 05/21  07:00:00,76.2507551421,12.849820154300001
 05/21  08:00:00,105.949837205,35.4846660513
 05/21  09:00:00,92.3431435579,47.4410101695
 05/21  10:00:00,66.9268623286,41.4894786767
 05/21  11:00:00,65.3326876567,41.4392197449
 05/21  12:00:00,66.4565226902,41.3870870119
 05/21  13:00:00,68.4148691537,41.3798173203
 05/21  14:00:00,69.7127611629,35.5502730097
 05/21  15:00:00,69.7445881487,41.384992568099996
 05/21  16:00:00,73.9595297909,23.7896221396
 05/21  17:00:00,79.113387949,5.76952471702
 05/21  18:00:00,92.53205352379999,5.77663921444
 05/21  19:00:00,93.8989439787,5.787623129990001
 05/21  20:00:00,102.401754536,11.5558864081
 05/21  21:00:00,105.281377548,11.556468235899999
 05/21  22:00:00,81.445585678,11.6052676227
 05/21  23:00:00,56.1434484558,5.78276973737
 05/21  24:00:00,48.184807158199995,5.764543611130001
 05/22  01:00:00,43.8195061633,5.758484731830001
 05/22  02:00:00,40.804490513000005,0.02
 05/22  03:00:00,40.1316303295,5.7584592174500004
 05/22  04:00:00,41.107264684899995,5.7647058832099995
 05/22  05:00:00,48.844001495600004,5.78247477123
 05/22  06:00:00,76.87912714859999,11.605465840899999
 05/22  07:00:00,97.1243768064,17.47014888
 05/22  08:00:00,85.4213488022,29.417309270300002
 05/22  09:00:00,83.9446577851,47.34441730100001
 05/22  10:00:00,65.17188955569999,41.438890801599996
 05/22  11:00:00,65.28842932159999,35.5532297918
 05/22  12:00:00,65.4449988033,41.3841927012
 05/22  13:00:00,65.90195109310001,41.3769427984
 05/22  14:00:00,65.7378754249,35.5523471402
 05/22  15:00:00,65.4621365872,41.381767299699995
 05/22  16:00:00,69.126904727,23.789335032100002
 05/22  17:00:00,81.3985433875,5.7764093239
 05/22  18:00:00,88.8418804289,11.592484253399999
 05/22  19:00:00,92.0617956392,5.78748366466
 05/22  20:00:00,102.81527237200001,11.5555289536
 05/22  21:00:00,102.978894945,11.6052534146
 05/22  22:00:00,75.60789893399999,11.5689757354
 05/22  23:00:00,52.2284589083,5.770615328709999
 05/22  24:00:00,45.1692506829,5.764587450680001
 05/23  01:00:00,42.1787212497,0.027955917000700003
 05/23  02:00:00,39.5305006607,5.7584671621300005
 05/23  03:00:00,39.090385396100004,5.75807340286
 05/23  04:00:00,40.259264735900004,0.02
 05/23  05:00:00,47.9007905783,11.5448968943
 05/23  06:00:00,75.9363531645,11.6045074879
 05/23  07:00:00,96.2849822504,17.4695874662
 05/23  08:00:00,83.80303685300001,29.415000961100002
 05/23  09:00:00,81.4678537363,41.4837005658
 05/23  10:00:00,63.2599594547,41.4371318576
 05/23  11:00:00,63.8539161871,41.3849686452
 05/23  12:00:00,64.7384349136,41.37937771
 05/23  13:00:00,65.92761206520001,35.5480267829
 05/23  14:00:00,65.9963680322,41.3816698161
 05/23  15:00:00,65.3197068778,35.5426610777
 05/23  16:00:00,67.1324913575,23.7890979432
 05/23  17:00:00,78.919569708,5.77619493885
 05/23  18:00:00,85.5241284343,17.3931630527
 05/23  19:00:00,88.260108726,5.7873289979699996
 05/23  20:00:00,99.5895731932,11.727605013
 05/23  21:00:00,99.7910312691,12.236974605899999
 05/23  22:00:00,72.7676768348,12.6583380591
 05/23  23:00:00,49.2955757429,8.77281326263
 05/23  24:00:00,42.0929854357,6.001822397430001
 05/24  01:00:00,39.4704612356,11.8455421229
 05/24  02:00:00,36.5825603488,12.592786150799999
 05/24  03:00:00,35.8310267572,7.729928554860001
 05/24  04:00:00,36.8440337984,14.677963115599999
 05/24  05:00:00,44.4071287025,14.7798087018
 05/24  06:00:00,71.8021788346,26.583807385300002
 05/24  07:00:00,91.45356630219999,25.805713652199998
 05/24  08:00:00,78.0718443895,33.7437690687
 05/24  09:00:00,74.76098909310001,44.5718946984
 05/24  10:00:00,55.7027497388,45.209177915699996
 05/24  11:00:00,55.7659240997,44.887650585
 05/24  12:00:00,55.758334536599996,40.2118988302
 05/24  13:00:00,55.804131821300004,43.5138115957
 05/24  14:00:00,56.1565277071,37.524593183600004
 05/24  15:00:00,56.1641630258,44.5696018247
 05/24  16:00:00,60.3580441599,26.6033200377
 05/24  17:00:00,72.6737072747,7.96813771827
 05/24  18:00:00,80.2504579366,15.5685234198
 05/24  19:00:00,83.7620820432,16.7247585366
 05/24  20:00:00,95.22194371540002,13.144812093099999
 05/24  21:00:00,95.67241969370001,19.7962609199
 05/24  22:00:00,69.197930789,19.3368809405
 05/24  23:00:00,46.6268573847,14.1619829465
 05/24  24:00:00,40.166002081,14.654438096199998
 05/25  01:00:00,37.861723313,14.1862822229
 05/25  02:00:00,35.5199110116,7.347397989380001
 05/25  03:00:00,35.216842108099996,12.4512700936
 05/25  04:00:00,36.6588495229,12.0380919477
 05/25  05:00:00,44.7195132516,10.4926277767
 05/25  06:00:00,73.0926711278,14.488168196199998
 05/25  07:00:00,93.6880909667,18.4799737493
 05/25  08:00:00,81.6171607679,29.422344458
 05/25  09:00:00,80.26902120300001,41.4817340684
 05/25  10:00:00,63.395588522299995,41.4332581266
 05/25  11:00:00,64.5533528806,41.38361098
 05/25  12:00:00,65.01186354859999,41.3754804381
 05/25  13:00:00,65.9429207737,35.5491607385
 05/25  14:00:00,66.76210016,41.3770630994
 05/25  15:00:00,66.4533102039,35.543319274699996
 05/25  16:00:00,72.3973980357,23.7891736612
 05/25  17:00:00,85.7708518228,5.7751335159899995
 05/25  18:00:00,93.5024258727,11.5909148133
 05/25  19:00:00,96.9810069072,11.555360218599999
 05/25  20:00:00,107.50631161700001,5.78709329493
 05/25  21:00:00,106.22151537200001,17.3944985475
 05/25  22:00:00,77.3981798181,5.793821761599999
 05/25  23:00:00,53.0292217704,5.770308414930001
 05/25  24:00:00,45.4358242019,5.764420115549999
 05/26  01:00:00,42.2256073425,6.020981909530001
 05/26  02:00:00,39.0129888293,1.2344335065799998
 05/26  03:00:00,38.185948064499996,7.5521091412
 05/26  04:00:00,39.0669661498,9.23604960533
 05/26  05:00:00,46.3998099663,10.717123852
 05/26  06:00:00,74.3037595963,15.997696093599998
 05/26  07:00:00,94.3093642656,20.119482136800002
 05/26  08:00:00,81.5939273947,29.4310224869
 05/26  09:00:00,78.67212812689999,47.3364820248
 05/26  10:00:00,59.67921989680001,41.4328861055
 05/26  11:00:00,60.184434919,35.5487989191
 05/26  12:00:00,61.699974554499995,41.376233270300006
 05/26  13:00:00,63.268526853800005,35.5425460002
 05/26  14:00:00,64.209877707,41.3795952949
 05/26  15:00:00,64.5548107793,39.6863155208
 05/26  16:00:00,69.1281603878,19.7038568436
 05/26  17:00:00,81.8384312923,5.77590452831
 05/26  18:00:00,89.3414727055,17.3759701695
 05/26  19:00:00,92.9696932977,5.787850885469999
 05/26  20:00:00,104.07451503200001,11.5541501371
 05/26  21:00:00,104.212566273,11.602183923399998
 05/26  22:00:00,76.1579735065,11.567202932699999
 05/26  23:00:00,52.398434897200005,5.77024935625
 05/26  24:00:00,45.8304472339,0.02
 05/27  01:00:00,46.3677410325,5.757272802490001
 05/27  02:00:00,40.3716065357,5.75838806089
 05/27  03:00:00,39.6286998382,0.02
 05/27  04:00:00,41.1364301212,5.76364675735
 05/27  05:00:00,45.419233787299994,5.77013109494
 05/27  06:00:00,61.82060574850001,5.78077033048
 05/27  07:00:00,79.9486832228,17.392465191
 05/27  08:00:00,109.673605263,29.5589192881
 05/27  09:00:00,95.14246566850001,47.4281497583
 05/27  10:00:00,68.4295152941,41.4796913419
 05/27  11:00:00,66.1075038476,41.4307662246
 05/27  12:00:00,66.7889020656,41.3785631877
 05/27  13:00:00,69.7226971921,35.5396891079
 05/27  14:00:00,71.24683811109999,41.381392623400004
 05/27  15:00:00,69.608043072,41.373235038400004
 05/27  16:00:00,72.4790213726,18.045
 05/27  17:00:00,79.94161407920001,5.76992785156
 05/27  18:00:00,94.9715363222,11.5314948201
 05/27  19:00:00,96.4346157833,5.78666093497
 05/27  20:00:00,104.46065468,11.5539474847
 05/27  21:00:00,108.043089909,5.78764364423
 05/27  22:00:00,83.7266970682,11.6027949765
 05/27  23:00:00,57.3411748735,11.5437559304
 05/27  24:00:00,49.3672008268,5.76412961206
 05/28  01:00:00,48.3828900063,0.02
 05/28  02:00:00,42.471254342399995,5.75809676399
 05/28  03:00:00,41.765572092199996,0.02
 05/28  04:00:00,42.6107557264,5.76413261291
 05/28  05:00:00,46.4058479755,5.76982324077
 05/28  06:00:00,62.113354637700006,5.78139581388
 05/28  07:00:00,80.3730562369,17.3926630697
 05/28  08:00:00,111.818505398,29.552764384499998
 05/28  09:00:00,98.5971060405,47.4223997156
 05/28  10:00:00,72.7838758967,43.923253145299995
 05/28  11:00:00,71.3159032538,38.988108285900005
 05/28  12:00:00,72.9680743114,41.3791559988
 05/28  13:00:00,75.186756031,41.3706398573
 05/28  14:00:00,77.5311700012,35.546693722
 05/28  15:00:00,79.7470497617,41.373284512199994
 05/28  16:00:00,85.3345792146,18.045
 05/28  17:00:00,93.60479098319999,5.7697719945
 05/28  18:00:00,109.862432775,11.530955274
 05/28  19:00:00,110.71434311600001,5.78692446506
 05/28  20:00:00,117.639707539,11.5522291221
 05/28  21:00:00,117.228189695,5.78677849748
 05/28  22:00:00,88.9366510033,11.602050693299999
 05/28  23:00:00,60.8960443291,11.5430847569
 05/28  24:00:00,51.85403537609999,5.764140365669999
 05/29  01:00:00,50.0204088246,0.02
 05/29  02:00:00,43.444337848,5.75811390919
 05/29  03:00:00,42.318746285100005,0.02
 05/29  04:00:00,43.018189624499996,5.76411129528
 05/29  05:00:00,46.9424025265,5.7697644741900005
 05/29  06:00:00,63.2359034539,5.78127805243
 05/29  07:00:00,82.1976775282,17.3918738427
 05/29  08:00:00,114.335393795,29.551782459699997
 05/29  09:00:00,101.014870975,47.41939639140001
 05/29  10:00:00,75.3099525669,41.4779302125
 05/29  11:00:00,73.8636466054,41.4289751002
 05/29  12:00:00,74.0410576895,41.3767488653
 05/29  13:00:00,75.3384633811,36.1070837113
 05/29  14:00:00,76.1423966888,40.809022561999996
 05/29  15:00:00,75.2901383537,41.3703531399
 05/29  16:00:00,78.78958578539999,18.045
 05/29  17:00:00,87.2165538196,5.769693746460001
 05/29  18:00:00,102.418458843,5.77561307982
 05/29  19:00:00,104.094002225,11.5544981054
 05/29  20:00:00,112.450538259,11.5525864597
 05/29  21:00:00,115.37655519799999,5.78734768372
 05/29  22:00:00,89.6607977707,11.6008230561
 05/29  23:00:00,62.404428325299996,11.5429696733
 05/29  24:00:00,53.68636020939999,0.02
 05/30  01:00:00,49.0738214196,5.75811127695
 05/30  02:00:00,46.2369794387,5.75808026639
 05/30  03:00:00,45.591789895299996,0.02
 05/30  04:00:00,46.9163736439,5.76357802759
 05/30  05:00:00,55.2034182896,5.78115566017
 05/30  06:00:00,83.3915773793,17.391417056199998
 05/30  07:00:00,104.864394472,17.4616662862
 05/30  08:00:00,95.16816133,23.5206391367
 05/30  09:00:00,94.67376265610001,47.3282332308
 05/30  10:00:00,77.3335254296,35.5809354824
 05/30  11:00:00,78.8279148362,41.3778208512
 05/30  12:00:00,79.6215661933,41.3709646009
 05/30  13:00:00,81.0286090606,35.5450432337
 05/30  14:00:00,80.2513703898,41.3707681384
 05/30  15:00:00,78.79731669479999,35.5422472725
 05/30  16:00:00,83.1876639162,23.7887275218
 05/30  17:00:00,95.08831222399999,5.77543411261
 05/30  18:00:00,100.92090802700001,11.5883737822
 05/30  19:00:00,103.32254908899999,11.5537006363
 05/30  20:00:00,113.34437704700001,5.78714110236
 05/30  21:00:00,110.86330447799999,11.6001515769
 05/30  22:00:00,82.0779470645,11.5661428077
 05/30  23:00:00,57.3941865646,5.769660828999999
 05/30  24:00:00,50.3137106925,5.763708663280001
 05/31  01:00:00,48.0816201436,5.757941915700001
 05/31  02:00:00,44.846619397,0.02
 05/31  03:00:00,43.564184518400005,5.75777780435
 05/31  04:00:00,44.0975407325,0.02
 05/31  05:00:00,51.3342390951,11.5424867346
 05/31  06:00:00,79.18866837979999,11.600129182
 05/31  07:00:00,99.5763878274,17.4607163969
 05/31  08:00:00,87.267241787,29.395155036
 05/31  09:00:00,86.4217994988,41.4686778255
 05/31  10:00:00,70.07243727720001,41.4260929647
 05/31  11:00:00,71.7184821529,35.5433586995
 05/31  12:00:00,73.2038921367,41.3757096475
 05/31  13:00:00,74.9859625004,41.3668322696
 05/31  14:00:00,76.39707326439999,35.5433830804
 05/31  15:00:00,77.3153203702,41.3684310333
 05/31  16:00:00,82.3826982908,18.045
 05/31  17:00:00,94.4323758376,11.530403048
 05/31  18:00:00,101.334158889,11.5880703181
 05/31  19:00:00,104.756546625,5.78629033989
 05/31  20:00:00,115.09108970700001,11.552562480599999
 05/31  21:00:00,114.041150374,11.599365940999999
 05/31  22:00:00,84.4614026468,11.5647121992
 05/31  23:00:00,58.5274867692,0.02
 05/31  24:00:00,49.517512437700006,5.76317761666
 06/01  01:00:00,46.163567299899995,5.75803304079
 06/01  02:00:00,43.156962926700004,0.02
 06/01  03:00:00,41.6358937871,5.90074035837
 06/01  04:00:00,41.799292535,6.985414125599999
 06/01  05:00:00,48.9339486536,7.94971312479
 06/01  06:00:00,76.4564383596,14.341924753599999
 06/01  07:00:00,96.11899824620001,20.1494928674
 06/01  08:00:00,83.24002590319999,29.572093083800002
 06/01  09:00:00,79.6845341433,41.4693867554
 06/01  10:00:00,59.9735061043,42.346174866300004
 06/01  11:00:00,59.3373633203,42.3010033796
 06/01  12:00:00,58.8665271504,37.1696838259
 06/01  13:00:00,58.8458886366,41.3790019268
 06/01  14:00:00,58.9076423757,35.5372737166
 06/01  15:00:00,58.639777253999995,41.591474946700004
 06/01  16:00:00,62.399078458000005,24.057809531500002
 06/01  17:00:00,74.3527688341,6.480527660369999
 06/01  18:00:00,81.8473381976,13.4596375368
 06/01  19:00:00,85.34602555859999,7.827856841980001
 06/01  20:00:00,97.03827481719999,13.9497560149
 06/01  21:00:00,97.747760551,14.305670828399998
 06/01  22:00:00,71.1122489596,14.6789942967
 06/01  23:00:00,48.454740720100006,9.16320706921
 06/01  24:00:00,41.9163598099,4.03164134245
 06/02  01:00:00,39.2951199181,10.5332854067
 06/02  02:00:00,36.6050686565,11.1262902444
 06/02  03:00:00,36.2450391334,5.0488242358
 06/02  04:00:00,37.5913999507,10.861890228800002
 06/02  05:00:00,45.4337390454,10.746975983599999
 06/02  06:00:00,73.6801930366,21.902709586599997
 06/02  07:00:00,93.7720273925,15.769557288800002
 06/02  08:00:00,80.462011242,30.369042155
 06/02  09:00:00,77.1055135996,41.8544894868
 06/02  10:00:00,57.831075069300006,42.3150546933
 06/02  11:00:00,57.7236935523,41.7670268048
 06/02  12:00:00,57.7436984954,36.261670045900004
 06/02  13:00:00,57.9763326932,41.3769981646
 06/02  14:00:00,58.03817783109999,35.5337062024
 06/02  15:00:00,57.985812338,41.3715801951
 06/02  16:00:00,62.05726651649999,23.788514875
 06/02  17:00:00,74.37203954729999,5.77504640084
 06/02  18:00:00,82.1893295566,12.209742869100001
 06/02  19:00:00,85.59274553979999,6.99852046338
 06/02  20:00:00,97.4955502228,12.944742568299999
 06/02  21:00:00,98.31907108950001,12.8547812879
 06/02  22:00:00,71.349206044,13.312958534000002
 06/02  23:00:00,48.5178212924,8.26212580413
 06/02  24:00:00,41.9002722235,3.6665353640300005
 06/03  01:00:00,42.5515034645,9.342923303160001
 06/03  02:00:00,37.0526850625,9.22801496302
 06/03  03:00:00,36.4756468592,3.84524108545
 06/03  04:00:00,37.7066082143,9.9126630011
 06/03  05:00:00,41.6939289372,9.89169273217
 06/03  06:00:00,57.74441683,9.62559665598
 06/03  07:00:00,75.4435835094,14.9312614192
 06/03  08:00:00,104.722155227,35.7841608036
 06/03  09:00:00,89.604026574,47.568900517299994
 06/03  10:00:00,62.1747002938,42.7819557137
 06/03  11:00:00,59.1096027712,42.7021935165
 06/03  12:00:00,58.876017623,37.4692855494
 06/03  13:00:00,59.3654884474,41.370189609
 06/03  14:00:00,59.2641785972,35.5327438008
 06/03  15:00:00,58.756192929300006,42.4345750769
 06/03  16:00:00,63.106091336599995,24.114292124899997
 06/03  17:00:00,71.7260962969,5.76907826697
 06/03  18:00:00,87.8563801592,6.441027035119999
 06/03  19:00:00,89.36005258370001,7.03314157989
 06/03  20:00:00,96.09457355020001,14.1263283686
 06/03  21:00:00,101.607224738,9.191753042739998
 06/03  22:00:00,77.2159418543,15.3102609979
 06/03  23:00:00,51.0433709022,16.801378524500002
 06/03  24:00:00,43.0649877652,12.6683331804
 06/04  01:00:00,42.0833900054,7.919921893710001
 06/04  02:00:00,36.1590991685,14.630711296800001
 06/04  03:00:00,35.352588416799996,9.84450738749
 06/04  04:00:00,36.4559530956,16.5072317029
 06/04  05:00:00,40.4134703346,16.797873005699998
 06/04  06:00:00,55.6847408912,16.8332133117
 06/04  07:00:00,73.75702880899999,25.068682734
 06/04  08:00:00,103.35238346,33.1792332925
 06/04  09:00:00,88.4607518815,48.555006317200004
 06/04  10:00:00,61.94694031069999,43.0252701548
 06/04  11:00:00,60.65783155689999,41.6810832646
 06/04  12:00:00,61.49439843930001,35.5347535219
 06/04  13:00:00,62.8258841463,41.3690169146
 06/04  14:00:00,63.917602477399996,35.5317581033
 06/04  15:00:00,65.051791616,41.3692243232
 06/04  16:00:00,70.1015406687,23.788290238600002
 06/04  17:00:00,78.9085219368,5.76912804691
 06/04  18:00:00,94.22774418600001,5.7746884754
 06/04  19:00:00,95.427691805,5.78622726356
 06/04  20:00:00,101.426254328,11.586761022200001
 06/04  21:00:00,105.48211036299999,6.333829665569999
 06/04  22:00:00,79.6442765633,13.4112366369
 06/04  23:00:00,53.147550272299995,14.5672433657
 06/04  24:00:00,45.1362069486,4.206105364040001
 06/05  01:00:00,40.549702801399995,11.1605741162
 06/05  02:00:00,37.4351863639,12.0539833959
 06/05  03:00:00,36.5935433198,7.04566850598
 06/05  04:00:00,37.5783446176,13.4746297275
 06/05  05:00:00,45.315817337,13.136923153
 06/05  06:00:00,73.7342710287,17.8680870317
 06/05  07:00:00,94.0996758558,21.721767911599997
 06/05  08:00:00,81.6382768198,29.6211726506
 06/05  09:00:00,80.13766073810001,41.4636797753
 06/05  10:00:00,62.9380569512,41.4193898453
 06/05  11:00:00,64.47674049220001,41.369646644899994
 06/05  12:00:00,65.85254037600001,35.539560758600004
 06/05  13:00:00,66.7716061126,41.362517366599995
 06/05  14:00:00,68.0276422819,35.5394296856
 06/05  15:00:00,69.16142189140001,41.362378692
 06/05  16:00:00,74.4931710659,18.045
 06/05  17:00:00,87.1562266381,5.774536159509999
 06/05  18:00:00,93.5706541659,11.586276377599999
 06/05  19:00:00,96.236681268,11.5519244173
 06/05  20:00:00,103.32995318299999,5.83714712197
 06/05  21:00:00,104.064054695,17.3852983566
 06/05  22:00:00,76.3315010389,5.791780231930001
 06/05  23:00:00,52.8953053408,6.0167932793
 06/05  24:00:00,45.7631945202,6.448486089419999
 06/06  01:00:00,42.6497611661,6.91032336497
 06/06  02:00:00,39.585468583499996,1.51712266353
 06/06  03:00:00,38.7935016653,7.53926770842
 06/06  04:00:00,39.8099357695,7.8381556101
 06/06  05:00:00,47.5742962993,7.95863285533
 06/06  06:00:00,76.0906135819,13.596176760599999
 06/06  07:00:00,96.774592425,18.6872089771
 06/06  08:00:00,84.4716629228,29.382130123099998
 06/06  09:00:00,80.8111525834,41.4576856937
 06/06  10:00:00,60.83727180060001,41.4168701152
 06/06  11:00:00,60.5470850325,35.5385085696
 06/06  12:00:00,61.219842301999996,41.403484400399996
 06/06  13:00:00,61.4308179095,35.5380118625
 06/06  14:00:00,61.2227970258,41.3603315232
 06/06  15:00:00,61.020413206499995,35.5376457546
 06/06  16:00:00,65.0597209992,23.788239351599998
 06/06  17:00:00,77.2729264895,5.77448216026
 06/06  18:00:00,85.094503316,12.011065060899998
 06/06  19:00:00,88.44474150159999,6.84330067561
 06/06  20:00:00,97.6178669619,13.6466077791
 06/06  21:00:00,99.5801394984,14.039407297
 06/06  22:00:00,72.4701029966,14.3029036345
 06/06  23:00:00,49.5259053103,8.867416136160001
 06/06  24:00:00,42.855592835100005,3.7223184001300003
 06/07  01:00:00,40.1428059089,10.252424375
 06/07  02:00:00,37.4138956037,10.608361157100001
 06/07  03:00:00,36.8990379748,4.96327066936
 06/07  04:00:00,38.149366963,10.857370298
 06/07  05:00:00,46.1176909736,10.1360071268
 06/07  06:00:00,74.8299685396,15.1327138227
 06/07  07:00:00,95.0288178312,19.9499530338
 06/07  08:00:00,81.3121968697,30.0852618752
 06/07  09:00:00,77.2293734231,42.6236784925
 06/07  10:00:00,57.4526581947,43.981547075
 06/07  11:00:00,57.4030607743,37.68637181
 06/07  12:00:00,57.1790231947,44.523493440900005
 06/07  13:00:00,57.537401169700004,36.4036356054
 06/07  14:00:00,58.1507098938,41.508155804299996
 06/07  15:00:00,58.6618903127,36.2190483559
 06/07  16:00:00,63.4126575169,23.8891309358
 06/07  17:00:00,76.1973983913,5.774202427710001
 06/07  18:00:00,84.2333138614,12.2536617197
 06/07  19:00:00,87.2451536358,13.2044770545
 06/07  20:00:00,96.4925241621,8.37465471164
 06/07  21:00:00,98.4565897069,14.591593047
 06/07  22:00:00,71.020910217,15.746714998
 06/07  23:00:00,48.017691771,10.9196360583
 06/07  24:00:00,41.2465553518,12.4226425221
 06/08  01:00:00,38.312733656599995,8.61794297587
 06/08  02:00:00,35.470904537399996,15.3045402642
 06/08  03:00:00,34.9395463343,10.0060140699
 06/08  04:00:00,36.350588248899996,15.196013441300002
 06/08  05:00:00,44.0748525364,15.166687227
 06/08  06:00:00,72.18407076609999,25.72922017
 06/08  07:00:00,92.7632255356,16.6991680563
 06/08  08:00:00,79.5132829531,30.401197292
 06/08  09:00:00,76.0929180466,42.2894284287
 06/08  10:00:00,56.928324717799995,42.9868877753
 06/08  11:00:00,57.3458389739,41.862639491100005
 06/08  12:00:00,57.7094911168,36.1385564344
 06/08  13:00:00,58.174252408,41.3654401464
 06/08  14:00:00,58.7544442694,35.5353002378
 06/08  15:00:00,59.0410401735,35.5310013413
 06/08  16:00:00,63.2108799243,23.787974555199998
 06/08  17:00:00,75.68503976640001,5.77426909533
 06/08  18:00:00,83.122993398,12.2699928744
 06/08  19:00:00,86.2363676256,13.3525965796
 06/08  20:00:00,96.038601282,8.208821270189999
 06/08  21:00:00,98.36501230709999,14.562465028800002
 06/08  22:00:00,71.380034415,14.8678254989
 06/08  23:00:00,48.59628042520001,9.091663164169999
 06/08  24:00:00,42.2071133402,8.90896064503
 06/09  01:00:00,39.6157919134,3.7963595055
 06/09  02:00:00,36.7672756217,10.6673666687
 06/09  03:00:00,36.0683594749,6.04114371919
 06/09  04:00:00,37.402325575,11.926179922100001
 06/09  05:00:00,45.204403474399996,17.4774498404
 06/09  06:00:00,73.7613238588,16.756406516400002
 06/09  07:00:00,94.4750091226,19.9765407846
 06/09  08:00:00,82.0814125664,23.5051181795
 06/09  09:00:00,79.3903211793,41.456852486500004
 06/09  10:00:00,60.790216300699996,41.4141125838
 06/09  11:00:00,61.4004119037,41.3653448915
 06/09  12:00:00,63.0209221744,35.5358117721
 06/09  13:00:00,64.5405725646,41.35694358
 06/09  14:00:00,66.02215950770001,35.5346486994
 06/09  15:00:00,66.4758879219,35.5288175719
 06/09  16:00:00,70.90025126479999,23.787904466700002
 06/09  17:00:00,83.5923334033,5.77414130983
 06/09  18:00:00,91.1611156746,11.584349256900001
 06/09  19:00:00,95.1471365292,11.5504188307
 06/09  20:00:00,103.29849000600001,5.78552347587
 06/09  21:00:00,103.73086671600001,11.595815851600001
 06/09  22:00:00,75.5401094178,11.5621928997
 06/09  23:00:00,51.9769886224,6.00737507264
 06/09  24:00:00,44.6301529199,6.859796920780001
 06/10  01:00:00,44.337882367,2.18324092166
 06/10  02:00:00,38.3542222944,8.103810061910002
 06/10  03:00:00,37.290748547,3.8573591858099996
 06/10  04:00:00,38.0522025574,11.061673433800001
 06/10  05:00:00,41.563548881399996,12.2198332409
 06/10  06:00:00,57.338399553500004,11.853467296600002
 06/10  07:00:00,75.39535224859999,20.3750306755
 06/10  08:00:00,105.711150066,29.5161230094
 06/10  09:00:00,91.7692843646,47.39182820439999
 06/10  10:00:00,65.9164337002,41.4579335036
 06/10  11:00:00,64.33388784569999,41.4091581159
 06/10  12:00:00,66.21551691229999,35.5348835389
 06/10  13:00:00,68.8286804242,41.3554763631
 06/10  14:00:00,69.9435336262,35.5333904436
 06/10  15:00:00,70.2051651857,35.5274787112
 06/10  16:00:00,74.7516732953,23.7877641839
 06/10  17:00:00,83.96418301279999,5.768435928180001
 06/10  18:00:00,99.4169581484,5.77400198507
 06/10  19:00:00,99.92313161969999,11.5495611405
 06/10  20:00:00,104.835075062,5.784795878790001
 06/10  21:00:00,108.69766069299999,11.5501323023
 06/10  22:00:00,82.2059362542,11.614921436300001
 06/10  23:00:00,55.304169783999996,5.779674174369999
 06/10  24:00:00,47.226770879499995,5.8224507376400005
 06/11  01:00:00,45.9301793628,0.669213237407
 06/11  02:00:00,39.8464573114,6.7846153577
 06/11  03:00:00,39.0933770784,1.07707059523
 06/11  04:00:00,40.2100190096,6.86360555064
 06/11  05:00:00,44.0544613446,6.86610675015
 06/11  06:00:00,59.729919811,6.90963298147
 06/11  07:00:00,77.4930916242,17.8387540487
 06/11  08:00:00,108.181418222,29.524918133299998
 06/11  09:00:00,95.058776938,47.38963654729999
 06/11  10:00:00,68.9142349192,41.4561918206
 06/11  11:00:00,67.16448960689999,41.4069684641
 06/11  12:00:00,68.3040012152,35.5335475144
 06/11  13:00:00,70.2289422194,35.5274252921
 06/11  14:00:00,71.49366704270001,41.362107163299996
 06/11  15:00:00,71.6248845442,35.526778237100004
 06/11  16:00:00,76.1514253747,23.7870997737
 06/11  17:00:00,82.6027104547,5.768382130650001
 06/11  18:00:00,97.2354162092,5.77397920434
 06/11  19:00:00,98.8383592214,11.5489424378
 06/11  20:00:00,104.73084896399999,5.7842497918
 06/11  21:00:00,108.686151215,5.78471909822
 06/11  22:00:00,83.6311911408,17.3819654512
 06/11  23:00:00,57.624710260200004,5.7795492383800005
 06/11  24:00:00,49.80083728939999,5.76281264381
 06/12  01:00:00,45.364374641400005,0.02
 06/12  02:00:00,42.0471810435,5.75745396265
 06/12  03:00:00,41.1244629717,0.02
 06/12  04:00:00,41.9390313232,5.762936851209999
 06/12  05:00:00,49.5775718797,5.77921320133
 06/12  06:00:00,77.4762584381,17.3813092923
 06/12  07:00:00,97.5120083674,11.6388913234
 06/12  08:00:00,84.6291060157,29.3683345848
 06/12  09:00:00,81.5436977793,41.4507844879
 06/12  10:00:00,63.345314923100005,41.4087551839
 06/12  11:00:00,63.666344475699994,35.5337938682
 06/12  12:00:00,65.24048609489999,41.357317593000005
 06/12  13:00:00,66.93144206779999,35.5303836043
 06/12  14:00:00,68.21568490899999,41.354806352
 06/12  15:00:00,68.2721468621,35.532645367
 06/12  16:00:00,72.2188335628,23.7876681153
 06/12  17:00:00,84.9344178929,5.77375662697
 06/12  18:00:00,92.22626913120001,11.582667201
 06/12  19:00:00,96.0692201036,5.7835473221500004
 06/12  20:00:00,103.161635678,11.588948869000001
 06/12  21:00:00,103.64546242799999,11.5927041219
 06/12  22:00:00,76.1387632822,5.790150469349999
 06/12  23:00:00,53.0978214795,5.767242380599999
 06/12  24:00:00,46.1071530206,6.07938065929
 06/13  01:00:00,43.2801365603,6.366269443609999
 06/13  02:00:00,40.5403228169,0.633976448861
 06/13  03:00:00,40.096932510500004,6.25345084367
 06/13  04:00:00,41.50852635,6.1189670209099996
 06/13  05:00:00,49.452926267200006,6.1644417348800005
 06/13  06:00:00,77.9740809408,12.1119365019
 06/13  07:00:00,98.80065811860001,17.551077954300002
 06/13  08:00:00,86.6301006159,23.494605646700002
 06/13  09:00:00,84.0470883502,47.3029730008
 06/13  10:00:00,64.7429229444,35.5674945796
 06/13  11:00:00,66.435289404,41.361736873699996
 06/13  12:00:00,68.252719571,35.531596039200004
 06/13  13:00:00,69.4730505177,41.3534853676
 06/13  14:00:00,70.4276506546,35.531510953
 06/13  15:00:00,71.0113014042,35.5253053012
 06/13  16:00:00,75.5410418019,23.787563524299998
 06/13  17:00:00,88.0506360257,5.773449576469999
 06/13  18:00:00,96.2014106871,11.5819684674
 06/13  19:00:00,99.76779627299999,11.548744071500002
 06/13  20:00:00,108.09117927,5.78429926265
 06/13  21:00:00,109.06639101399999,11.593963770799999
 06/13  22:00:00,80.7887849067,11.560501345399999
 06/13  23:00:00,56.612452526999995,5.76833600207
 06/13  24:00:00,49.5558006734,2.63846304747
 06/14  01:00:00,46.322465065299994,3.14007982684
 06/14  02:00:00,42.9193914491,5.75733035589
 06/14  03:00:00,41.8308522761,0.02
 06/14  04:00:00,42.5559585304,6.02911733214
 06/14  05:00:00,50.179665121599996,6.39548799763
 06/14  06:00:00,78.9593680002,12.134524687
 06/14  07:00:00,99.6242233406,17.615774409
 06/14  08:00:00,86.5338075725,29.364545293699997
 06/14  09:00:00,83.0668689373,41.4459919643
 06/14  10:00:00,63.7362992364,41.4052614227
 06/14  11:00:00,64.3324611364,35.5309320058
 06/14  12:00:00,66.4856234017,35.5258668364
 06/14  13:00:00,67.6696006557,41.357611575199996
 06/14  14:00:00,68.9749276188,35.5262616607
 06/14  15:00:00,69.1388599524,41.3544806257
 06/14  16:00:00,73.4612095285,18.045
 06/14  17:00:00,85.92126792370001,5.77353348321
 06/14  18:00:00,93.3142589903,11.5823478346
 06/14  19:00:00,97.483432971,11.5487747372
 06/14  20:00:00,106.731740254,5.783483314319999
 06/14  21:00:00,106.606178677,11.6298225753
 06/14  22:00:00,77.5619719324,11.8381009791
 06/14  23:00:00,53.737005951099995,6.59308273636
 06/14  24:00:00,46.128601113900004,7.32885925779
 06/15  01:00:00,42.4988644495,2.68360269354
 06/15  02:00:00,39.0960283387,9.78508291567
 06/15  03:00:00,38.129736908699996,4.85634586078
 06/15  04:00:00,39.0028628915,11.3594431316
 06/15  05:00:00,46.535882704399995,11.307251085699999
 06/15  06:00:00,74.6838275752,22.619335141999997
 06/15  07:00:00,94.63772840620001,16.109795501700003
 06/15  08:00:00,82.6674936769,29.6121061925
 06/15  09:00:00,81.0243337197,41.4518086319
 06/15  10:00:00,63.4627741241,41.4061075602
 06/15  11:00:00,64.6635933128,35.531004134
 06/15  12:00:00,66.4927019027,41.3508806201
 06/15  13:00:00,68.1595265507,35.5292489828
 06/15  14:00:00,69.5607060077,35.5228849314
 06/15  15:00:00,71.58016166430001,41.3553085483
 06/15  16:00:00,77.4568715251,23.787324155
 06/15  17:00:00,90.9256621067,5.77334837928
 06/15  18:00:00,98.1004029412,11.58113747
 06/15  19:00:00,99.4212109531,5.78424899235
 06/15  20:00:00,107.285237479,5.7837082868
 06/15  21:00:00,107.880657412,15.416887503800002
 06/15  22:00:00,79.1408389344,7.74525981738
 06/15  23:00:00,55.4615701114,5.7680546024
 06/15  24:00:00,48.636396984799994,5.76272113903
 06/16  01:00:00,45.486184871599995,0.02
 06/16  02:00:00,41.9953663827,5.757065845650001
 06/16  03:00:00,41.1177335406,0.02
 06/16  04:00:00,42.007749087,5.76257631378
 06/16  05:00:00,49.7876708019,5.77885896156
 06/16  06:00:00,77.6856516053,17.3775603254
 06/16  07:00:00,98.18316208040001,11.6365470044
 06/16  08:00:00,86.53089481319999,29.3603038573
 06/16  09:00:00,84.8588694901,41.4450344641
 06/16  10:00:00,65.7626150174,41.4050614781
 06/16  11:00:00,66.5208704521,35.5300811818
 06/16  12:00:00,67.5981102814,41.3495086011
 06/16  13:00:00,68.9760140629,35.5280799261
 06/16  14:00:00,68.3230247963,35.52574913
 06/16  15:00:00,67.36464051520001,41.3534483746
 06/16  16:00:00,70.0270404864,18.045
 06/16  17:00:00,82.6169886833,11.5266397192
 06/16  18:00:00,91.2702244363,5.79960201924
 06/16  19:00:00,95.5628852361,11.5481748272
 06/16  20:00:00,104.849263044,5.7832616766100005
 06/16  21:00:00,106.458724335,11.592300422100001
 06/16  22:00:00,77.95621411260001,11.5597753024
 06/16  23:00:00,53.858947305,5.78674381551
 06/16  24:00:00,47.079075878199994,5.7626018191299995
 06/17  01:00:00,47.185829528999996,0.27047011301999996
 06/17  02:00:00,40.9850462689,6.43628829362
 06/17  03:00:00,40.1086962972,0.9143813512989999
 06/17  04:00:00,41.5295661173,6.38763927471
 06/17  05:00:00,45.6932873862,6.218299567540001
 06/17  06:00:00,61.93009796810001,6.303270228790001
 06/17  07:00:00,80.08279170819999,11.8437950456
 06/17  08:00:00,110.86648583,35.3952485196
 06/17  09:00:00,96.8552255843,41.5112144429
 06/17  10:00:00,70.9672313567,41.4471642003
 06/17  11:00:00,69.05757281359999,41.4001320397
 06/17  12:00:00,70.5349998934,35.5228122005
 06/17  13:00:00,72.0283024027,41.3551048221
 06/17  14:00:00,73.0490026131,35.5240250567
 06/17  15:00:00,73.056306729,41.3510079873
 06/17  16:00:00,77.1853076419,18.045
 06/17  17:00:00,85.5972183872,5.76772651904
 06/17  18:00:00,100.744729638,5.773268583230001
 06/17  19:00:00,101.98956039,11.547981025599999
 06/17  20:00:00,107.607394488,5.78419991104
 06/17  21:00:00,111.47670705,11.547074808900001
 06/17  22:00:00,85.50516844810001,11.5918337166
 06/17  23:00:00,59.041083326400006,5.7788842553699995
 06/17  24:00:00,51.0805339659,5.76248739804
 06/18  01:00:00,49.6017036734,0.02
 06/18  02:00:00,43.0325023805,5.756995948639999
 06/18  03:00:00,41.9741068565,0.02
 06/18  04:00:00,42.4721140094,5.8316289998399995
 06/18  05:00:00,46.043290579099995,6.0217570818
 06/18  06:00:00,61.855965204099995,6.078048593969999
 06/18  07:00:00,79.5587007346,11.604298314100001
 06/18  08:00:00,109.30097198600001,35.3928186253
 06/18  09:00:00,94.2224880591,41.5092820377
 06/18  10:00:00,67.03378748850001,41.4469418052
 06/18  11:00:00,64.1598818809,41.3982194958
 06/18  12:00:00,65.3504226449,35.5230801249
 06/18  13:00:00,66.2451142346,41.353039852100004
 06/18  14:00:00,69.5543731852,35.5225722529
 06/18  15:00:00,71.4049408626,41.3486333989
 06/18  16:00:00,77.0601611253,18.045
 06/18  17:00:00,87.17457258719999,5.7677301846099995
 06/18  18:00:00,103.649453243,5.77309239806
 06/18  19:00:00,106.115778762,11.547357377400001
 06/18  20:00:00,111.838085731,5.7836231314
 06/18  21:00:00,114.790503889,11.547398454400001
 06/18  22:00:00,88.307632086,11.591252570899998
 06/18  23:00:00,60.4719433041,5.778741871369999
 06/18  24:00:00,51.1977699153,5.76235185097
 06/19  01:00:00,45.763157508599996,0.02
 06/19  02:00:00,42.4383739665,5.75572733097
 06/19  03:00:00,41.4390834645,0.02
 06/19  04:00:00,42.3683266972,5.76220057373
 06/19  05:00:00,50.29413869,5.77824050464
 06/19  06:00:00,79.233178359,11.591225500999998
 06/19  07:00:00,100.610797894,17.4417591846
 06/19  08:00:00,89.5398848635,29.353425770999998
 06/19  09:00:00,88.0991670061,41.438232387
 06/19  10:00:00,70.1428350774,35.5619575813
 06/19  11:00:00,71.6698025109,41.3547632966
 06/19  12:00:00,73.4184507793,35.5268288062
 06/19  13:00:00,75.1170373795,41.346281548600004
 06/19  14:00:00,76.1367283145,35.5252880365
 06/19  15:00:00,77.1929612441,35.5226655888
 06/19  16:00:00,81.3707255912,23.787175408499998
 06/19  17:00:00,94.82001311110001,5.772754433099999
 06/19  18:00:00,102.417243346,11.5793949125
 06/19  19:00:00,105.547252275,5.78314269612
 06/19  20:00:00,113.625468841,11.5471398297
 06/19  21:00:00,113.90719787299999,11.590019251
 06/19  22:00:00,85.44803600520001,5.78904640725
 06/19  23:00:00,60.449985220100004,5.76781438598
 06/19  24:00:00,52.3282616001,5.762419887080001
 06/20  01:00:00,48.025347531,5.756767256830001
 06/20  02:00:00,44.044359837200005,0.02
 06/20  03:00:00,43.1645297149,5.75696272959
 06/20  04:00:00,44.0817252426,4.40084956929
 06/20  05:00:00,51.5843585103,7.142056619319999
 06/20  06:00:00,80.2647561913,11.5896181306
 06/20  07:00:00,101.987207737,17.4410818225
 06/20  08:00:00,90.39797823299999,23.485963155100002
 06/20  09:00:00,88.1133862131,41.440948387199995
 06/20  10:00:00,70.2461503796,41.3994788651
 06/20  11:00:00,71.3765003174,35.5270166316
 06/20  12:00:00,72.7681520613,41.3466430302
 06/20  13:00:00,74.6799306402,35.5254218826
 06/20  14:00:00,75.6458143429,35.5226914469
 06/20  15:00:00,75.5914940712,41.3487353973
 06/20  16:00:00,79.27481857859999,18.045
 06/20  17:00:00,91.5004378059,5.7728199919500005
 06/20  18:00:00,99.2395402965,11.5794911499
 06/20  19:00:00,102.52861836,11.5472581548
 06/20  20:00:00,111.17800986600001,5.78375098263
 06/20  21:00:00,112.073565899,11.5910488754
 06/20  22:00:00,84.2142101997,11.558329999100001
 06/20  23:00:00,59.934585050200006,5.76762592357
 06/20  24:00:00,51.845488472,0.02
 06/21  01:00:00,48.024582225299994,5.756821098550001
 06/21  02:00:00,44.313016814899996,5.75668399877
 06/21  03:00:00,43.155613216800006,0.02
 06/21  04:00:00,43.866590557200006,5.760648527230001
 06/21  05:00:00,51.4182850313,5.77830137275
 06/21  06:00:00,79.8819796641,11.5898409799
 06/21  07:00:00,101.235126418,17.4401877265
 06/21  08:00:00,91.4904610974,23.484293955300004
 06/21  09:00:00,90.73704865370001,41.4433754005
 06/21  10:00:00,72.3642808733,41.398788527
 06/21  11:00:00,73.1498788745,40.3062054044
 06/21  12:00:00,74.18723925180001,36.5680445897
 06/21  13:00:00,75.6480490023,35.5207383432
 06/21  14:00:00,76.5382278976,41.3459982389
 06/21  15:00:00,71.7838264298,35.524846439499996
 06/21  16:00:00,72.8155050182,23.7870939883
 06/21  17:00:00,86.8587443549,5.77274620072
 06/21  18:00:00,97.1604199016,11.5790322805
 06/21  19:00:00,97.2855215127,5.78296243101
 06/21  20:00:00,102.847352291,5.7831578528
 06/21  21:00:00,104.769902698,17.3745348723
 06/21  22:00:00,77.7885064005,5.78893473371
 06/21  23:00:00,54.9938128283,5.76756772194
 06/21  24:00:00,47.673426936400006,5.76221603675
 06/22  01:00:00,44.4501424778,0.02
 06/22  02:00:00,41.278467907,5.75674285134
 06/22  03:00:00,40.4456976782,0.02
 06/22  04:00:00,41.5739075293,5.7622131877100005
 06/22  05:00:00,49.3697216843,5.776832195340001
 06/22  06:00:00,76.87065385,11.588838051300002
 06/22  07:00:00,97.03038137620001,17.4397418252
 06/22  08:00:00,85.0053307456,29.346950750300003
 06/22  09:00:00,82.9675146343,41.4338494544
 06/22  10:00:00,65.2591432724,35.5594869361
 06/22  11:00:00,66.4044660503,41.3522177252
 06/22  12:00:00,67.7498377969,35.522937861399996
 06/22  13:00:00,70.2744005317,35.518127089699995
 06/22  14:00:00,72.0957923179,41.3477692431
 06/22  15:00:00,73.606159343,35.5220289887
 06/22  16:00:00,78.4168788348,23.785826576399998
 06/22  17:00:00,91.4255297414,5.77270343003
 06/22  18:00:00,99.19271659799999,11.5781863216
 06/22  19:00:00,103.02787804200001,5.78337085646
 06/22  20:00:00,111.275139099,11.54408983
 06/22  21:00:00,110.202975861,11.588760219700001
 06/22  22:00:00,81.6513385918,5.788909936919999
 06/22  23:00:00,58.015173653199994,5.76664576471
 06/22  24:00:00,50.2770049759,5.762110419419999
 06/23  01:00:00,47.5596791963,0.02
 06/23  02:00:00,44.953688157100004,5.75682432168
 06/23  03:00:00,42.7811071597,0.0520076232838
 06/23  04:00:00,43.148275463100006,5.762104761130001
 06/23  05:00:00,50.7794668421,5.778080675519999
 06/23  06:00:00,78.8379519115,11.589560795999999
 06/23  07:00:00,100.51738454,17.4385537191
 06/23  08:00:00,91.1052457173,29.3464931855
 06/23  09:00:00,90.2855546999,41.432941345799996
 06/23  10:00:00,72.29126776689999,35.558415376599996
 06/23  11:00:00,72.7211553975,41.3519495138
 06/23  12:00:00,74.3782294299,35.5228146637
 06/23  13:00:00,76.7673775521,35.517729995799996
 06/23  14:00:00,79.2532920378,41.3470828554
 06/23  15:00:00,81.06027129350001,35.521398156
 06/23  16:00:00,86.63353372790002,23.7868451025
 06/23  17:00:00,100.163198112,5.772596871769999
 06/23  18:00:00,109.012084872,11.5785983651
 06/23  19:00:00,112.657275396,5.7831842707800005
 06/23  20:00:00,120.50357872200001,11.5453063298
 06/23  21:00:00,120.80074929700001,11.588138833699999
 06/23  22:00:00,91.44241809,5.78863010334
 06/23  23:00:00,65.4918747686,5.76732480603
 06/23  24:00:00,56.8703472002,5.76205721026
 06/24  01:00:00,55.8353390533,0.02
 06/24  02:00:00,49.3703999503,5.75660837868
 06/24  03:00:00,48.71795728520001,0.02
 06/24  04:00:00,49.95301833479999,5.7611314693099995
 06/24  05:00:00,53.5658573479,5.7670975308
 06/24  06:00:00,69.4509261447,5.77718426102
 06/24  07:00:00,90.2198657415,11.5891599557
 06/24  08:00:00,125.96322678,35.3723917816
 06/24  09:00:00,113.541506348,41.4986185273
 06/24  10:00:00,87.3987144365,41.4393186391
 06/24  11:00:00,86.2943324692,41.3918617512
 06/24  12:00:00,88.7781524422,35.5222737784
 06/24  13:00:00,91.31747934260001,35.519049489699995
 06/24  14:00:00,92.93287399260001,41.3459408186
 06/24  15:00:00,93.8053559358,35.5224704034
 06/24  16:00:00,97.3461525302,23.7868026394
 06/24  17:00:00,105.498125942,5.76702917031
 06/24  18:00:00,121.763723142,5.77242965204
 06/24  19:00:00,123.067300615,5.7828737633200005
 06/24  20:00:00,129.129026769,7.760703887030001
 06/24  21:00:00,132.355260616,9.56710970237
 06/24  22:00:00,104.548683079,11.5886102875
 06/24  23:00:00,76.2729316859,5.77795934646
 06/24  24:00:00,66.8641680416,5.76174967217
 06/25  01:00:00,64.50968475100001,0.02
 06/25  02:00:00,57.3494993121,5.75543332355
 06/25  03:00:00,55.8404088129,5.756236553609999
 06/25  04:00:00,56.5219254646,0.02
 06/25  05:00:00,60.5515136513,5.76715298518
 06/25  06:00:00,77.590640173,5.777538385160001
 06/25  07:00:00,98.2633758444,11.5885690579
 06/25  08:00:00,132.302354386,35.372377195300004
 06/25  09:00:00,118.50511414200001,41.4985150275
 06/25  10:00:00,91.4302374227,41.4369370598
 06/25  11:00:00,89.9544474313,41.3923804577
 06/25  12:00:00,91.9863012334,35.5221809679
 06/25  13:00:00,93.1154319217,35.517866194899995
 06/25  14:00:00,94.7109154967,41.3455452797
 06/25  15:00:00,95.8542289709,35.522736983499996
 06/25  16:00:00,100.37791962,23.7857190873
 06/25  17:00:00,107.632059529,5.76700684766
 06/25  18:00:00,123.126471925,5.772376059219999
 06/25  19:00:00,124.72131720200001,5.78277173103
 06/25  20:00:00,122.066178723,8.76468005442
 06/25  21:00:00,118.37823577399999,8.56237511497
 06/25  22:00:00,91.3422125531,11.588138021099999
 06/25  23:00:00,64.3514806263,5.77778781096
 06/25  24:00:00,56.2808253017,5.761616656699999
 06/26  01:00:00,51.106664728199995,0.02
 06/26  02:00:00,46.7627010606,5.756615934430001
 06/26  03:00:00,45.6964141319,5.756094260419999
 06/26  04:00:00,47.2538742924,0.02
 06/26  05:00:00,55.97892644939999,5.77772033777
 06/26  06:00:00,86.5101370897,11.5882104896
 06/26  07:00:00,108.593150651,17.4357338119
 06/26  08:00:00,96.3538495211,29.3401721609
 06/26  09:00:00,93.9226019475,41.4286468985
 06/26  10:00:00,75.6171590095,35.5554996548
 06/26  11:00:00,76.4052823791,41.347864903899996
 06/26  12:00:00,77.644221585,35.5206746425
 06/26  13:00:00,78.3974105414,35.5173741273
 06/26  14:00:00,77.9577604437,41.3407682709
 06/26  15:00:00,77.7474081758,35.5203043023
 06/26  16:00:00,82.1372013097,23.786649010799998
 06/26  17:00:00,94.3258289367,5.77208259758
 06/26  18:00:00,100.63006943200001,11.576723749500001
 06/26  19:00:00,103.485026747,5.7824024177
 06/26  20:00:00,109.885935748,5.781717903250001
 06/26  21:00:00,108.224228131,11.6021429469
 06/26  22:00:00,79.9946673208,11.5564180699
 06/26  23:00:00,56.1527227949,5.767092917439999
 06/26  24:00:00,48.613452089300004,0.02
 06/27  01:00:00,45.0483521399,5.78836050695
 06/27  02:00:00,42.1160750677,5.7565150779100005
 06/27  03:00:00,40.9190065827,0.44248996485799996
 06/27  04:00:00,41.5136290483,6.8862588646
 06/27  05:00:00,48.8512652657,7.57859961234
 06/27  06:00:00,77.010517153,13.480168516900001
 06/27  07:00:00,98.9940502842,17.6829725337
 06/27  08:00:00,89.3186175681,23.4753734938
 06/27  09:00:00,89.025892716,41.4330294342
 06/27  10:00:00,71.88054250229999,41.3911792714
 06/27  11:00:00,72.8647649019,35.5221588376
 06/27  12:00:00,74.1894416085,35.5156146331
 06/27  13:00:00,76.8856024075,41.3435927329
 06/27  14:00:00,77.7901529741,35.5183347518
 06/27  15:00:00,77.1351794901,35.514934707100004
 06/27  16:00:00,81.38793793810001,23.786583019499997
 06/27  17:00:00,94.46943104700001,5.771929976649999
 06/27  18:00:00,102.48152312299999,11.5767467924
 06/27  19:00:00,105.39006887299999,5.782109407
 06/27  20:00:00,114.15221687799999,11.544696766500001
 06/27  21:00:00,114.16315625899999,11.585998648699999
 06/27  22:00:00,83.67601220899999,5.7878676362
 06/27  23:00:00,58.9891248279,5.767064984269999
 06/27  24:00:00,50.5671064901,5.76175233929
 06/28  01:00:00,46.4688426865,0.02
 06/28  02:00:00,43.0884751046,5.7564436612
 06/28  03:00:00,41.896445815300005,5.8380586826
 06/28  04:00:00,42.6835453771,0.34137555247100004
 06/28  05:00:00,50.7127073941,5.82106289241
 06/28  06:00:00,79.4996008033,14.6777324395
 06/28  07:00:00,101.534668451,14.331042841099999
 06/28  08:00:00,91.918641618,29.336309503200003
 06/28  09:00:00,90.7774374544,41.4257738948
 06/28  10:00:00,71.8883144134,35.5538921104
 06/28  11:00:00,72.6959040262,41.3449261342
 06/28  12:00:00,73.7449887467,35.5182466638
 06/28  13:00:00,75.8861859644,35.5187720009
 06/28  14:00:00,77.6240779858,35.5152550292
 06/28  15:00:00,79.7818873088,41.3430188839
 06/28  16:00:00,84.9664814734,18.045
 06/28  17:00:00,99.6309424579,9.194533293200001
 06/28  18:00:00,108.157962089,8.13611916649
 06/28  19:00:00,111.46032268399999,11.5447909404
 06/28  20:00:00,119.50776742,5.78233643066
 06/28  21:00:00,119.22872067899999,11.5863349274
 06/28  22:00:00,89.18192031,11.5555352046
 06/28  23:00:00,63.829784912,5.76698838997
 06/28  24:00:00,55.3265457572,0.02
 06/29  01:00:00,51.0774480721,5.75636202844
 06/29  02:00:00,47.1834256459,0.02
 06/29  03:00:00,45.8937505402,5.756430182459999
 06/29  04:00:00,46.534047587799996,5.761344655019999
 06/29  05:00:00,54.1673473124,5.77657725095
 06/29  06:00:00,82.800850612,11.5861393575
 06/29  07:00:00,104.369422596,11.6298004258
 06/29  08:00:00,93.7126427721,29.3363672206
 06/29  09:00:00,93.5513170724,41.4277187928
 06/29  10:00:00,76.3231164849,35.5527026453
 06/29  11:00:00,77.3585939663,41.3451248462
 06/29  12:00:00,78.6322668621,35.5195439089
 06/29  13:00:00,80.1832973578,35.5139532671
 06/29  14:00:00,84.3187933834,41.345140151
 06/29  15:00:00,83.1820109048,35.5162436521
 06/29  16:00:00,88.90391945299999,23.7865185807
 06/29  17:00:00,103.352514101,5.77201963637
 06/29  18:00:00,109.79210102299999,11.5758558029
 06/29  19:00:00,112.88388211899999,5.7824255195
 06/29  20:00:00,121.645006001,5.78170504482
 06/29  21:00:00,123.738377359,11.5872547389
 06/29  22:00:00,93.409347666,11.5553931123
 06/29  23:00:00,67.38251407119999,5.76684219609
 06/29  24:00:00,58.4788434037,0.02
 06/30  01:00:00,54.165496813900006,5.75639483367
 06/30  02:00:00,50.400307212799994,5.756454096490001
 06/30  03:00:00,48.3349307459,0.02
 06/30  04:00:00,48.6191373971,5.76146823773
 06/30  05:00:00,56.8180391084,5.77717315377
 06/30  06:00:00,85.7116276826,11.5865973234
 06/30  07:00:00,107.737640952,17.4318108552
 06/30  08:00:00,98.0057470593,23.4694864808
 06/30  09:00:00,96.79461973389999,41.4277421146
 06/30  10:00:00,76.76677521010001,41.3869273875
 06/30  11:00:00,76.4286422793,35.5189764831
 06/30  12:00:00,78.80000312850001,35.5172798875
 06/30  13:00:00,80.2006740195,41.3374140106
 06/30  14:00:00,80.2697056719,35.5173358232
 06/30  15:00:00,82.155121022,35.5136915369
 06/30  16:00:00,88.4366711771,23.7862953328
 06/30  17:00:00,101.189993515,5.77186991407
 06/30  18:00:00,107.930828584,11.574409261400001
 06/30  19:00:00,110.784278254,5.78210553113
 06/30  20:00:00,118.559651038,5.78217681794
 06/30  21:00:00,118.870381985,11.5867387576
 06/30  22:00:00,88.8932056869,11.5553228508
 06/30  23:00:00,63.388497327799996,5.766779414939999
 06/30  24:00:00,55.381547301000005,5.76151682907
 07/01  01:00:00,54.8486182399,0.02
 07/01  02:00:00,48.2158072599,5.7562743971599994
 07/01  03:00:00,46.95882204390001,0.02
 07/01  04:00:00,47.774851122,5.76105436205
 07/01  05:00:00,51.6684736569,5.76669517385
 07/01  06:00:00,68.2748597851,5.777041698200001
 07/01  07:00:00,87.6760611415,11.586497939000001
 07/01  08:00:00,121.057447505,29.4662879495
 07/01  09:00:00,104.611783152,47.356492511400006
 07/01  10:00:00,77.34791511739999,40.8686380343
 07/01  11:00:00,77.12877090319999,36.1095976175
 07/01  12:00:00,78.4352603114,35.513033710900004
 07/01  13:00:00,79.154370056,41.339349978200005
 07/01  14:00:00,81.8047981238,35.514723103099996
 07/01  15:00:00,84.4332171381,35.5149823366
 07/01  16:00:00,88.3066839004,23.7861974461
 07/01  17:00:00,98.954816156,5.76656947601
 07/01  18:00:00,116.605231477,5.77168140697
 07/01  19:00:00,117.84642017700001,5.78097719194
 07/01  20:00:00,124.03146701200001,11.5422823718
 07/01  21:00:00,125.814384007,5.78216024161
 07/01  22:00:00,96.83154675799999,11.5862701896
 07/01  23:00:00,66.70734579350001,5.77694628201
 07/01  24:00:00,57.831683935200004,5.76127058295
 07/02  01:00:00,56.0483589947,0.02
 07/02  02:00:00,49.179930353500005,5.75628680712
 07/02  03:00:00,47.6337419957,0.02
 07/02  04:00:00,47.7403930214,5.76149712472
 07/02  05:00:00,51.423454084700005,5.76661570168
 07/02  06:00:00,68.2603753239,5.77634422903
 07/02  07:00:00,88.34936636040001,11.5850327704
 07/02  08:00:00,122.42219927,29.4635590412
 07/02  09:00:00,109.298971381,47.3481024433
 07/02  10:00:00,84.9291359051,41.428359061100004
 07/02  11:00:00,85.2339682028,35.5503985925
 07/02  12:00:00,88.06173777139999,41.337346687
 07/02  13:00:00,89.94670983469999,35.516948591900004
 07/02  14:00:00,91.78581148200001,35.5131369248
 07/02  15:00:00,92.24530164379999,35.5132699758
 07/02  16:00:00,93.8742930049,23.7862386558
 07/02  17:00:00,98.26224516149999,5.7664335651
 07/02  18:00:00,116.661335831,5.771691506490001
 07/02  19:00:00,121.45370704700001,5.7817510604299995
 07/02  20:00:00,121.87341448299999,11.543835406700001
 07/02  21:00:00,120.109077238,5.78209565185
 07/02  22:00:00,91.87009557350001,11.5856305614
 07/02  23:00:00,63.92882797,5.7757659265
 07/02  24:00:00,54.9525643119,5.76149583181
 07/03  01:00:00,49.212725222399996,5.7560966144500005
 07/03  02:00:00,45.4550660509,0.02
 07/03  03:00:00,44.0341269071,5.755805166440001
 07/03  04:00:00,44.634322349399994,0.02
 07/03  05:00:00,52.2929267384,11.5333811029
 07/03  06:00:00,80.8011654792,11.583297278599998
 07/03  07:00:00,101.83583254,11.6268561066
 07/03  08:00:00,89.9315779255,29.329080869000002
 07/03  09:00:00,87.2967538873,35.5769756131
 07/03  10:00:00,69.1384960006,41.385703308400004
 07/03  11:00:00,70.5654864875,35.5174841955
 07/03  12:00:00,73.16308157350001,41.336571104499995
 07/03  13:00:00,75.2204213005,35.5163608839
 07/03  14:00:00,75.3634083039,35.5124958016
 07/03  15:00:00,75.3230521886,35.5125343418
 07/03  16:00:00,79.6907251361,23.7861323652
 07/03  17:00:00,90.3275085674,5.77128171967
 07/03  18:00:00,95.72764789950001,11.5745038429
 07/03  19:00:00,98.7343591593,5.781435177890001
 07/03  20:00:00,106.521385223,11.543094825499999
 07/03  21:00:00,106.68631960200001,11.5856344326
 07/03  22:00:00,78.3724815882,5.7872872799
 07/03  23:00:00,54.8702890575,5.76590366653
 07/03  24:00:00,47.7298749233,5.7614593074
 07/04  01:00:00,47.932740278400004,0.02
 07/04  02:00:00,41.8547642891,5.9690208273500005
 07/04  03:00:00,40.955697781,0.511298670485
 07/04  04:00:00,41.999114189299995,6.48059895145
 07/04  05:00:00,45.861383115500004,6.611109451259999
 07/04  06:00:00,61.7902346667,6.744495367380001
 07/04  07:00:00,79.70187953060001,12.3048039034
 07/04  08:00:00,109.622147574,29.461722612600003
 07/04  09:00:00,94.66313515200001,47.34719630399999
 07/04  10:00:00,67.9276646859,41.4269602211
 07/04  11:00:00,65.7561206975,35.5490590394
 07/04  12:00:00,66.7749126696,35.51182643
 07/04  13:00:00,66.7388803654,41.3373366894
 07/04  14:00:00,67.7918745865,35.5129142573
 07/04  15:00:00,67.7945671616,35.5129110669
 07/04  16:00:00,70.7782079741,23.7861187365
 07/04  17:00:00,78.1691759772,5.766342702669999
 07/04  18:00:00,93.100661409,5.77162410549
 07/04  19:00:00,94.1368807494,5.780404229889999
 07/04  20:00:00,100.659395726,11.574944852
 07/04  21:00:00,105.518769005,6.2615025246
 07/04  22:00:00,80.8302789568,12.336817520999999
 07/04  23:00:00,54.8623290201,6.81524949369
 07/04  24:00:00,46.885291046300004,7.125013461839999
 07/05  01:00:00,41.8890055155,2.91451498764
 07/05  02:00:00,38.2459381977,11.5575471617
 07/05  03:00:00,37.154891720500004,7.357553728560001
 07/05  04:00:00,37.8700489885,14.8490396501
 07/05  05:00:00,45.2684426514,15.5055641079
 07/05  06:00:00,73.2308022177,20.2391197038
 07/05  07:00:00,94.25683479450001,21.3674885907
 07/05  08:00:00,82.4250097103,23.463543019099998
 07/05  09:00:00,79.3679465657,41.4227401117
 07/05  10:00:00,60.672025214899996,41.3831791091
 07/05  11:00:00,61.2903084803,35.5152006991
 07/05  12:00:00,63.1640262619,35.513316142
 07/05  13:00:00,64.8144803725,38.8815789405
 07/05  14:00:00,67.3298457323,37.964266283899995
 07/05  15:00:00,68.8027969132,35.512935920100006
 07/05  16:00:00,73.7803480104,23.7849686427
 07/05  17:00:00,87.4162815142,5.77144259153
 07/05  18:00:00,95.1020272276,11.572730401600001
 07/05  19:00:00,98.22345503209999,5.78142984006
 07/05  20:00:00,106.20349521,5.7806454372000005
 07/05  21:00:00,105.837229237,11.6026308465
 07/05  22:00:00,77.2480936594,11.553917312100001
 07/05  23:00:00,53.6684433386,5.90408065542
 07/05  24:00:00,46.6065453992,0.319771735132
 07/06  01:00:00,43.229867927600004,6.79312363939
 07/06  02:00:00,39.8377140573,1.8337633230700001
 07/06  03:00:00,38.856821662899996,8.14315250018
 07/06  04:00:00,39.903014081,8.4327862787
 07/06  05:00:00,47.5097379379,8.5500995917
 07/06  06:00:00,75.7869914618,13.7074883088
 07/06  07:00:00,96.6292167214,12.2891952644
 07/06  08:00:00,84.49844220109999,29.3243731021
 07/06  09:00:00,82.0663232402,41.4177666641
 07/06  10:00:00,63.9488043369,35.547653626
 07/06  11:00:00,65.2400198857,35.5152283347
 07/06  12:00:00,66.6582755384,41.335858861700004
 07/06  13:00:00,68.8237039339,35.5116054876
 07/06  14:00:00,70.8942436824,35.5114370554
 07/06  15:00:00,72.5478677976,37.2726078121
 07/06  16:00:00,78.2460959682,22.047217571799997
 07/06  17:00:00,91.10799511309999,5.771082688069999
 07/06  18:00:00,98.1192374373,11.5735474277
 07/06  19:00:00,101.54489295299999,5.78103481658
 07/06  20:00:00,109.445488199,11.542177326
 07/06  21:00:00,109.182281324,11.5841990088
 07/06  22:00:00,80.573452698,5.78665514848
 07/06  23:00:00,56.774385557600006,5.76635821667
 07/06  24:00:00,49.7036985174,5.76128793386
 07/07  01:00:00,46.49642543,0.02
 07/07  02:00:00,43.123096679700005,5.75603752789
 07/07  03:00:00,42.1238715884,0.02
 07/07  04:00:00,42.6030123718,5.761189352990001
 07/07  05:00:00,50.0303189656,5.77620257186
 07/07  06:00:00,78.18198492260001,11.657797498299999
 07/07  07:00:00,98.5647039625,17.428542483399998
 07/07  08:00:00,88.04223049870001,23.4618827216
 07/07  09:00:00,87.59768298690001,41.4202838069
 07/07  10:00:00,70.24020495180001,41.3819693498
 07/07  11:00:00,72.7489931477,35.5152172391
 07/07  12:00:00,74.651261404,35.514818526300004
 07/07  13:00:00,76.095104767,35.508646834699995
 07/07  14:00:00,78.0776865957,41.3329306885
 07/07  15:00:00,79.2465375054,35.513252584600004
 07/07  16:00:00,83.2034694276,23.7860587748
 07/07  17:00:00,95.94427272770001,5.77133589648
 07/07  18:00:00,103.59879091299999,5.79684941555
 07/07  19:00:00,106.274611603,11.5425798676
 07/07  20:00:00,114.404718945,5.78105664337
 07/07  21:00:00,112.873160862,11.5839974178
 07/07  22:00:00,83.2935180217,11.5526871857
 07/07  23:00:00,58.2448836576,0.02
 07/07  24:00:00,50.2024494311,5.76043187986
 07/08  01:00:00,50.2843114008,5.755997911280001
 07/08  02:00:00,44.2558739635,0.02
 07/08  03:00:00,43.392625736899994,5.75565242528
 07/08  04:00:00,44.4313671263,0.02
 07/08  05:00:00,48.5055581516,5.766192684419999
 07/08  06:00:00,65.0768822928,5.775210304530001
 07/08  07:00:00,84.6081690244,11.5837729314
 07/08  08:00:00,118.691157595,29.4535311418
 07/08  09:00:00,106.09882036399999,47.3389606001
 07/08  10:00:00,79.9622036909,41.423055181799995
 07/08  11:00:00,79.9837335758,35.5462379017
 07/08  12:00:00,82.7418757391,35.5101072222
 07/08  13:00:00,84.5869016512,41.3345167866
 07/08  14:00:00,83.14721296729999,35.5104341819
 07/08  15:00:00,82.40773066770001,35.5101104212
 07/08  16:00:00,86.4783526818,23.7858950352
 07/08  17:00:00,97.31293132200001,5.76609375145
 07/08  18:00:00,112.513586672,5.77098323013
 07/08  19:00:00,112.472348309,5.78120833481
 07/08  20:00:00,118.749917001,5.78118641139
 07/08  21:00:00,122.76931876399999,11.5427493905
 07/08  22:00:00,95.2451901356,11.5833944278
 07/08  23:00:00,66.300720431,5.77636043554
 07/08  24:00:00,56.4452945717,5.761150709169999
 07/09  01:00:00,54.0547267672,0.02
 07/09  02:00:00,47.9395858992,5.755935937309999
 07/09  03:00:00,46.58772432479999,0.02
 07/09  04:00:00,46.8999364379,5.76051529066
 07/09  05:00:00,50.5812629971,5.76613104719
 07/09  06:00:00,66.4026689439,5.77633805221
 07/09  07:00:00,83.81570323359999,11.5820402221
 07/09  08:00:00,111.94047939,29.4489794235
 07/09  09:00:00,95.45135899799999,41.4823509794
 07/09  10:00:00,67.8373982432,41.4223731959
 07/09  11:00:00,64.7669911748,41.3787808855
 07/09  12:00:00,65.22730897,35.5126042416
 07/09  13:00:00,66.9398333903,35.511457116100004
 07/09  14:00:00,65.9521563805,35.5109815778
 07/09  15:00:00,64.2776738733,41.333199115700005
 07/09  16:00:00,68.5027238956,18.045
 07/09  17:00:00,77.26823562,5.7660360413
 07/09  18:00:00,93.04354702549999,5.771069070859999
 07/09  19:00:00,94.8237173799,11.541362754100001
 07/09  20:00:00,101.530590605,5.80789609271
 07/09  21:00:00,106.53496397200001,5.78091058461
 07/09  22:00:00,81.0707454155,11.857478951600001
 07/09  23:00:00,54.22412490560001,7.38717342972
 07/09  24:00:00,46.0047834706,8.19960360462
 07/10  01:00:00,41.5256061419,9.14809257998
 07/10  02:00:00,38.391522101199996,4.460363296080001
 07/10  03:00:00,37.6987397827,10.2365857614
 07/10  04:00:00,38.193178654099995,6.80890574762
 07/10  05:00:00,45.170052527799996,14.7834417925
 07/10  06:00:00,73.17474806050001,20.1688681229
 07/10  07:00:00,94.0267000065,22.0451555627
 07/10  08:00:00,82.1314812009,23.551450849800002
 07/10  09:00:00,79.82503556340001,41.418023010700004
 07/10  10:00:00,61.7956815889,41.3782471881
 07/10  11:00:00,62.52897690060001,35.5130146213
 07/10  12:00:00,63.8854218046,35.5113896536
 07/10  13:00:00,65.5322036854,35.5089129786
 07/10  14:00:00,67.2265967639,41.332923424499995
 07/10  15:00:00,68.0509529209,35.509076111
 07/10  16:00:00,73.1365249018,23.785758548
 07/10  17:00:00,86.0017113932,5.77087006253
 07/10  18:00:00,93.0188720913,5.796032572230001
 07/10  19:00:00,96.49503033139999,11.5422834355
 07/10  20:00:00,104.948629549,5.7809679834
 07/10  21:00:00,105.50015774200001,11.5830441331
 07/10  22:00:00,76.95855459149999,11.5521717173
 07/10  23:00:00,53.368832785600006,0.400545655249
 07/10  24:00:00,45.9615097832,7.171522304600001
 07/11  01:00:00,42.7771678004,7.70445243889
 07/11  02:00:00,39.391783224,3.07964500178
 07/11  03:00:00,38.3255015692,10.1787025472
 07/11  04:00:00,38.973774728,6.13895782524
 07/11  05:00:00,46.3559307228,18.1514747871
 07/11  06:00:00,74.6562431137,11.2239863446
 07/11  07:00:00,95.6994679291,19.7353686562
 07/11  08:00:00,83.9957187617,23.4558697257
 07/11  09:00:00,82.1018128914,41.4181398526
 07/11  10:00:00,64.8274051303,41.3773515152
 07/11  11:00:00,66.0769541918,35.512375865500005
 07/11  12:00:00,67.7366139927,35.510678315599996
 07/11  13:00:00,69.384260846,35.5081247632
 07/11  14:00:00,70.7735512752,41.3317655026
 07/11  15:00:00,72.1620223744,35.5099161838
 07/11  16:00:00,77.7542327701,23.785823614499996
 07/11  17:00:00,91.5815769207,5.77092320815
 07/11  18:00:00,99.0870269879,5.79506942324
 07/11  19:00:00,101.29581938700001,11.5419050853
 07/11  20:00:00,109.164938672,5.780652942940001
 07/11  21:00:00,109.292777011,11.5826144576
 07/11  22:00:00,79.8903561938,5.7862306722
 07/11  23:00:00,55.693917238699996,5.7660405382099995
 07/11  24:00:00,48.2898474262,5.76096740128
 07/12  01:00:00,44.688562272,6.426580982819999
 07/12  02:00:00,41.3022267211,1.1761306603
 07/12  03:00:00,40.0206920232,7.5059510852399995
 07/12  04:00:00,40.7181938705,2.20333094307
 07/12  05:00:00,48.0607092558,8.77078367705
 07/12  06:00:00,76.2644708005,14.2018805159
 07/12  07:00:00,97.54920790870001,18.2882786028
 07/12  08:00:00,86.7975284141,23.4660986551
 07/12  09:00:00,86.2634481298,41.417240215599996
 07/12  10:00:00,68.7990725494,41.3773239345
 07/12  11:00:00,70.47257493880001,35.513244811
 07/12  12:00:00,72.7746655099,35.508588826
 07/12  13:00:00,75.2359445363,35.5059971494
 07/12  14:00:00,76.8790802589,41.3287975407
 07/12  15:00:00,77.7262127855,35.509691227800005
 07/12  16:00:00,82.6988841415,18.045
 07/12  17:00:00,95.2660469033,5.7707277604
 07/12  18:00:00,103.15324074600001,11.5717005191
 07/12  19:00:00,106.735866683,11.541047396400002
 07/12  20:00:00,115.859223253,5.779879154990001
 07/12  21:00:00,114.124565073,11.5816719447
 07/12  22:00:00,83.3139579074,5.78607542516
 07/12  23:00:00,58.748638255500005,5.7659576158700006
 07/12  24:00:00,50.8989726192,5.760685361599999
 07/13  01:00:00,47.8367380842,0.02
 07/13  02:00:00,44.5912150861,5.7557293634
 07/13  03:00:00,43.248666118500005,0.02
 07/13  04:00:00,44.0890588067,5.760891816869999
 07/13  05:00:00,51.6013893978,5.775613548940001
 07/13  06:00:00,79.881353414,11.5824605541
 07/13  07:00:00,101.34923086299999,17.4229565145
 07/13  08:00:00,91.8658308547,23.4547735966
 07/13  09:00:00,91.65673911969999,41.4127040985
 07/13  10:00:00,74.0629908051,35.5439779115
 07/13  11:00:00,75.6862447564,41.3347825309
 07/13  12:00:00,77.2428642525,35.5089470378
 07/13  13:00:00,79.6785429809,35.5063996673
 07/13  14:00:00,83.3556349786,35.5056895098
 07/13  15:00:00,84.3434004047,41.3282740748
 07/13  16:00:00,87.40797233229999,18.045
 07/13  17:00:00,100.239734324,5.7707873010599995
 07/13  18:00:00,110.023782592,11.571781525899999
 07/13  19:00:00,112.89066595700001,5.78031455883
 07/13  20:00:00,120.886965474,11.5404942739
 07/13  21:00:00,122.37752555700001,11.5814365729
 07/13  22:00:00,92.6370561635,5.78611735516
 07/13  23:00:00,66.5205523071,5.7658146366
 07/13  24:00:00,58.7373025229,5.76094207804
 07/14  01:00:00,54.925884509,0.02
 07/14  02:00:00,51.6595496351,5.75574300467
 07/14  03:00:00,50.1643868596,0.02
 07/14  04:00:00,49.8674347671,5.76021424578
 07/14  05:00:00,57.9291090639,5.7747686701
 07/14  06:00:00,88.87652611709998,11.582027104000002
 07/14  07:00:00,111.243868814,17.423527708399998
 07/14  08:00:00,101.350370804,23.4548055604
 07/14  09:00:00,101.21137287299999,41.4108401221
 07/14  10:00:00,83.6525641251,35.5428256157
 07/14  11:00:00,86.8543762483,35.5104615681
 07/14  12:00:00,89.8288890543,41.3286239382
 07/14  13:00:00,92.0276115753,35.50938939
 07/14  14:00:00,93.038587281,35.5086142483
 07/14  15:00:00,93.7472954609,35.509786608
 07/14  16:00:00,98.5146595499,23.785583029899996
 07/14  17:00:00,110.919597273,5.770668983609999
 07/14  18:00:00,117.63832949299999,11.5711274894
 07/14  19:00:00,112.942322525,5.78037065281
 07/14  20:00:00,116.17628879600001,5.780263046719999
 07/14  21:00:00,117.159809959,11.5820560524
 07/14  22:00:00,87.48245900709999,11.550575533800002
 07/14  23:00:00,62.5205234785,5.76486596597
 07/14  24:00:00,55.075198468100005,0.02
 07/15  01:00:00,54.6410989079,5.75580791891
 07/15  02:00:00,47.833319652200004,0.02
 07/15  03:00:00,46.426138083699996,5.75569712641
 07/15  04:00:00,46.9250403475,5.76022330934
 07/15  05:00:00,50.4772791643,0.02
 07/15  06:00:00,66.0481828971,11.5311341475
 07/15  07:00:00,84.4397763153,5.79958230877
 07/15  08:00:00,116.40928079700001,33.8083937688
 07/15  09:00:00,103.37280928,42.9802830627
 07/15  10:00:00,77.2501554139,41.4157513683
 07/15  11:00:00,74.8079605846,35.5414461063
 07/15  12:00:00,76.42831817359999,35.5048289734
 07/15  13:00:00,78.7563938489,41.3266593153
 07/15  14:00:00,80.0205279078,35.5078315723
 07/15  15:00:00,79.8607412096,35.5070190485
 07/15  16:00:00,83.9943720851,23.7855917971
 07/15  17:00:00,92.56893818719999,0.02
 07/15  18:00:00,108.41135952799999,5.77065941121
 07/15  19:00:00,109.29519108299999,11.541307077599999
 07/15  20:00:00,112.543939223,5.78052642153
 07/15  21:00:00,115.560727377,5.78050199686
 07/15  22:00:00,88.8037436226,11.5818862769
 07/15  23:00:00,61.8358163033,9.20083187905
 07/15  24:00:00,53.859436756,2.3432820646
 07/16  01:00:00,52.4408809973,5.75558914673
 07/16  02:00:00,45.706542959,0.02
 07/16  03:00:00,44.409842670100005,5.75576995528
 07/16  04:00:00,44.965766479799996,0.02
 07/16  05:00:00,48.5669332623,5.765746335299999
 07/16  06:00:00,64.5562772276,5.77566246919
 07/16  07:00:00,84.4844964697,11.5816100072
 07/16  08:00:00,118.592612745,29.4394534596
 07/16  09:00:00,105.881190641,47.3314938127
 07/16  10:00:00,80.2551183747,35.5729221012
 07/16  11:00:00,80.265160046,41.372016998
 07/16  12:00:00,82.276241041,35.5079862885
 07/16  13:00:00,84.3297528542,35.505020771999995
 07/16  14:00:00,85.5394922407,41.3270622076
 07/16  15:00:00,85.4712645956,35.5080626499
 07/16  16:00:00,89.7077673589,18.045
 07/16  17:00:00,99.0004594938,5.76553415949
 07/16  18:00:00,115.610162359,5.770686919330001
 07/16  19:00:00,117.040495505,11.5404011599
 07/16  20:00:00,122.607462756,5.77962243414
 07/16  21:00:00,125.20927093600001,5.78035379331
 07/16  22:00:00,96.9424384524,11.5808545576
 07/16  23:00:00,68.8276959901,5.77557180046
 07/16  24:00:00,59.5563678595,5.76074343862
 07/17  01:00:00,52.341819245399996,5.755590025730001
 07/17  02:00:00,48.4930283749,0.02
 07/17  03:00:00,47.1299424039,5.7554622785800005
 07/17  04:00:00,48.194613170699995,0.02
 07/17  05:00:00,56.583823951099994,5.775646663790001
 07/17  06:00:00,87.0660706208,11.581324508800002
 07/17  07:00:00,106.414076437,17.421706531199998
 07/17  08:00:00,97.0448918124,23.4518258782
 07/17  09:00:00,96.32971195040001,41.4105567422
 07/17  10:00:00,78.36640153729999,35.5417804075
 07/17  11:00:00,80.286007372,41.3318268235
 07/17  12:00:00,82.7786309284,35.5084579703
 07/17  13:00:00,83.91780545,35.5074969567
 07/17  14:00:00,84.1185563044,35.5065357747
 07/17  15:00:00,84.4349462303,35.505545346
 07/17  16:00:00,89.357967029,23.7855024101
 07/17  17:00:00,103.01204386100001,5.77041720184
 07/17  18:00:00,111.12143611399999,11.5709065468
 07/17  19:00:00,113.333850141,5.779354423759999
 07/17  20:00:00,120.970788791,11.53845758
 07/17  21:00:00,121.50092750399999,5.80067951087
 07/17  22:00:00,91.8209649027,11.5501991151
 07/17  23:00:00,64.2305856532,5.76452551784
 07/17  24:00:00,54.915540383599996,0.02
 07/18  01:00:00,51.529007174499995,5.755638148689999
 07/18  02:00:00,48.202690679899995,0.02
 07/18  03:00:00,47.282339550900005,5.7556057889100005
 07/18  04:00:00,47.921430530100004,5.76066534939
 07/18  05:00:00,55.8433243744,5.775479954990001
 07/18  06:00:00,86.7761953065,11.580166238199999
 07/18  07:00:00,107.245497701,11.620753014100002
 07/18  08:00:00,97.6929994251,29.3083131466
 07/18  09:00:00,96.32997747270001,35.5707544948
 07/18  10:00:00,78.4801917646,41.3736421678
 07/18  11:00:00,80.4012432824,35.5099693473
 07/18  12:00:00,83.7452603405,35.5078385558
 07/18  13:00:00,86.9738267173,35.504860398299996
 07/18  14:00:00,89.1335403944,41.3266575827
 07/18  15:00:00,89.7884248908,35.5076131365
 07/18  16:00:00,92.34060478010001,23.7853455738
 07/18  17:00:00,102.887678778,0.02
 07/18  18:00:00,105.67532709999999,11.570350349000002
 07/18  19:00:00,105.999227533,11.5398801743
 07/18  20:00:00,113.07332345299999,5.77921569778
 07/18  21:00:00,113.809436957,11.579591561400001
 07/18  22:00:00,85.1559329732,5.785148074119999
 07/18  23:00:00,60.233231368,5.76463417918
 07/18  24:00:00,52.7064573739,5.7606942541
 07/19  01:00:00,49.2717241977,0.02
 07/19  02:00:00,45.5496228939,5.755636880930001
 07/19  03:00:00,44.5629565134,0.02
 07/19  04:00:00,45.2736170762,5.760611287890001
 07/19  05:00:00,52.978521998000005,5.77543121846
 07/19  06:00:00,83.8567461849,11.580762464600001
 07/19  07:00:00,104.091161131,17.4210722644
 07/19  08:00:00,92.8882730677,23.449351086500002
 07/19  09:00:00,90.3386983167,41.4071961629
 07/19  10:00:00,71.43163053890001,35.540027490199996
 07/19  11:00:00,72.6450302626,35.5074464509
 07/19  12:00:00,75.2704705451,41.3244718942
 07/19  13:00:00,77.4553352818,35.5058693657
 07/19  14:00:00,79.0124502505,35.5048114757
 07/19  15:00:00,79.42476325300001,35.5037489025
 07/19  16:00:00,83.3469533162,23.785439141399998
 07/19  17:00:00,96.15486608450001,5.76923993898
 07/19  18:00:00,103.179006476,11.5697884762
 07/19  19:00:00,106.68210050200001,5.77985265508
 07/19  20:00:00,113.91141224100001,5.77993855451
 07/19  21:00:00,111.987428492,11.580880110599999
 07/19  22:00:00,81.8099630329,11.5502983162
 07/19  23:00:00,56.8701371887,0.02
 07/19  24:00:00,49.3277794836,5.760598911980001
 07/20  01:00:00,45.9439072857,5.7556633998599995
 07/20  02:00:00,42.108251995500005,0.337706029763
 07/20  03:00:00,40.923742400100004,6.3783418988300005
 07/20  04:00:00,41.4585288458,1.2743988104100001
 07/20  05:00:00,48.7667163104,7.605701066719999
 07/20  06:00:00,78.52382546060001,13.7399972236
 07/20  07:00:00,97.0950501498,18.6022796074
 07/20  08:00:00,85.1902848247,23.448861865
 07/20  09:00:00,83.39249074109999,41.4088154755
 07/20  10:00:00,65.8496273782,35.5403924537
 07/20  11:00:00,68.0263980861,41.330116333
 07/20  12:00:00,70.88346357520001,35.5060274932
 07/20  13:00:00,73.3910234071,35.5048923066
 07/20  14:00:00,75.3511902833,35.5037677636
 07/20  15:00:00,76.53092007810001,35.5026295113
 07/20  16:00:00,82.9559770808,23.785370605100002
 07/20  17:00:00,97.01966525719999,5.77001838148
 07/20  18:00:00,104.734381315,11.570137324800001
 07/20  19:00:00,107.194244563,5.779984564739999
 07/20  20:00:00,114.640838295,5.77982472076
 07/20  21:00:00,113.681425889,11.580472479900001
 07/20  22:00:00,84.9430103686,11.550719778800001
 07/20  23:00:00,60.4600285901,5.765375186290001
 07/20  24:00:00,52.770166798999995,0.02
 07/21  01:00:00,49.135708636800004,5.75564461264
 07/21  02:00:00,45.7852444118,0.02
 07/21  03:00:00,44.9756067417,5.75518654206
 07/21  04:00:00,45.6111673049,0.02
 07/21  05:00:00,53.4169298779,11.5306072936
 07/21  06:00:00,84.206825651,11.5779804569
 07/21  07:00:00,104.110321486,11.620052680499999
 07/21  08:00:00,94.67887498879999,23.4471571011
 07/21  09:00:00,93.6886951519,41.409754221
 07/21  10:00:00,76.06171135390001,41.371602841
 07/21  11:00:00,79.3112591122,35.5074036712
 07/21  12:00:00,80.2661979367,35.5060747743
 07/21  13:00:00,77.9840525142,35.502962525
 07/21  14:00:00,75.1444252645,35.5017766225
 07/21  15:00:00,76.1791806744,35.5044008371
 07/21  16:00:00,83.2511179703,23.785354218000002
 07/21  17:00:00,98.1028359532,5.77026768677
 07/21  18:00:00,106.712997253,11.5700931435
 07/21  19:00:00,109.27903747,5.779024893709999
 07/21  20:00:00,117.056738005,5.77890945428
 07/21  21:00:00,118.16867169700001,11.5803227196
 07/21  22:00:00,88.8281112585,11.5501844283
 07/21  23:00:00,64.8270194976,5.76546141545
 07/21  24:00:00,57.1603940519,0.02
 07/22  01:00:00,55.9809001932,5.75562861096
 07/22  02:00:00,49.7231274329,0.02
 07/22  03:00:00,48.508681126000006,5.75546925589
 07/22  04:00:00,48.7974660331,5.760158582030001
 07/22  05:00:00,52.7617947493,0.02
 07/22  06:00:00,70.9377504112,11.530604669
 07/22  07:00:00,88.0415024613,5.79941318149
 07/22  08:00:00,119.60524074,29.431645154499996
 07/22  09:00:00,104.15000299,47.3212401283
 07/22  10:00:00,75.80571083,35.5689362476
 07/22  11:00:00,73.6566557759,41.367797409699996
 07/22  12:00:00,74.1981366868,35.504785767899996
 07/22  13:00:00,76.1452902336,35.5015165913
 07/22  14:00:00,77.74241018560001,35.807319563200004
 07/22  15:00:00,78.9350565223,41.021592029299995
 07/22  16:00:00,83.3384688606,18.045
 07/22  17:00:00,90.9453979749,5.76525762888
 07/22  18:00:00,105.969789207,5.7702655596
 07/22  19:00:00,106.724601204,5.78001935416
 07/22  20:00:00,112.08158450100001,11.539666523900001
 07/22  21:00:00,116.66562169,5.78009042248
 07/22  22:00:00,90.3027934982,11.5800740781
 07/22  23:00:00,63.3860083443,5.77536972416
 07/22  24:00:00,55.913185857600006,5.7604417218699995
 07/23  01:00:00,54.4019213009,0.02
 07/23  02:00:00,48.0355185076,5.755393912740001
 07/23  03:00:00,47.2676833418,0.02
 07/23  04:00:00,47.9232520384,5.760298908539999
 07/23  05:00:00,52.0687925091,5.76542353217
 07/23  06:00:00,70.0210619052,5.77519122087
 07/23  07:00:00,86.5047497625,11.579539948699999
 07/23  08:00:00,119.165880771,29.4292763821
 07/23  09:00:00,103.820995439,41.4669483071
 07/23  10:00:00,75.11083783939999,41.4105821701
 07/23  11:00:00,72.7242009057,35.5383636693
 07/23  12:00:00,74.10266261550001,35.5037779891
 07/23  13:00:00,75.8715233999,41.3245431168
 07/23  14:00:00,78.2231704333,35.5056867793
 07/23  15:00:00,79.32690012970001,35.504411329899995
 07/23  16:00:00,82.15022512590001,23.7852956725
 07/23  17:00:00,90.1771349022,0.02
 07/23  18:00:00,106.03434198,5.77024066748
 07/23  19:00:00,107.558855439,11.5399367218
 07/23  20:00:00,113.055818466,5.77973647429
 07/23  21:00:00,117.346829129,5.77964861155
 07/23  22:00:00,90.9102978912,11.580059840899999
 07/23  23:00:00,63.4344016884,5.77499958734
 07/23  24:00:00,54.58301596729999,5.76049322377
 07/24  01:00:00,49.148727103,5.75538064372
 07/24  02:00:00,45.6459928408,0.02
 07/24  03:00:00,45.3417775587,5.7554957439
 07/24  04:00:00,46.307134033800004,0.02
 07/24  05:00:00,54.061342699099995,5.775164814380001
 07/24  06:00:00,85.5657106093,11.5791024785
 07/24  07:00:00,105.12558343200001,17.4186484494
 07/24  08:00:00,92.78535512100001,23.445085750900002
 07/24  09:00:00,89.0578022276,41.4056867015
 07/24  10:00:00,68.426463556,35.538720114499995
 07/24  11:00:00,68.8502852518,35.6020908448
 07/24  12:00:00,69.7937497648,41.2289659491
 07/24  13:00:00,70.81288247270001,35.5054101131
 07/24  14:00:00,72.69385966600001,35.504084511
 07/24  15:00:00,74.7798795579,35.5027539322
 07/24  16:00:00,79.3883453159,23.785177256599997
 07/24  17:00:00,92.5005887641,5.77007244644
 07/24  18:00:00,101.052182601,11.569044525399999
 07/24  19:00:00,103.832558298,5.77956134276
 07/24  20:00:00,112.56792251,5.77841951143
 07/24  21:00:00,111.495544389,11.579714955
 07/24  22:00:00,82.3587669568,6.649969681880001
 07/24  23:00:00,58.04404294850001,4.902362157930001
 07/24  24:00:00,50.740888666000004,5.760465225190001
 07/25  01:00:00,46.6705571616,5.7553303912
 07/25  02:00:00,43.0782483741,0.02
 07/25  03:00:00,42.0481709786,5.75514267738
 07/25  04:00:00,43.00727684060001,0.02
 07/25  05:00:00,50.6111542483,5.863664969839999
 07/25  06:00:00,80.6083479042,12.2229040183
 07/25  07:00:00,99.82710935950001,17.4907153969
 07/25  08:00:00,91.09834729379999,23.443626512399998
 07/25  09:00:00,91.0427647824,41.4034360346
 07/25  10:00:00,72.9443957493,35.5370632043
 07/25  11:00:00,74.22552151869999,35.5061313187
 07/25  12:00:00,76.3321909587,41.321942839
 07/25  13:00:00,78.303032365,35.5035987627
 07/25  14:00:00,80.13644173680001,35.502232720900004
 07/25  15:00:00,79.8640614768,35.504676760500004
 07/25  16:00:00,84.78827151680001,23.785285517800002
 07/25  17:00:00,98.34349219190001,5.769992983230001
 07/25  18:00:00,105.49031621299999,5.79451345564
 07/25  19:00:00,108.92865926700001,11.538613963800001
 07/25  20:00:00,119.77731929,5.7795123881
 07/25  21:00:00,117.775943122,11.579252860799999
 07/25  22:00:00,88.1231877191,5.78463699685
 07/25  23:00:00,60.992349805,5.76535470754
 07/25  24:00:00,53.6099581068,5.7602432621599995
 07/26  01:00:00,50.995785645,0.02
 07/26  02:00:00,47.836355926,5.75531512352
 07/26  03:00:00,46.4715327047,0.02
 07/26  04:00:00,47.79596819100001,5.75925885377
 07/26  05:00:00,56.7124119932,5.7749120186
 07/26  06:00:00,88.4862344966,11.579486574
 07/26  07:00:00,109.540044688,17.4184553817
 07/26  08:00:00,100.854284355,23.4450480182
 07/26  09:00:00,101.28578552299999,41.4018824034
 07/26  10:00:00,83.9235908511,35.538114884
 07/26  11:00:00,87.25569709450001,35.5077042438
 07/26  12:00:00,91.1936729426,35.5012354054
 07/26  13:00:00,94.6315427699,41.321732660500004
 07/26  14:00:00,96.9571143375,35.503384008400005
 07/26  15:00:00,98.6051468713,35.504555497199995
 07/26  16:00:00,103.249279948,23.785085207399998
 07/26  17:00:00,115.33814080200001,5.770032302640001
 07/26  18:00:00,123.07513694299999,5.7943315446599994
 07/26  19:00:00,126.44792912,11.5386977867
 07/26  20:00:00,135.573732524,5.77864541011
 07/26  21:00:00,133.208963331,11.5776622366
 07/26  22:00:00,102.67880103200001,5.78486929883
 07/26  23:00:00,77.38729251310001,5.7652637016199995
 07/26  24:00:00,71.6944574197,5.76038043594
 07/27  01:00:00,69.9288893359,0.02
 07/27  02:00:00,67.1458903173,5.75532803778
 07/27  03:00:00,65.1075680844,0.02
 07/27  04:00:00,63.811498980299994,5.75988003903
 07/27  05:00:00,69.9213041304,5.774885154290001
 07/27  06:00:00,99.88656552559999,11.578983883800001
 07/27  07:00:00,118.964222669,11.618819558299998
 07/27  08:00:00,107.357921035,29.2992287308
 07/27  09:00:00,103.092446987,35.5637002922
 07/27  10:00:00,82.5219995425,41.3669705297
 07/27  11:00:00,82.3056593392,35.506490103400004
 07/27  12:00:00,83.9172831322,35.5039203627
 07/27  13:00:00,85.7881819961,35.5005386597
 07/27  14:00:00,86.3017288044,41.3201495469
 07/27  15:00:00,86.48796539940001,35.5021740398
 07/27  16:00:00,91.1139225318,18.045
 07/27  17:00:00,105.190177884,5.76987952987
 07/27  18:00:00,112.944740383,11.5686969094
 07/27  19:00:00,115.990337522,5.7792688302199995
 07/27  20:00:00,123.952943945,11.5380503526
 07/27  21:00:00,119.933089656,11.5774170897
 07/27  22:00:00,90.7428151284,5.78465232625
 07/27  23:00:00,65.4629835647,5.76526922119
 07/27  24:00:00,55.644302830600004,0.02
 07/28  01:00:00,51.2609659988,5.7554177844700005
 07/28  02:00:00,47.3481694607,0.02
 07/28  03:00:00,46.4479821563,5.75531534734
 07/28  04:00:00,47.169642226099995,5.7602139033599995
 07/28  05:00:00,54.8061155116,5.77492919355
 07/28  06:00:00,85.5402557493,11.5775063021
 07/28  07:00:00,105.28192524200001,11.6182765132
 07/28  08:00:00,95.4063686272,23.4426412039
 07/28  09:00:00,95.83495344030001,41.4059361097
 07/28  10:00:00,79.6114730332,41.3664726702
 07/28  11:00:00,81.1761365275,35.505128546
 07/28  12:00:00,81.6571071442,35.5034815389
 07/28  13:00:00,83.83523923899999,35.5027215076
 07/28  14:00:00,84.1303338061,35.5023517919
 07/28  15:00:00,83.8696014028,35.500830161399996
 07/28  16:00:00,89.82537096809999,23.7851148193
 07/28  17:00:00,102.150902857,5.76979851632
 07/28  18:00:00,109.636022075,11.568845158499999
 07/28  19:00:00,112.74508964799999,5.77945161856
 07/28  20:00:00,121.94232594399999,5.77923365671
 07/28  21:00:00,119.290113546,11.5785731634
 07/28  22:00:00,88.50317730040001,11.5492152027
 07/28  23:00:00,62.826502853,0.02
 07/28  24:00:00,53.9540901711,5.759256977940001
 07/29  01:00:00,53.502523762399996,5.75532847515
 07/29  02:00:00,46.701367543,0.02
 07/29  03:00:00,45.1189401128,5.7551176492
 07/29  04:00:00,45.3344607801,0.02
 07/29  05:00:00,48.190543733999995,5.76517506446
 07/29  06:00:00,65.4416744591,5.774662671930001
 07/29  07:00:00,81.1511277744,11.578908158800001
 07/29  08:00:00,111.60441977299999,29.425368909499998
 07/29  09:00:00,98.5026353204,41.466197058
 07/29  10:00:00,72.26670113520001,41.4077457375
 07/29  11:00:00,70.6648721872,41.3631604298
 07/29  12:00:00,71.7297825042,35.5019896344
 07/29  13:00:00,71.98127792060001,35.504165935900005
 07/29  14:00:00,72.9750892494,35.5026248156
 07/29  15:00:00,73.3467565054,35.5010851183
 07/29  16:00:00,77.4137564002,23.785141204400002
 07/29  17:00:00,85.3122982336,5.76505478511
 07/29  18:00:00,99.68887332290001,5.7698013465799995
 07/29  19:00:00,99.56114990030001,5.77940162927
 07/29  20:00:00,106.59719696,5.77844790219
 07/29  21:00:00,108.11736288899999,5.80760213278
 07/29  22:00:00,82.3223797895,11.5788013494
 07/29  23:00:00,55.9940960479,5.9263399674
 07/29  24:00:00,47.6734435316,6.6233860324
 07/30  01:00:00,46.1790621601,7.336795961889999
 07/30  02:00:00,39.8331424332,2.39174724446
 07/30  03:00:00,38.6457424137,9.79705185285
 07/30  04:00:00,39.2895979854,5.83982927005
 07/30  05:00:00,42.734583349299996,12.7556678272
 07/30  06:00:00,59.982081423100006,13.4248194145
 07/30  07:00:00,76.2502235257,16.5464939985
 07/30  08:00:00,106.701379981,29.485277279699996
 07/30  09:00:00,92.88432377129999,41.465231655
 07/30  10:00:00,67.1764570261,41.4068331921
 07/30  11:00:00,65.5834692518,40.4217289112
 07/30  12:00:00,66.938093669,36.4417155249
 07/30  13:00:00,69.3435653746,35.5034084643
 07/30  14:00:00,70.926105584,35.5018337624
 07/30  15:00:00,72.0342428896,35.500262052800004
 07/30  16:00:00,76.04827136819999,23.7845502517
 07/30  17:00:00,83.7188140851,5.76506862203
 07/30  18:00:00,99.1409787127,5.769940023259999
 07/30  19:00:00,100.14583893700001,5.77914754013
 07/30  20:00:00,107.133119153,5.779675308890001
 07/30  21:00:00,107.781043612,5.8160713051999995
 07/30  22:00:00,81.6147956138,11.7051707534
 07/30  23:00:00,55.3821508498,6.5562727037
 07/30  24:00:00,46.990410980200004,7.55789051146
 07/31  01:00:00,42.142493599299996,8.68685227798
 07/31  02:00:00,38.8498161362,4.28224515505
 07/31  03:00:00,37.756471428299996,11.369762970999998
 07/31  04:00:00,38.4887605943,6.949399631910001
 07/31  05:00:00,45.8667278583,13.1830035465
 07/31  06:00:00,75.320734337,19.2693575869
 07/31  07:00:00,93.7193589474,22.6791550266
 07/31  08:00:00,82.29342896920001,23.5925486775
 07/31  09:00:00,80.8393411256,41.402492525300005
 07/31  10:00:00,63.8157021323,35.5359495166
 07/31  11:00:00,65.6021674305,35.5038060189
 07/31  12:00:00,68.1995439448,35.5015074279
 07/31  13:00:00,70.7149829028,41.3211760317
 07/31  14:00:00,72.7082671382,35.5027677027
 07/31  15:00:00,73.6422128844,35.501166905
 07/31  16:00:00,78.5599352035,23.7850927895
 07/31  17:00:00,91.92757815549999,5.76860761352
 07/31  18:00:00,99.1973725008,5.79404550336
 07/31  19:00:00,101.847128074,11.538243662100001
 07/31  20:00:00,110.07267009600001,5.7783789822800005
 07/31  21:00:00,107.09329961,11.576076677
 07/31  22:00:00,79.1742104441,5.784469891510001
 07/31  23:00:00,56.2834152445,5.76515574931
 07/31  24:00:00,49.7205792153,5.76023671093
 08/01  01:00:00,47.6851321808,0.02
 08/01  02:00:00,45.7971180025,5.755338457200001
 08/01  03:00:00,45.7811913955,0.02
 08/01  04:00:00,47.637310123199995,5.75954231643
 08/01  05:00:00,56.461091803100004,5.77468122902
 08/01  06:00:00,87.3300424383,11.5781912096
 08/01  07:00:00,108.196232792,11.617497259
 08/01  08:00:00,100.222910826,29.2969235159
 08/01  09:00:00,99.4204357022,35.565415227399996
 08/01  10:00:00,80.4574396438,41.3648138524
 08/01  11:00:00,82.2816559277,35.5049957775
 08/01  12:00:00,84.0446552058,35.5041352552
 08/01  13:00:00,86.39150624290001,35.500581153
 08/01  14:00:00,88.1045040864,35.4989365207
 08/01  15:00:00,88.77301069090001,35.5010682474
 08/01  16:00:00,93.5392316318,23.7849509022
 08/01  17:00:00,107.08535630799999,5.76963065792
 08/01  18:00:00,115.388490125,11.567788973299999
 08/01  19:00:00,118.670811286,5.7795483570899995
 08/01  20:00:00,127.779231186,5.779312911130001
 08/01  21:00:00,124.433265394,11.578134240899999
 08/01  22:00:00,94.5803622252,11.548919332899999
 08/01  23:00:00,68.5891353297,5.76495717565
 08/01  24:00:00,60.3641636993,0.02
 08/02  01:00:00,56.98117064,5.75539020888
 08/02  02:00:00,52.5736640279,0.02
 08/02  03:00:00,49.1750641138,5.7551613504
 08/02  04:00:00,49.8152129806,0.02
 08/02  05:00:00,57.9150716645,5.7747535901300004
 08/02  06:00:00,89.66897063360001,11.578406102699999
 08/02  07:00:00,110.485263139,17.4158229153
 08/02  08:00:00,99.0312955922,23.439932472800002
 08/02  09:00:00,95.5126932845,41.4006459995
 08/02  10:00:00,75.5278382886,35.5348673071
 08/02  11:00:00,77.6277528346,35.5039899073
 08/02  12:00:00,79.9235336644,41.318654192
 08/02  13:00:00,83.5978680237,35.5007697587
 08/02  14:00:00,86.11174767940001,35.5028912671
 08/02  15:00:00,87.39911334760001,35.5012272405
 08/02  16:00:00,92.5191075641,23.7849387463
 08/02  17:00:00,105.41895069899999,5.76973408378
 08/02  18:00:00,112.263409972,5.794055971050001
 08/02  19:00:00,114.876544789,11.5380922739
 08/02  20:00:00,125.27803600200001,5.77839506446
 08/02  21:00:00,123.390061379,11.576680276400001
 08/02  22:00:00,92.67887391209999,5.78444479627
 08/02  23:00:00,65.9984993116,5.76497594484
 08/02  24:00:00,57.4791724104,5.76024557773
 08/03  01:00:00,54.087973024200004,0.02
 08/03  02:00:00,49.9114628969,5.75535050627
 08/03  03:00:00,48.2643907225,0.02
 08/03  04:00:00,48.8985079736,5.759536971109999
 08/03  05:00:00,56.402710997700005,5.77463601069
 08/03  06:00:00,89.11495329190001,11.577973226700001
 08/03  07:00:00,108.575070064,11.6165600579
 08/03  08:00:00,99.6604732936,29.2956730867
 08/03  09:00:00,98.5414130227,35.5646681399
 08/03  10:00:00,80.2708909042,41.365694754
 08/03  11:00:00,83.8228293643,35.5047203352
 08/03  12:00:00,87.6538910868,35.503314866
 08/03  13:00:00,89.0090477583,35.5016398535
 08/03  14:00:00,90.4366126094,35.4989713311
 08/03  15:00:00,92.08670576370001,35.5000810557
 08/03  16:00:00,96.864889368,23.784934571199997
 08/03  17:00:00,110.676466995,5.769742464859999
 08/03  18:00:00,119.496161681,11.568289441700001
 08/03  19:00:00,121.82867536,5.77923198342
 08/03  20:00:00,130.199264026,5.77898532226
 08/03  21:00:00,128.02567206,11.5767518101
 08/03  22:00:00,97.18579248530001,11.5484262656
 08/03  23:00:00,69.32826843689999,0.02
 08/03  24:00:00,60.0310762579,5.76023383184
 08/04  01:00:00,58.059224022600006,5.755358887080001
 08/04  02:00:00,55.6261625708,0.02
 08/04  03:00:00,54.6106226816,5.75483077949
 08/04  04:00:00,54.6583251675,0.02
 08/04  05:00:00,62.46678412520001,5.774746835479999
 08/04  06:00:00,97.1186995836,11.5781620028
 08/04  07:00:00,115.637182806,17.4154792213
 08/04  08:00:00,104.007060905,23.4376519558
 08/04  09:00:00,102.11708114,41.3974613656
 08/04  10:00:00,83.4701210026,35.5338133733
 08/04  11:00:00,85.7094923543,35.503060734
 08/04  12:00:00,89.2709134724,35.499994556
 08/04  13:00:00,91.7029326228,41.3190246964
 08/04  14:00:00,91.9537549659,35.5009858607
 08/04  15:00:00,92.25057293389999,35.5007328302
 08/04  16:00:00,98.46203000870001,23.784905214899997
 08/04  17:00:00,112.399798125,0.02
 08/04  18:00:00,120.45968802799999,11.568046600299999
 08/04  19:00:00,122.513961008,5.77949882824
 08/04  20:00:00,129.032323239,11.5386401713
 08/04  21:00:00,126.872427586,11.5774397677
 08/04  22:00:00,95.8822625009,5.78441542072
 08/04  23:00:00,68.3555298564,5.76503457383
 08/04  24:00:00,59.778353251400006,5.760091554520001
 08/05  01:00:00,58.479310897,0.02
 08/05  02:00:00,51.4111196333,5.75527567766
 08/05  03:00:00,50.3119319637,0.02
 08/05  04:00:00,51.1438236271,5.76002014814
 08/05  05:00:00,56.2572257471,5.76466404217
 08/05  06:00:00,77.393331888,5.77382901363
 08/05  07:00:00,94.47718291950001,11.5775706279
 08/05  08:00:00,128.344196992,23.5388659892
 08/05  09:00:00,115.462140902,47.3137320842
 08/05  10:00:00,89.5325537525,35.563829053
 08/05  11:00:00,88.09019465889999,41.3616780827
 08/05  12:00:00,84.3686118555,35.5023598095
 08/05  13:00:00,80.2142918021,35.4986271238
 08/05  14:00:00,82.6090602146,35.5006519198
 08/05  15:00:00,84.32363672550001,35.4988904241
 08/05  16:00:00,86.4358677309,23.784950805799998
 08/05  17:00:00,91.6712367841,5.76488573632
 08/05  18:00:00,108.451796765,5.76972929109
 08/05  19:00:00,111.35588495399999,5.77923736041
 08/05  20:00:00,118.937200962,5.77899513113
 08/05  21:00:00,120.670552233,11.5388718977
 08/05  22:00:00,92.944018164,5.79860682413
 08/05  23:00:00,64.7597167617,11.529370698900001
 08/05  24:00:00,56.34300530149999,0.02
 08/06  01:00:00,53.9472717961,5.75522274239
 08/06  02:00:00,46.5021422885,0.02
 08/06  03:00:00,45.1828973151,5.75498040998
 08/06  04:00:00,45.2022352768,0.02
 08/06  05:00:00,48.194610546499995,5.76496861081
 08/06  06:00:00,67.60374190270001,5.77457853995
 08/06  07:00:00,81.5254461268,11.5778338509
 08/06  08:00:00,111.335550989,29.417525202399997
 08/06  09:00:00,97.0554999626,41.462366078
 08/06  10:00:00,70.7114659175,41.4051520323
 08/06  11:00:00,68.9067699884,41.3605113635
 08/06  12:00:00,70.288855513,35.4999820823
 08/06  13:00:00,71.5526960104,35.5019122727
 08/06  14:00:00,71.96126537229999,35.5001469053
 08/06  15:00:00,71.4877193587,35.4983875563
 08/06  16:00:00,75.24432870529999,23.7849327029
 08/06  17:00:00,83.7467578742,5.764911281849999
 08/06  18:00:00,98.69256382479999,5.769482615709999
 08/06  19:00:00,99.36924965629998,5.77929181983
 08/06  20:00:00,106.066710573,5.779127935519999
 08/06  21:00:00,107.769162834,5.778920428869999
 08/06  22:00:00,82.3526076395,11.685543859000001
 08/06  23:00:00,55.5861965659,7.052850064360001
 08/06  24:00:00,47.0104956479,8.11261235498
 08/07  01:00:00,42.2897883584,3.1701613939099995
 08/07  02:00:00,39.1177929755,9.470319869739999
 08/07  03:00:00,38.2452059314,4.18321714833
 08/07  04:00:00,39.2176553594,10.3001067692
 08/07  05:00:00,46.858849655,9.89035889238
 08/07  06:00:00,78.5694571553,15.653453698800002
 08/07  07:00:00,94.9531920466,20.4053894684
 08/07  08:00:00,82.92123118239999,23.494194185599998
 08/07  09:00:00,80.6430789347,41.3968832912
 08/07  10:00:00,62.67555264,35.5330358454
 08/07  11:00:00,64.4398574378,35.5033974731
 08/07  12:00:00,66.6917482242,35.5008116256
 08/07  13:00:00,67.8756465882,35.4989595741
 08/07  14:00:00,69.6088240754,41.3175537742
 08/07  15:00:00,70.6965522421,35.499831036399996
 08/07  16:00:00,75.0664473078,18.045
 08/07  17:00:00,87.69736806780001,5.769630729330001
 08/07  18:00:00,94.45610001370001,11.5676554946
 08/07  19:00:00,97.0907717856,5.7785928883399995
 08/07  20:00:00,105.8298815,11.5706329697
 08/07  21:00:00,104.43184728,5.798900011410001
 08/07  22:00:00,76.5123247131,11.7103529667
 08/07  23:00:00,52.8080479413,6.74773506365
 08/07  24:00:00,45.3974259963,1.82285595208
 08/08  01:00:00,42.275304806,7.93572551599
 08/08  02:00:00,39.0132266748,3.2449461038700003
 08/08  03:00:00,37.8566380348,10.9382729369
 08/08  04:00:00,38.452795261300004,7.06526233498
 08/08  05:00:00,45.90217612359999,18.7047573539
 08/08  06:00:00,77.5832960432,12.275820050899998
 08/08  07:00:00,94.2495704025,21.2398101034
 08/08  08:00:00,82.63225252939999,23.467601841100002
 08/08  09:00:00,80.6918647617,41.3998910185
 08/08  10:00:00,62.8200980017,35.5347237908
 08/08  11:00:00,64.00581212649999,35.5026006955
 08/08  12:00:00,66.0823997176,41.3182913948
 08/08  13:00:00,67.8273472045,35.5003424425
 08/08  14:00:00,69.3755999816,35.5004887862
 08/08  15:00:00,70.0117724487,35.5005213958
 08/08  16:00:00,75.1026239325,23.7848994798
 08/08  17:00:00,88.46546881559999,5.76962743897
 08/08  18:00:00,95.68383217,5.793811549319999
 08/08  19:00:00,98.8619225611,11.5367259795
 08/08  20:00:00,109.598307606,5.77894593332
 08/08  21:00:00,105.800252389,11.575613056
 08/08  22:00:00,77.3187928987,5.78412032
 08/08  23:00:00,53.3578613,6.00545797601
 08/08  24:00:00,45.5904615475,7.243695155669999
 08/09  01:00:00,42.3260576085,2.14410534597
 08/09  02:00:00,39.0607369659,8.814912339489998
 08/09  03:00:00,37.869136854299995,5.041980226580001
 08/09  04:00:00,38.7170414952,11.7447218687
 08/09  05:00:00,46.2803809989,11.3498894491
 08/09  06:00:00,78.0016747737,16.545137515
 08/09  07:00:00,94.7061413165,14.323121382
 08/09  08:00:00,82.87067131090001,23.438616813099998
 08/09  09:00:00,81.2018584068,41.4023156627
 08/09  10:00:00,64.49917147859999,41.3628813259
 08/09  11:00:00,66.5543908099,35.5028015827
 08/09  12:00:00,68.8757795246,35.5008438394
 08/09  13:00:00,72.5320427165,35.5008959561
 08/09  14:00:00,74.8609041043,35.4990782302
 08/09  15:00:00,75.9630445924,35.4973253501
 08/09  16:00:00,80.5364570986,23.7849298988
 08/09  17:00:00,93.4290576081,5.76964286656
 08/09  18:00:00,100.43249485700001,11.567746778699998
 08/09  19:00:00,102.91160182200001,5.77906148496
 08/09  20:00:00,112.93317165399999,5.77806530644
 08/09  21:00:00,108.902322342,11.5776314028
 08/09  22:00:00,79.9550264408,5.783819263230001
 08/09  23:00:00,55.3490722775,5.76492004143
 08/09  24:00:00,47.2965691535,5.916421218230001
 08/10  01:00:00,43.884453756099994,0.687221330871
 08/10  02:00:00,40.3059702663,7.394238596799999
 08/10  03:00:00,38.9228923947,3.0209341393299995
 08/10  04:00:00,39.9085797679,8.877880764039999
 08/10  05:00:00,47.422240798199994,8.95780043123
 08/10  06:00:00,79.0759162289,14.920488968099999
 08/10  07:00:00,96.1758504341,18.9133372739
 08/10  08:00:00,86.3060169486,23.4494937783
 08/10  09:00:00,86.3205644964,35.5597483787
 08/10  10:00:00,68.7904979699,41.363213465
 08/10  11:00:00,71.09514180560001,35.5034049326
 08/10  12:00:00,73.7144736134,35.5012445523
 08/10  13:00:00,75.7121487325,35.4975081807
 08/10  14:00:00,77.53846467,35.499437778899996
 08/10  15:00:00,78.5218152338,41.3181165564
 08/10  16:00:00,83.45483540949999,18.045
 08/10  17:00:00,96.99418385370001,5.7694764132200005
 08/10  18:00:00,104.28785406,11.5673008658
 08/10  19:00:00,105.56976376,5.77809627524
 08/10  20:00:00,115.75598519299999,5.77935298635
 08/10  21:00:00,111.364594989,11.5768892464
 08/10  22:00:00,82.3528719563,11.5484635325
 08/10  23:00:00,57.58550917,5.76493441403
 08/10  24:00:00,49.853063880600004,0.02
 08/11  01:00:00,46.986466228599994,5.75511955928
 08/11  02:00:00,43.2589146456,0.02
 08/11  03:00:00,41.9369612704,5.75515938439
 08/11  04:00:00,42.897869895599996,0.02
 08/11  05:00:00,50.68260296060001,5.7746045624699995
 08/11  06:00:00,82.91850610819999,11.5777288518
 08/11  07:00:00,100.87545067,17.4142506983
 08/11  08:00:00,90.9570819102,23.436863303699997
 08/11  09:00:00,90.03563927709999,41.3976346602
 08/11  10:00:00,73.4251593883,35.5339585986
 08/11  11:00:00,77.3397535401,35.5029368302
 08/11  12:00:00,80.51524241130001,35.4993091917
 08/11  13:00:00,83.6264205888,41.31787743
 08/11  14:00:00,84.701483649,35.500010479299995
 08/11  15:00:00,80.9362962938,35.5019458287
 08/11  16:00:00,85.2903587821,18.045
 08/11  17:00:00,100.30714937200001,5.7695505351600005
 08/11  18:00:00,107.46875959799999,11.5673106591
 08/11  19:00:00,108.978418421,5.77929745378
 08/11  20:00:00,119.20728341200001,11.537910448699998
 08/11  21:00:00,115.517796876,11.576484586
 08/11  22:00:00,85.706684535,5.784295040599999
 08/11  23:00:00,60.2227746824,5.76496057608
 08/11  24:00:00,52.634347658900005,0.02
 08/12  01:00:00,52.781005829899996,5.75406254488
 08/12  02:00:00,46.7399125668,0.02
 08/12  03:00:00,45.92573077270001,5.755196846970001
 08/12  04:00:00,47.0576717633,5.7599833899599995
 08/12  05:00:00,51.4310983442,0.02
 08/12  06:00:00,72.0852000995,11.5291197126
 08/12  07:00:00,87.1350850419,5.79877017609
 08/12  08:00:00,119.545839676,29.4174756725
 08/12  09:00:00,104.972751448,44.2409546344
 08/12  10:00:00,79.7553875119,38.6305513397
 08/12  11:00:00,79.18096488020001,41.3621887546
 08/12  12:00:00,80.82987076180001,35.5012660199
 08/12  13:00:00,82.8240126356,35.4993486241
 08/12  14:00:00,83.96735486819999,35.5012679015
 08/12  15:00:00,83.7906804838,35.4994141563
 08/12  16:00:00,87.1402949721,23.7848461148
 08/12  17:00:00,94.667012766,5.76380521712
 08/12  18:00:00,110.590281735,5.769500288380001
 08/12  19:00:00,111.58698894,5.77894591821
 08/12  20:00:00,121.724173675,5.77795536632
 08/12  21:00:00,123.035043662,5.77924147455
 08/12  22:00:00,96.50550823540001,11.5774159496
 08/12  23:00:00,68.1288658821,5.77454901131
 08/12  24:00:00,59.3239429315,5.7601241309
 08/13  01:00:00,57.2894069209,5.755218030319999
 08/13  02:00:00,50.6138288051,0.02
 08/13  03:00:00,49.5384182984,5.7550796364600005
 08/13  04:00:00,49.473969236,0.02
 08/13  05:00:00,52.927488252799996,5.76362329588
 08/13  06:00:00,73.1411012065,5.77372309353
 08/13  07:00:00,88.16625234610001,11.5776736194
 08/13  08:00:00,120.95972558700001,29.4161368175
 08/13  09:00:00,108.26635274700001,41.4581482439
 08/13  10:00:00,82.9202513972,41.4012170981
 08/13  11:00:00,81.7653934388,35.5331689503
 08/13  12:00:00,82.6192421206,35.4986785963
 08/13  13:00:00,85.3956616912,41.3168221595
 08/13  14:00:00,85.0673386598,35.4991920431
 08/13  15:00:00,78.1993769523,35.5011169908
 08/13  16:00:00,81.9625939483,18.045
 08/13  17:00:00,91.9666210155,5.76478511722
 08/13  18:00:00,104.846656967,5.7696197081500005
 08/13  19:00:00,105.29619629700001,5.77929979181
 08/13  20:00:00,114.893906425,11.538212962200001
 08/13  21:00:00,115.30080525700001,5.77921040716
 08/13  22:00:00,89.237589525,11.5771332555
 08/13  23:00:00,62.4183184272,5.77451808712
 08/13  24:00:00,54.528377190200004,5.76005906715
 08/14  01:00:00,50.0849011218,0.02
 08/14  02:00:00,47.0753032872,5.75517876416
 08/14  03:00:00,46.3906066284,0.02
 08/14  04:00:00,47.0714588021,5.760090280369999
 08/14  05:00:00,54.9640648475,5.77456151946
 08/14  06:00:00,88.8044844754,11.576951138800002
 08/14  07:00:00,106.67909319200001,11.6162943496
 08/14  08:00:00,94.61169277239999,23.438182584299998
 08/14  09:00:00,90.9354261232,41.4018544681
 08/14  10:00:00,70.1715368402,41.3623402649
 08/14  11:00:00,70.40672498890001,35.502458034899995
 08/14  12:00:00,71.84215892579999,35.5004608759
 08/14  13:00:00,73.2191344363,35.5004717824
 08/14  14:00:00,73.6557688997,35.4986162702
 08/14  15:00:00,73.1635873045,35.500532943
 08/14  16:00:00,77.4302194632,23.7848227404
 08/14  17:00:00,90.3201944141,5.76951602124
 08/14  18:00:00,97.6770919374,11.567403101099998
 08/14  19:00:00,100.81770192,5.7789027312300005
 08/14  20:00:00,113.520481117,5.7774753277699995
 08/14  21:00:00,110.86893675399999,11.5772191425
 08/14  22:00:00,81.5960244525,5.78416824916
 08/14  23:00:00,57.4349897756,5.76488100778
 08/14  24:00:00,50.7341797003,5.760050123019999
 08/15  01:00:00,48.2762907826,0.02
 08/15  02:00:00,45.500530006400005,5.7551493273
 08/15  03:00:00,44.8308559061,0.02
 08/15  04:00:00,46.586461325,5.758925378709999
 08/15  05:00:00,55.5916537807,5.77430817451
 08/15  06:00:00,89.2586345563,11.5772950374
 08/15  07:00:00,106.938467463,17.4145883948
 08/15  08:00:00,95.0992932645,23.436655976300003
 08/15  09:00:00,92.41269229999999,35.5576277863
 08/15  10:00:00,73.2259504351,41.3635958973
 08/15  11:00:00,74.56265087050001,35.503257090700004
 08/15  12:00:00,76.6630117263,35.500300507199995
 08/15  13:00:00,78.688877312,35.5003117501
 08/15  14:00:00,80.0769842001,35.4984326462
 08/15  15:00:00,81.5038465359,41.3167324519
 08/15  16:00:00,85.7555070651,18.045
 08/15  17:00:00,99.2072045894,5.76954134619
 08/15  18:00:00,107.335827932,11.5671202521
 08/15  19:00:00,110.465531898,5.77927548644
 08/15  20:00:00,122.775585156,5.77900650107
 08/15  21:00:00,120.24136870299999,11.5770323521
 08/15  22:00:00,90.55513417700001,11.5481268472
 08/15  23:00:00,64.8202578481,0.02
 08/15  24:00:00,57.0278296821,5.7601240463600005
 08/16  01:00:00,53.9508124395,5.75507848905
 08/16  02:00:00,50.0031314466,0.02
 08/16  03:00:00,48.6895966057,5.75482524294
 08/16  04:00:00,49.8000001425,0.02
 08/16  05:00:00,57.4001695595,5.77334006096
 08/16  06:00:00,90.34201417620001,11.5776156501
 08/16  07:00:00,108.896605276,17.4142169334
 08/16  08:00:00,98.3439426982,23.4346406151
 08/16  09:00:00,95.9284798935,41.3961475412
 08/16  10:00:00,76.9257341447,35.532832483600004
 08/16  11:00:00,77.2528075579,35.5044572872
 08/16  12:00:00,77.5483683053,35.4980358719
 08/16  13:00:00,80.92987831079999,35.499904036
 08/16  14:00:00,82.8026671312,41.3186811135
 08/16  15:00:00,83.7287539671,35.500596243800004
 08/16  16:00:00,89.1923732152,18.045
 08/16  17:00:00,103.002510431,5.76946570853
 08/16  18:00:00,110.289684348,11.566563016500002
 08/16  19:00:00,112.822371624,5.77885877161
 08/16  20:00:00,124.69615786899999,11.5370460513
 08/16  21:00:00,121.48693659700001,5.79794710936
 08/16  22:00:00,91.55103744,11.548419241600001
 08/16  23:00:00,65.6877397215,5.76484871125
 08/16  24:00:00,56.8865455562,0.02
 08/17  01:00:00,52.1085707235,5.75531369747
 08/17  02:00:00,48.2052809214,0.02
 08/17  03:00:00,47.2774263733,5.75506991364
 08/17  04:00:00,48.4485375638,5.75956283863
 08/17  05:00:00,56.9777710774,5.77403940406
 08/17  06:00:00,90.4114429263,11.5754904966
 08/17  07:00:00,108.032067099,11.6161281326
 08/17  08:00:00,97.17780116370001,23.4388888254
 08/17  09:00:00,93.7060094082,41.398976575300004
 08/17  10:00:00,72.8995986158,35.5342873125
 08/17  11:00:00,72.98329959,35.5030840166
 08/17  12:00:00,74.7595844085,41.318403855999996
 08/17  13:00:00,78.7205921975,35.5003677713
 08/17  14:00:00,81.5100326407,35.4985228613
 08/17  15:00:00,83.0518193966,35.500445812399995
 08/17  16:00:00,88.4183058501,23.784946857399998
 08/17  17:00:00,101.905267504,5.769648543250001
 08/17  18:00:00,109.45917058100001,5.793779248200001
 08/17  19:00:00,113.030736515,11.5376521621
 08/17  20:00:00,124.990343377,5.7781364021599995
 08/17  21:00:00,122.290192501,11.5754475456
 08/17  22:00:00,92.3343887136,5.78405809074
 08/17  23:00:00,67.3382708012,5.76487538617
 08/17  24:00:00,59.3424297788,5.759961812969999
 08/18  01:00:00,55.6084687074,0.02
 08/18  02:00:00,52.1366910382,5.75508519563
 08/18  03:00:00,51.0094659588,0.02
 08/18  04:00:00,51.0357627872,5.759999563049999
 08/18  05:00:00,56.9369509458,5.77447711178
 08/18  06:00:00,87.3937545333,11.5767979341
 08/18  07:00:00,103.762474432,11.6161653524
 08/18  08:00:00,92.336152991,23.4379500844
 08/18  09:00:00,89.4177720957,41.4016192317
 08/18  10:00:00,69.2200531979,41.3634248185
 08/18  11:00:00,70.06805052840001,35.5022865529
 08/18  12:00:00,70.9551409801,35.5002455495
 08/18  13:00:00,71.5936720329,35.5003157433
 08/18  14:00:00,71.6820522341,35.4984661337
 08/18  15:00:00,73.1045814049,35.5003899533
 08/18  16:00:00,78.3496014088,23.7847673287
 08/18  17:00:00,91.0915022184,5.769625436419999
 08/18  18:00:00,97.87425757930001,11.567316698900001
 08/18  19:00:00,100.68757177399999,5.7788573987800005
 08/18  20:00:00,112.757074128,5.779327524279999
 08/18  21:00:00,108.36762434299999,11.5927720095
 08/18  22:00:00,81.3868891336,5.78412802352
 08/18  23:00:00,59.0387013351,5.76404137627
 08/18  24:00:00,52.021343608500004,5.76000537166
 08/19  01:00:00,51.8256499968,0.02
 08/19  02:00:00,46.2226108388,5.755107704049999
 08/19  03:00:00,45.7820733331,0.02
 08/19  04:00:00,46.9447858818,5.76011512645
 08/19  05:00:00,52.2007706338,5.763709866919999
 08/19  06:00:00,74.7476986816,5.7743809942999995
 08/19  07:00:00,85.6490995403,11.5762204555
 08/19  08:00:00,114.585668124,29.4156336667
 08/19  09:00:00,98.969545218,41.4563292262
 08/19  10:00:00,71.7828550602,41.4039516791
 08/19  11:00:00,68.6979952184,35.5322155748
 08/19  12:00:00,68.3003229321,35.503878370100004
 08/19  13:00:00,71.1013367807,35.4981052358
 08/19  14:00:00,74.1662620583,35.5677196977
 08/19  15:00:00,76.3484109188,41.2510727825
 08/19  16:00:00,80.6960021655,18.045
 08/19  17:00:00,88.034734793,5.76470064882
 08/19  18:00:00,103.421232492,5.76961600459
 08/19  19:00:00,103.40926365,5.77867890616
 08/19  20:00:00,111.896080754,11.5367252954
 08/19  21:00:00,112.53807109200001,5.779206728309999
 08/19  22:00:00,86.10359553049999,11.5771269652
 08/19  23:00:00,58.442633173400004,5.773339791930001
 08/19  24:00:00,50.0109344703,0.02
 08/20  01:00:00,48.5078093292,5.7552735351
 08/20  02:00:00,41.8080104489,0.459814892641
 08/20  03:00:00,40.085902961799995,7.43783146977
 08/20  04:00:00,40.7582960976,8.05953134335
 08/20  05:00:00,44.297909312200005,3.08042666886
 08/20  06:00:00,65.506152783,14.930386114800001
 08/20  07:00:00,77.3781200224,8.18511550579
 08/20  08:00:00,108.284990219,29.4163896297
 08/20  09:00:00,94.6377119843,47.3181380031
 08/20  10:00:00,68.86674972739999,35.5634974806
 08/20  11:00:00,67.7125314627,41.362987840900004
 08/20  12:00:00,69.7972850889,35.5018694596
 08/20  13:00:00,71.8633839541,35.499967565300004
 08/20  14:00:00,73.23682112659999,35.498134762
 08/20  15:00:00,73.78821303939999,35.5000747759
 08/20  16:00:00,78.4017619341,23.7848389894
 08/20  17:00:00,86.75692727459999,5.764810285469999
 08/20  18:00:00,101.27797406399999,5.769698814090001
 08/20  19:00:00,101.824218119,5.77915223794
 08/20  20:00:00,111.861421245,5.77894313447
 08/20  21:00:00,109.097902943,5.77850112689
 08/20  22:00:00,83.33891245560001,11.577560193800002
 08/20  23:00:00,56.9083513028,5.77458189033
 08/20  24:00:00,48.4919356241,6.17006390054
 08/21  01:00:00,43.744169178599996,6.564855445449999
 08/21  02:00:00,40.094670359,1.7643056012
 08/21  03:00:00,39.3812905796,7.277697107969999
 08/21  04:00:00,40.6758911767,1.1413187547799999
 08/21  05:00:00,47.9479134831,7.741354171599999
 08/21  06:00:00,82.0768677141,13.1668353552
 08/21  07:00:00,97.19024523030001,17.8174877148
 08/21  08:00:00,85.2641043366,23.4374980085
 08/21  09:00:00,83.6358800393,41.3979117892
 08/21  10:00:00,67.0535616322,35.5343076079
 08/21  11:00:00,70.3058718945,35.504640138
 08/21  12:00:00,73.5129251294,35.4982509441
 08/21  13:00:00,77.20545703270001,35.5001581061
 08/21  14:00:00,80.8010873379,41.319080205700004
 08/21  15:00:00,82.4014068175,35.5009407458
 08/21  16:00:00,87.38082300239999,18.045
 08/21  17:00:00,100.957732425,5.76953658339
 08/21  18:00:00,109.028961943,11.5671879506
 08/21  19:00:00,112.15522740700001,5.77896154034
 08/21  20:00:00,125.89040847,11.5372660532
 08/21  21:00:00,120.788806653,7.266938494410001
 08/21  22:00:00,91.8191166583,10.0822769234
 08/21  23:00:00,66.5252991016,5.76496345583
 08/21  24:00:00,58.581952440900004,0.02
 08/22  01:00:00,55.491833571499996,5.7552333420899995
 08/22  02:00:00,51.5351298625,0.02
 08/22  03:00:00,50.2157575703,5.7548884537000005
 08/22  04:00:00,51.305365837,5.75969727711
 08/22  05:00:00,59.6550659047,5.774205981830001
 08/22  06:00:00,94.2059674688,11.5759303091
 08/22  07:00:00,110.28367107,11.6166698774
 08/22  08:00:00,99.0397790274,23.4386111604
 08/22  09:00:00,97.5318336388,41.4003363171
 08/22  10:00:00,80.0821719442,35.533900788000004
 08/22  11:00:00,82.4558649902,41.32251798
 08/22  12:00:00,84.2405635555,35.4995581159
 08/22  13:00:00,86.5037421826,35.5015255996
 08/22  14:00:00,89.0678432545,35.499709703899995
 08/22  15:00:00,90.72475882469999,35.501040968299996
 08/22  16:00:00,95.32042359110001,23.7849417102
 08/22  17:00:00,108.30992910399999,5.768626187230001
 08/22  18:00:00,114.088067418,5.7935067479699995
 08/22  19:00:00,116.363598951,11.538216417300001
 08/22  20:00:00,126.073273676,5.77931744639
 08/22  21:00:00,117.506729008,11.5766868192
 08/22  22:00:00,88.6299195169,5.78392498071
 08/22  23:00:00,63.5233313079,5.76490666088
 08/22  24:00:00,56.4257602067,5.76006631515
 08/23  01:00:00,52.6680076263,0.02
 08/23  02:00:00,48.843487931599995,5.75520051565
 08/23  03:00:00,47.94305757,0.02
 08/23  04:00:00,48.3569262204,5.75965122745
 08/23  05:00:00,56.8550278679,5.7746855865499995
 08/23  06:00:00,92.42403450209999,11.5773341411
 08/23  07:00:00,107.942718626,11.616273245899999
 08/23  08:00:00,96.9763976402,29.2940602477
 08/23  09:00:00,95.8149930724,35.5638526973
 08/23  10:00:00,77.5433660179,41.3648768502
 08/23  11:00:00,79.5131834157,35.5043031748
 08/23  12:00:00,82.6227913498,35.5023815999
 08/23  13:00:00,85.9156852511,35.5005911585
 08/23  14:00:00,87.1023336219,35.5006732416
 08/23  15:00:00,86.4788388801,35.4988632543
 08/23  16:00:00,90.1173000293,23.7848963056
 08/23  17:00:00,99.50830428799999,5.76943512996
 08/23  18:00:00,106.43217277299999,11.5674690397
 08/23  19:00:00,109.294628878,5.778853783910001
 08/23  20:00:00,123.594657126,5.77858764483
 08/23  21:00:00,119.049827408,11.5775810122
 08/23  22:00:00,87.29135707280001,11.548482228900001
 08/23  23:00:00,61.5589906454,0.02
 08/23  24:00:00,54.2378067155,5.76015258646
 08/24  01:00:00,51.1801345807,5.75525921038
 08/24  02:00:00,47.474994378299996,0.02
 08/24  03:00:00,46.4556614187,5.75501950886
 08/24  04:00:00,47.5763664671,0.02
 08/24  05:00:00,55.6933096571,5.77466015036
 08/24  06:00:00,90.87386334610001,11.5778072239
 08/24  07:00:00,106.50401080299999,17.415024147
 08/24  08:00:00,95.19615865829999,23.4394773499
 08/24  09:00:00,92.2209163399,41.3976249605
 08/24  10:00:00,73.5043876144,35.534823197399994
 08/24  11:00:00,74.4108217625,35.5044348862
 08/24  12:00:00,75.3529806542,35.498088771
 08/24  13:00:00,78.3855350659,35.5000394438
 08/24  14:00:00,81.0238573253,41.3190100947
 08/24  15:00:00,81.5776333138,35.500945423000005
 08/24  16:00:00,79.9692743036,18.045
 08/24  17:00:00,89.7196772801,5.76964937072
 08/24  18:00:00,98.4864140417,11.5678651977
 08/24  19:00:00,101.733070686,5.778948805009999
 08/24  20:00:00,114.75162738200001,11.537266648900001
 08/24  21:00:00,109.36762514799999,5.798138484
 08/24  22:00:00,80.8791358436,11.548757367
 08/24  23:00:00,56.614071744899995,5.7649777785500005
 08/24  24:00:00,48.8441558582,0.02
 08/25  01:00:00,45.632240592399995,5.755239552180001
 08/25  02:00:00,42.2928640003,0.02
 08/25  03:00:00,41.2576614643,5.8906882301
 08/25  04:00:00,42.2244946699,6.02363214291
 08/25  05:00:00,49.7437749378,6.45637438465
 08/25  06:00:00,83.6497594386,12.5079876786
 08/25  07:00:00,98.1655849415,12.2728395751
 08/25  08:00:00,86.443101342,23.4396616571
 08/25  09:00:00,84.0355769331,41.3998441921
 08/25  10:00:00,66.7045750167,35.5347357019
 08/25  11:00:00,69.8734235293,41.3235840086
 08/25  12:00:00,71.8298895273,35.5004238023
 08/25  13:00:00,74.560638817,35.5024338786
 08/25  14:00:00,76.5901143383,35.5006871504
 08/25  15:00:00,76.5266975271,35.4989415582
 08/25  16:00:00,80.4864988389,23.784977032399997
 08/25  17:00:00,94.19630194959998,5.7697172208800005
 08/25  18:00:00,100.87014142299999,5.79384684042
 08/25  19:00:00,103.38034270600001,11.537369356
 08/25  20:00:00,116.92357194200001,5.77887100511
 08/25  21:00:00,112.448124728,11.5774735019
 08/25  22:00:00,83.3433852954,5.78429761441
 08/25  23:00:00,57.912372286499995,5.7644903445099995
 08/25  24:00:00,49.723560314,5.76010755137
 08/26  01:00:00,49.411852241000005,0.02
 08/26  02:00:00,43.185397645,5.75525506654
 08/26  03:00:00,41.8882575434,0.060894943093
 08/26  04:00:00,42.6696537365,5.998302615
 08/26  05:00:00,46.515738991800006,6.02728408803
 08/26  06:00:00,68.17625349,6.04914939451
 08/26  07:00:00,80.3597450096,11.5777742824
 08/26  08:00:00,112.87787504399999,29.4303661379
 08/26  09:00:00,101.55453120899999,41.458163465
 08/26  10:00:00,75.5831763042,41.404439031
 08/26  11:00:00,74.9419578428,35.533582917
 08/26  12:00:00,76.4280650008,35.5023349844
 08/26  13:00:00,78.09005563779999,35.4985815156
 08/26  14:00:00,79.809277831,35.500616786
 08/26  15:00:00,80.7030048132,41.3198427923
 08/26  16:00:00,84.4733735506,18.045
 08/26  17:00:00,93.0432464824,5.76480257469
 08/26  18:00:00,108.390561835,5.76975584184
 08/26  19:00:00,107.692488446,5.77887446974
 08/26  20:00:00,116.051361265,11.5379503606
 08/26  21:00:00,112.724689253,5.7794550095
 08/26  22:00:00,86.01235839120001,11.5778395769
 08/26  23:00:00,59.4034119697,5.77471196755
 08/26  24:00:00,50.8278407533,5.76006827512
 08/27  01:00:00,48.9211914028,0.02
 08/27  02:00:00,42.236672130100004,6.24658103648
 08/27  03:00:00,41.0336367263,0.89974880547
 08/27  04:00:00,41.6132242033,7.155918611839999
 08/27  05:00:00,44.9228987826,7.85096282288
 08/27  06:00:00,66.1721298476,8.07925719408
 08/27  07:00:00,78.7802644039,12.801515566800001
 08/27  08:00:00,109.797659605,23.539776204499997
 08/27  09:00:00,96.43783317879999,47.313187712200005
 08/27  10:00:00,71.6559828485,35.5649516039
 08/27  11:00:00,71.3548929925,41.3625346151
 08/27  12:00:00,74.3788189656,35.5030103616
 08/27  13:00:00,77.4459965036,35.499315449899996
 08/27  14:00:00,78.5035687791,35.5013881009
 08/27  15:00:00,78.4590777639,35.499657560900005
 08/27  16:00:00,82.6324613968,23.7849184564
 08/27  17:00:00,91.2762936026,5.76495389159
 08/27  18:00:00,106.59837915899999,5.76957284272
 08/27  19:00:00,106.190666028,5.77947769407
 08/27  20:00:00,116.327858706,5.77924374787
 08/27  21:00:00,114.913513873,11.538095523800001
 08/27  22:00:00,88.4769973824,11.5775283903
 08/27  23:00:00,60.30153157270001,5.774562732080001
 08/27  24:00:00,51.1810505796,0.02
 08/28  01:00:00,46.3946012847,5.755172733309999
 08/28  02:00:00,43.248225701,0.02
 08/28  03:00:00,42.3289751828,5.75524058262
 08/28  04:00:00,43.317926020200005,5.75950638431
 08/28  05:00:00,51.2571795891,5.774749041830001
 08/28  06:00:00,85.5756988066,11.5760147488
 08/28  07:00:00,100.354759205,11.617030386400002
 08/28  08:00:00,87.3849435092,23.4403624902
 08/28  09:00:00,85.1926922789,41.4017077255
 08/28  10:00:00,67.6571383199,35.535687590500004
 08/28  11:00:00,69.0242693932,41.323943861
 08/28  12:00:00,71.913809248,35.5007731696
 08/28  13:00:00,75.0563275937,35.5028642149
 08/28  14:00:00,76.3260551739,35.501191861
 08/28  15:00:00,76.2791816569,35.4995198265
 08/28  16:00:00,80.9688773964,23.7850573994
 08/28  17:00:00,94.1068075274,5.76979246084
 08/28  18:00:00,100.117688035,5.79404228245
 08/28  19:00:00,101.689236443,11.5388030633
 08/28  20:00:00,114.22439586799999,5.7790622374
 08/28  21:00:00,109.56002914,11.5779983277
 08/28  22:00:00,80.6355649054,5.78453726138
 08/28  23:00:00,56.4594130654,5.76494721436
 08/28  24:00:00,49.3807669545,5.76015394544
 08/29  01:00:00,45.9520493041,0.02
 08/29  02:00:00,42.3267979382,5.763652013890001
 08/29  03:00:00,41.2662487887,0.17681248476300002
 08/29  04:00:00,41.9197280017,6.4552295973
 08/29  05:00:00,49.4967073046,6.72663304435
 08/29  06:00:00,83.5182151592,12.5358044038
 08/29  07:00:00,98.2977688365,11.8902847531
 08/29  08:00:00,86.0497933592,29.2963226879
 08/29  09:00:00,83.3860163553,35.5615943517
 08/29  10:00:00,65.2989399496,41.3661689971
 08/29  11:00:00,67.8679670827,35.5052070666
 08/29  12:00:00,70.9029698801,35.5024586446
 08/29  13:00:00,73.0951258935,35.498891187
 08/29  14:00:00,75.1588805385,35.5010177946
 08/29  15:00:00,76.2779929812,41.3205126332
 08/29  16:00:00,79.95536869060001,18.045
 08/29  17:00:00,90.7229123872,5.76972451773
 08/29  18:00:00,97.48532658180001,11.5678323909
 08/29  19:00:00,100.902728058,5.77863686951
 08/29  20:00:00,113.914710758,11.536708674100002
 08/29  21:00:00,108.62767751700001,5.79911192439
 08/29  22:00:00,79.9150839879,11.5489077459
 08/29  23:00:00,55.4782360694,5.765111579349999
 08/29  24:00:00,47.6808495253,0.02
 08/30  01:00:00,44.468307010299995,5.75440641109
 08/30  02:00:00,41.2067140323,0.557267970038
 08/30  03:00:00,40.201141287,6.66414626742
 08/30  04:00:00,40.6792655156,2.08865165499
 08/30  05:00:00,48.5647086734,12.807950181099999
 08/30  06:00:00,82.1824202622,13.404939241700001
 08/30  07:00:00,96.68912326469999,12.843319736600002
 08/30  08:00:00,84.9428680945,23.440633883
 08/30  09:00:00,83.8721262509,41.4027452942
 08/30  10:00:00,66.7454797274,35.5356710139
 08/30  11:00:00,69.5102405257,41.3249810235
 08/30  12:00:00,72.5887204941,35.5016226488
 08/30  13:00:00,74.4263140984,35.5013594529
 08/30  14:00:00,75.5643670194,35.502168289000004
 08/30  15:00:00,76.096585405,35.5005522593
 08/30  16:00:00,80.6160019064,23.785079888400002
 08/30  17:00:00,93.33318454489999,5.76979397179
 08/30  18:00:00,100.483966333,11.567527173399998
 08/30  19:00:00,100.988474274,5.779585953790001
 08/30  20:00:00,114.960915723,5.77938926755
 08/30  21:00:00,108.13337176600001,11.5785324877
 08/30  22:00:00,79.6087031678,5.78435006434
 08/30  23:00:00,55.332636745100004,5.765065441240001
 08/30  24:00:00,47.42875427560001,5.76009517549
 08/31  01:00:00,43.8934593605,0.38156693078500004
 08/31  02:00:00,40.7776085596,6.54637546731
 08/31  03:00:00,39.693995225,1.34248220294
 08/31  04:00:00,40.5228224955,7.43116061448
 08/31  05:00:00,47.9993356057,7.90874130258
 08/31  06:00:00,81.6691259775,13.904726278
 08/31  07:00:00,96.3552443966,18.8971651653
 08/31  08:00:00,84.6142118744,23.442037383000002
 08/31  09:00:00,83.4322440614,41.401412147600006
 08/31  10:00:00,66.4224830835,35.534741558600004
 08/31  11:00:00,70.0539209117,35.5051041949
 08/31  12:00:00,73.8870244762,35.4989534817
 08/31  13:00:00,76.8736363411,35.5010653438
 08/31  14:00:00,77.9767120314,41.3206909794
 08/31  15:00:00,77.7017458272,35.502435351
 08/31  16:00:00,81.9774529671,18.045
 08/31  17:00:00,95.36374682629999,5.76976459477
 08/31  18:00:00,102.709730562,11.568171485499999
 08/31  19:00:00,103.272653744,5.779386683639999
 08/31  20:00:00,117.14619779,11.538219890399999
 08/31  21:00:00,109.00425896799999,11.5773272757
 08/31  22:00:00,79.5598391663,5.78464419819
 08/31  23:00:00,55.335436037700006,5.7651699364699995
 08/31  24:00:00,47.5779768659,0.02
 09/01  01:00:00,43.978148784,6.27351656622
 09/01  02:00:00,40.4709007455,1.2607814513200002
 09/01  03:00:00,39.2567900722,7.6380209286800005
 09/01  04:00:00,39.8984841412,8.649809893119999
 09/01  05:00:00,47.3072003355,9.10641956168
 09/01  06:00:00,80.7987347495,15.031952466400002
 09/01  07:00:00,94.8616686168,14.4638878264
 09/01  08:00:00,83.0553046703,23.481207815500003
 09/01  09:00:00,81.872878372,41.404188741599995
 09/01  10:00:00,64.9163021117,41.3667591107
 09/01  11:00:00,65.6298541848,35.5048155335
 09/01  12:00:00,67.2550718635,35.5031234234
 09/01  13:00:00,67.71017350439999,35.5034559434
 09/01  14:00:00,65.784371186,35.5018985507
 09/01  15:00:00,65.2750095998,35.5003482069
 09/01  16:00:00,69.7416383146,23.784285514
 09/01  17:00:00,81.6148956054,5.76968060696
 09/01  18:00:00,88.58329167950001,11.5678031073
 09/01  19:00:00,92.37387361020001,5.77929800798
 09/01  20:00:00,109.416276208,5.79456373238
 09/01  21:00:00,103.45378701,11.5874609539
 09/01  22:00:00,75.36941885520001,12.1394965749
 09/01  23:00:00,51.8992969318,1.0078617326700001
 09/01  24:00:00,44.9900960859,6.99197580863
 09/02  01:00:00,45.3137103832,7.08371796137
 09/02  02:00:00,39.4115957452,1.55108266966
 09/02  03:00:00,38.6528917295,7.420248503110001
 09/02  04:00:00,39.8215499704,1.6868458514200002
 09/02  05:00:00,43.7048642027,7.468059644839999
 09/02  06:00:00,65.5905483572,7.29504327032
 09/02  07:00:00,78.2068403137,12.2751468516
 09/02  08:00:00,108.621061286,29.425668727399998
 09/02  09:00:00,94.1767813976,41.466241603600004
 09/02  10:00:00,68.29401995020001,41.4078088538
 09/02  11:00:00,67.3640666508,41.3623542972
 09/02  12:00:00,68.6543388421,35.5020318764
 09/02  13:00:00,69.8451024698,35.504240696
 09/02  14:00:00,70.7590026728,35.502729261700004
 09/02  15:00:00,71.32815241670001,35.501219068699996
 09/02  16:00:00,75.4390864892,23.7851428502
 09/02  17:00:00,83.5752507639,5.76506604362
 09/02  18:00:00,98.92857587790002,5.76982213306
 09/02  19:00:00,98.275154232,5.77943704959
 09/02  20:00:00,110.039327031,5.84261409709
 09/02  21:00:00,106.51718373,5.91759473712
 09/02  22:00:00,81.0231592045,12.976670448699998
 09/02  23:00:00,54.4696707925,8.05735974634
 09/02  24:00:00,46.1046546283,9.40557500078
 09/03  01:00:00,44.7179966189,10.717186077200001
 09/03  02:00:00,38.4134103569,6.4382478797800005
 09/03  03:00:00,37.2718999075,13.4305446225
 09/03  04:00:00,38.121750628600005,8.61754160502
 09/03  05:00:00,41.7014204334,14.992545512000001
 09/03  06:00:00,62.867201164099995,14.7641605956
 09/03  07:00:00,75.37339443350001,16.4893771812
 09/03  08:00:00,104.80525158799999,29.5092117843
 09/03  09:00:00,89.8913209116,41.465917984499995
 09/03  10:00:00,64.8297014711,41.407634853000005
 09/03  11:00:00,65.3312932146,41.3646206267
 09/03  12:00:00,68.7876107145,35.503101207600004
 09/03  13:00:00,71.7824798868,35.5015573432
 09/03  14:00:00,73.4897534898,35.50388754
 09/03  15:00:00,74.9467698236,35.502408453600005
 09/03  16:00:00,79.1689961192,23.785070976100002
 09/03  17:00:00,87.11525151049999,5.76516357962
 09/03  18:00:00,102.818555866,5.769795844780001
 09/03  19:00:00,104.126495974,5.779809493509999
 09/03  20:00:00,116.315697578,5.7788593404999995
 09/03  21:00:00,111.832425953,11.5391742161
 09/03  22:00:00,86.3627024637,5.79956717705
 09/03  23:00:00,59.735318105,11.529928146400001
 09/03  24:00:00,51.387154154099996,0.02
 09/04  01:00:00,49.966803575600004,5.75542806146
 09/04  02:00:00,43.7001750304,0.02
 09/04  03:00:00,42.6731893281,5.75553547951
 09/04  04:00:00,43.643560245799996,0.02
 09/04  05:00:00,47.4658653009,5.76524104929
 09/04  06:00:00,69.1573380153,5.77507375684
 09/04  07:00:00,83.5086564841,11.5792189909
 09/04  08:00:00,112.316272855,29.426189716
 09/04  09:00:00,99.0693802633,41.4682202919
 09/04  10:00:00,71.3016907126,41.4077990502
 09/04  11:00:00,69.4092190464,41.36704356
 09/04  12:00:00,72.0250669779,35.504944615
 09/04  13:00:00,76.5080555757,35.5034412685
 09/04  14:00:00,79.1254178446,35.5020023746
 09/04  15:00:00,78.9172936484,35.5005617872
 09/04  16:00:00,82.1028430837,23.7851416361
 09/04  17:00:00,90.1664110001,5.763997739530001
 09/04  18:00:00,104.768486466,5.77002055623
 09/04  19:00:00,104.184258288,5.77968889717
 09/04  20:00:00,114.29384618700001,5.81817497564
 09/04  21:00:00,109.765433407,11.5397105197
 09/04  22:00:00,84.1059221817,11.5787352975
 09/04  23:00:00,57.396765067,5.95047945219
 09/04  24:00:00,48.780445873199994,0.9411165556910001
 09/05  01:00:00,43.825410945200005,7.239743066080001
 09/05  02:00:00,40.2948696631,2.2087341139700003
 09/05  03:00:00,39.0298464477,9.30675264626
 09/05  04:00:00,39.6933090384,10.5399828934
 09/05  05:00:00,46.96464843020001,11.187088754500001
 09/05  06:00:00,80.474692543,16.8847263231
 09/05  07:00:00,96.9791273005,14.6212962434
 09/05  08:00:00,83.4277518695,23.4434514654
 09/05  09:00:00,81.928009002,41.407702255100006
 09/05  10:00:00,64.71671371069999,41.368960258099996
 09/05  11:00:00,67.67039168699999,35.505760778
 09/05  12:00:00,71.6282715436,35.5042263386
 09/05  13:00:00,75.8732425969,35.503279416999995
 09/05  14:00:00,77.5664939708,35.5033333067
 09/05  15:00:00,78.91001397470001,35.5019217993
 09/05  16:00:00,84.1967572517,23.785189129899997
 09/05  17:00:00,97.7458232478,5.7700438280499995
 09/05  18:00:00,106.71729039899999,11.5689210861
 09/05  19:00:00,110.666424279,5.77979101719
 09/05  20:00:00,127.301485442,5.7795942798
 09/05  21:00:00,121.09723496299999,11.5791903447
 09/05  22:00:00,92.19790267260001,11.5498650708
 09/05  23:00:00,65.7307380165,5.76530967012
 09/05  24:00:00,56.243341872600006,0.02
 09/06  01:00:00,52.4617831673,5.755420933019999
 09/06  02:00:00,48.474088373,0.02
 09/06  03:00:00,46.9523100599,5.75554237477
 09/06  04:00:00,47.5697379705,0.02
 09/06  05:00:00,55.2488292965,11.5300160073
 09/06  06:00:00,89.89805939040001,5.79738559523
 09/06  07:00:00,106.236395732,17.4174535488
 09/06  08:00:00,92.9439112093,23.443663032199996
 09/06  09:00:00,91.85480576639999,41.4064575807
 09/06  10:00:00,75.2292000776,35.538624597399995
 09/06  11:00:00,78.72640086060001,41.3275839057
 09/06  12:00:00,82.4795127436,35.5048268628
 09/06  13:00:00,84.882680064,35.503477441
 09/06  14:00:00,86.6150154593,35.5021380917
 09/06  15:00:00,88.0833840772,35.5007914913
 09/06  16:00:00,92.56132958309999,23.7851943658
 09/06  17:00:00,104.611744149,5.76963197597
 09/06  18:00:00,111.79067743899999,11.5688670616
 09/06  19:00:00,113.729242481,5.779417711360001
 09/06  20:00:00,127.94345382600001,5.779218702380001
 09/06  21:00:00,119.371624654,11.579720491199998
 09/06  22:00:00,89.9251532759,11.5496731675
 09/06  23:00:00,64.4513467715,0.02
 09/06  24:00:00,55.500453874399994,5.7593001416
 09/07  01:00:00,51.4717965066,5.75535542154
 09/07  02:00:00,47.431996388900004,0.02
 09/07  03:00:00,45.9230249042,5.75518680584
 09/07  04:00:00,46.589092183000005,0.02
 09/07  05:00:00,54.0578994646,5.7752894061
 09/07  06:00:00,88.2393974388,11.579964972
 09/07  07:00:00,104.954832771,17.4194293889
 09/07  08:00:00,90.6290012323,23.446935930100004
 09/07  09:00:00,88.1621028557,41.405210014299996
 09/07  10:00:00,69.1936458259,35.538958733499996
 09/07  11:00:00,73.3928546965,41.328178756199996
 09/07  12:00:00,76.9191866117,35.5043835175
 09/07  13:00:00,76.92665988350001,35.503080455100005
 09/07  14:00:00,73.6647649957,35.5017562859
 09/07  15:00:00,68.7326790996,35.5043220223
 09/07  16:00:00,69.8813670409,23.7852434632
 09/07  17:00:00,81.3547634346,5.7702213129199995
 09/07  18:00:00,88.421534397,11.568389816500002
 09/07  19:00:00,91.4506226863,5.78006413426
 09/07  20:00:00,107.225621279,6.836762379750001
 09/07  21:00:00,101.21092927299999,13.127830216600001
 09/07  22:00:00,73.637243335,13.4404579795
 09/07  23:00:00,50.2325340732,2.56150718588
 09/07  24:00:00,43.219416348,9.745254241760001
 09/08  01:00:00,40.3143067386,10.9730588664
 09/08  02:00:00,37.2487988166,6.64682391809
 09/08  03:00:00,36.349258233200004,13.5986303006
 09/08  04:00:00,37.3663101407,8.75739453406
 09/08  05:00:00,44.910302764399994,14.9108578931
 09/08  06:00:00,78.4352565061,20.3797727208
 09/08  07:00:00,94.63943485899999,24.1450122716
 09/08  08:00:00,79.954891749,24.8053914477
 09/08  09:00:00,77.4608702646,41.5071194453
 09/08  10:00:00,58.96370101310001,35.5728985063
 09/08  11:00:00,59.94703227,41.3287567973
 09/08  12:00:00,62.2954137184,35.5048763402
 09/08  13:00:00,63.394778813900004,35.5055609625
 09/08  14:00:00,64.1728556209,35.5023801387
 09/08  15:00:00,63.6768245839,35.5026750634
 09/08  16:00:00,66.9900478321,23.7851597308
 09/08  17:00:00,79.3485179439,5.77019940845
 09/08  18:00:00,86.27127100690001,11.569116906
 09/08  19:00:00,90.4085638183,6.08740627306
 09/08  20:00:00,104.448075746,8.30727856048
 09/08  21:00:00,98.4734152859,16.2579427682
 09/08  22:00:00,71.34469029899999,17.4737924414
 09/08  23:00:00,48.282456359799994,7.38821937864
 09/08  24:00:00,41.304105986399996,14.7448270237
 09/09  01:00:00,41.4412334187,15.922359361600002
 09/09  02:00:00,35.5766941152,11.6134831657
 09/09  03:00:00,34.867626038800005,18.6994241687
 09/09  04:00:00,36.1453873174,13.9599358574
 09/09  05:00:00,40.066424964,20.226124171800002
 09/09  06:00:00,60.9639691725,20.0118465014
 09/09  07:00:00,73.7534405385,23.8656351492
 09/09  08:00:00,101.29589939899999,35.1504732942
 09/09  09:00:00,87.2926956007,43.3403242421
 09/09  10:00:00,61.4885054672,41.8731772813
 09/09  11:00:00,60.3228963228,41.3708686835
 09/09  12:00:00,61.6114173224,35.5069401362
 09/09  13:00:00,63.5641958745,35.5047187398
 09/09  14:00:00,63.9087214394,35.5020237019
 09/09  15:00:00,65.0911659078,35.5060905824
 09/09  16:00:00,69.9698936092,23.7852868669
 09/09  17:00:00,78.31484231489999,5.7653677074
 09/09  18:00:00,93.52402490790001,5.7702409798000005
 09/09  19:00:00,95.27698271950001,5.8322726210199995
 09/09  20:00:00,106.24801340200001,12.0761614831
 09/09  21:00:00,103.07323705700001,8.47117584507
 09/09  22:00:00,78.1570783992,16.0968287641
 09/09  23:00:00,52.034736528900005,11.669338166600001
 09/09  24:00:00,43.7725928048,13.536020369000001
 09/10  01:00:00,42.4580626296,9.18433363137
 09/10  02:00:00,36.3605589437,16.4493208045
 09/10  03:00:00,35.4288244616,12.296061338
 09/10  04:00:00,36.5143041573,19.2644666234
 09/10  05:00:00,40.3954526404,19.9506031199
 09/10  06:00:00,61.133712582600005,19.9049496533
 09/10  07:00:00,73.8350615615,25.5410146425
 09/10  08:00:00,101.520031671,35.191533645300005
 09/10  09:00:00,88.130326076,42.0952359843
 09/10  10:00:00,62.6000160927,41.4257858117
 09/10  11:00:00,61.573371924499995,35.5397619488
 09/10  12:00:00,64.0410111031,35.5047615866
 09/10  13:00:00,66.6181322247,41.3247913923
 09/10  14:00:00,67.9106815022,35.5060478637
 09/10  15:00:00,68.4088103847,35.5049192243
 09/10  16:00:00,72.42362314100001,23.7853633367
 09/10  17:00:00,81.3056347757,0.02
 09/10  18:00:00,96.12751977219999,5.77027320327
 09/10  19:00:00,97.45261300770001,11.5403302498
 09/10  20:00:00,108.264285453,5.898826356619999
 09/10  21:00:00,104.654422778,6.990762751339999
 09/10  22:00:00,79.4752588793,14.011756005
 09/10  23:00:00,53.3591233707,9.24260623781
 09/10  24:00:00,45.3061631443,10.4414545795
 09/11  01:00:00,40.810523659,11.136778057699999
 09/11  02:00:00,37.6817654434,6.2268980986399995
 09/11  03:00:00,36.7671555871,12.682845823800001
 09/11  04:00:00,37.7335864516,7.30669645232
 09/11  05:00:00,45.3573625178,12.8663903026
 09/11  06:00:00,78.9721704905,17.7440233098
 09/11  07:00:00,94.8115541545,23.224403971999998
 09/11  08:00:00,80.712797311,23.9522749238
 09/11  09:00:00,78.9473975804,41.4097576989
 09/11  10:00:00,62.374838828,35.540802513
 09/11  11:00:00,64.89219342130001,41.330572818600004
 09/11  12:00:00,67.6151288146,35.5073700076
 09/11  13:00:00,70.5326801146,35.5062784607
 09/11  14:00:00,71.9727176885,35.5051892739
 09/11  15:00:00,72.6857432292,35.5040773937
 09/11  16:00:00,77.3578190021,23.784210192800003
 09/11  17:00:00,89.9958091845,5.7700657820500005
 09/11  18:00:00,96.98323478610001,11.569913700899999
 09/11  19:00:00,100.354331003,5.780454420880001
 09/11  20:00:00,112.90013069700001,5.780307553790001
 09/11  21:00:00,105.989965986,11.5803031
 09/11  22:00:00,77.518286823,11.550689372
 09/11  23:00:00,53.6072527596,5.76562096285
 09/11  24:00:00,46.16603515600001,0.0261344673181
 09/12  01:00:00,42.9338311466,6.20379043227
 09/12  02:00:00,39.6097992809,1.31019490382
 09/12  03:00:00,38.4977577005,7.8688867255699995
 09/12  04:00:00,39.2584953585,9.28060441012
 09/12  05:00:00,46.567607473500004,10.4429129712
 09/12  06:00:00,79.8728645322,16.5502669832
 09/12  07:00:00,95.7978439865,15.935708160099999
 09/12  08:00:00,81.990595752,23.619860904899998
 09/12  09:00:00,80.83975737770001,41.4131248906
 09/12  10:00:00,64.0167559084,41.3707776908
 09/12  11:00:00,67.4158436278,35.5084322642
 09/12  12:00:00,71.4185065609,35.5062679486
 09/12  13:00:00,74.6443751037,35.5032914902
 09/12  14:00:00,76.8081760253,41.3245410763
 09/12  15:00:00,78.123051116,35.5060033839
 09/12  16:00:00,82.8299749565,18.045
 09/12  17:00:00,95.40696630469999,5.76957958985
 09/12  18:00:00,102.38947788799999,11.5705205648
 09/12  19:00:00,105.94501640000001,5.780404980499999
 09/12  20:00:00,116.345293767,11.540566798499999
 09/12  21:00:00,107.50821543299999,11.580742156500001
 09/12  22:00:00,78.6138132442,5.78552894459
 09/12  23:00:00,54.5162993733,5.76556009604
 09/12  24:00:00,46.881978702,5.76062738584
 09/13  01:00:00,43.5049616341,0.08106151528149999
 09/13  02:00:00,40.1192069935,6.24015433161
 09/13  03:00:00,39.0055848352,0.850683294878
 09/13  04:00:00,39.83668232,6.7790028514300005
 09/13  05:00:00,47.2646140429,7.017745881760002
 09/13  06:00:00,80.3326101604,12.821770991700001
 09/13  07:00:00,96.0697210371,18.3101059593
 09/13  08:00:00,82.7510727884,23.4510608168
 09/13  09:00:00,83.9327486958,41.4078482769
 09/13  10:00:00,70.3226880342,35.5422363571
 09/13  11:00:00,76.9788425038,35.5089644904
 09/13  12:00:00,85.3082924143,41.3285242819
 09/13  13:00:00,90.7946712973,35.5061328671
 09/13  14:00:00,93.6513916817,35.505153295
 09/13  15:00:00,96.07837304200001,35.5061289969
 09/13  16:00:00,101.92648766200001,23.785546696599997
 09/13  17:00:00,116.702854455,5.770529927969999
 09/13  18:00:00,123.748622274,11.5701140495
 09/13  19:00:00,124.35819959700001,5.779984880160001
 09/13  20:00:00,127.591655894,5.7798850250900005
 09/13  21:00:00,113.19759774299999,11.5813833166
 09/13  22:00:00,85.5975233122,11.550745969000001
 09/13  23:00:00,62.3521075586,0.02
 09/13  24:00:00,53.512903001800005,5.76075596561
 09/14  01:00:00,49.4177890578,5.7555568052499995
 09/14  02:00:00,45.416471686,0.02
 09/14  03:00:00,43.74155793600001,5.7557460926
 09/14  04:00:00,44.1044564309,0.02
 09/14  05:00:00,51.310897473199994,5.77474071636
 09/14  06:00:00,84.9544037012,11.6566519848
 09/14  07:00:00,101.13849609399999,17.4229406699
 09/14  08:00:00,86.6701380245,23.4514036635
 09/14  09:00:00,85.9237123049,41.4125791677
 09/14  10:00:00,69.0728496786,41.3739736605
 09/14  11:00:00,72.2163264814,35.5091830564
 09/14  12:00:00,78.0473356234,35.5081255633
 09/14  13:00:00,78.4962258622,35.5052752445
 09/14  14:00:00,79.67571961729999,35.5043537818
 09/14  15:00:00,80.8390206258,41.326152467
 09/14  16:00:00,83.9884731065,18.045
 09/14  17:00:00,95.3936624742,5.77048574267
 09/14  18:00:00,101.826772049,11.570711508299999
 09/14  19:00:00,106.069633965,5.779843752690001
 09/14  20:00:00,120.587639639,11.5394581528
 09/14  21:00:00,114.597120466,11.5799711301
 09/14  22:00:00,86.7174208008,5.78577984081
 09/14  23:00:00,63.0112492104,5.76577329494
 09/14  24:00:00,55.2982728478,5.76065036165
 09/15  01:00:00,52.0604029286,0.02
 09/15  02:00:00,48.528904849899995,5.754531620369999
 09/15  03:00:00,47.2075962927,0.02
 09/15  04:00:00,47.966717816300005,5.76050373161
 09/15  05:00:00,55.6710071965,5.775672946919999
 09/15  06:00:00,90.41452889920001,11.580881816
 09/15  07:00:00,107.01614501700001,11.6210465087
 09/15  08:00:00,92.0496407384,29.3109559238
 09/15  09:00:00,88.89020520129999,41.4079230399
 09/15  10:00:00,68.92506910270001,35.542294501
 09/15  11:00:00,69.2142895385,35.5118619527
 09/15  12:00:00,71.3283793257,35.506321752699996
 09/15  13:00:00,74.483310836,41.3288389925
 09/15  14:00:00,74.62976934439999,35.5094576513
 09/15  15:00:00,74.9381163454,35.508622118699996
 09/15  16:00:00,79.0169543745,23.785065642600003
 09/15  17:00:00,90.6445443175,5.77059678322
 09/15  18:00:00,97.1372987224,11.569882935299999
 09/15  19:00:00,102.299417406,5.780148732080001
 09/15  20:00:00,116.762808457,5.77874788993
 09/15  21:00:00,111.178633974,11.5806930755
 09/15  22:00:00,82.8210302583,11.551298317
 09/15  23:00:00,58.4356083008,0.02
 09/15  24:00:00,51.0013101861,5.76084134106
 09/16  01:00:00,51.0635338366,5.75575123723
 09/16  02:00:00,44.7783113754,0.02
 09/16  03:00:00,43.66664810140001,5.7553565272
 09/16  04:00:00,44.555250947299996,0.02
 09/16  05:00:00,48.265225612799995,5.76580747226
 09/16  06:00:00,70.05560996140001,5.77568225079
 09/16  07:00:00,84.6419381001,11.581989516300002
 09/16  08:00:00,113.771313531,29.442798305500002
 09/16  09:00:00,99.40191942530001,47.3331636079
 09/16  10:00:00,71.48329810199999,35.573961506799996
 09/16  11:00:00,70.2288148093,41.3726140075
 09/16  12:00:00,70.45656117850001,35.510388140799996
 09/16  13:00:00,71.547982385,35.505581913200004
 09/16  14:00:00,71.777192965,41.3279885035
 09/16  15:00:00,72.1791148179,35.5088974393
 09/16  16:00:00,76.8246812556,18.045
 09/16  17:00:00,85.3443816118,5.76565846655
 09/16  18:00:00,100.483067698,5.770559013300001
 09/16  19:00:00,102.797808665,11.5399094816
 09/16  20:00:00,113.44252901799999,5.77987588465
 09/16  21:00:00,109.816263206,5.78062750341
 09/16  22:00:00,84.2920899324,11.5818117956
 09/16  23:00:00,57.9155982219,5.775877782979999
 09/16  24:00:00,49.6169925283,5.75993293944
 09/17  01:00:00,48.3674651851,5.75589463426
 09/17  02:00:00,42.1778297842,0.02
 09/17  03:00:00,41.2006254345,5.95115408305
 09/17  04:00:00,42.2011221366,0.40976470880599997
 09/17  05:00:00,45.940234884300004,6.37880602664
 09/17  06:00:00,67.562784847,6.386821293680001
 09/17  07:00:00,81.78649111989999,11.84154531
 09/17  08:00:00,110.385304369,29.443736807199997
 09/17  09:00:00,95.7750878976,47.334062795
 09/17  10:00:00,71.10705186310001,35.5741327148
 09/17  11:00:00,70.2821276467,41.3733148065
 09/17  12:00:00,70.9646403988,35.5089617202
 09/17  13:00:00,71.4886530957,35.5061727366
 09/17  14:00:00,72.2329199368,41.328890442399995
 09/17  15:00:00,72.7463823671,35.509657084299995
 09/17  16:00:00,77.7358635462,23.7855655298
 09/17  17:00:00,86.54549012950001,0.02
 09/17  18:00:00,101.26291044700001,5.77074312418
 09/17  19:00:00,103.639723085,11.541900148599998
 09/17  20:00:00,112.014007403,5.780108771569999
 09/17  21:00:00,108.253917894,5.78087604169
 09/17  22:00:00,83.2556263939,11.5812259804
 09/17  23:00:00,57.286418941,5.77596182783
 09/17  24:00:00,49.0296321587,5.76092788263
 09/18  01:00:00,44.4056342583,5.7558350802
 09/18  02:00:00,41.1625900086,0.224289389039
 09/18  03:00:00,40.1809419521,6.381965866080001
 09/18  04:00:00,41.1164900081,0.93457980045
 09/18  05:00:00,48.728706878900006,10.9089621548
 09/18  06:00:00,82.6602490512,8.92897671399
 09/18  07:00:00,98.0957811906,19.5930920759
 09/18  08:00:00,83.6111861727,23.547521413400002
 09/18  09:00:00,81.9019904729,41.4162490311
 09/18  10:00:00,65.30116910470001,41.3765835165
 09/18  11:00:00,68.5770288745,35.5109946866
 09/18  12:00:00,71.22701126770001,35.5092006246
 09/18  13:00:00,73.3790333445,35.506581644099995
 09/18  14:00:00,74.9226432991,41.3295581988
 09/18  15:00:00,76.1864890435,35.5102432542
 09/18  16:00:00,80.4273431725,23.7856541736
 09/18  17:00:00,92.51451416370001,5.7707350679600005
 09/18  18:00:00,99.85315112120001,5.79584400985
 09/18  19:00:00,104.965947686,11.5412442058
 09/18  20:00:00,114.077665116,5.796420984530001
 09/18  21:00:00,107.39103596,11.5820506773
 09/18  22:00:00,79.2837574441,5.78570068107
 09/18  23:00:00,55.293185654700004,5.76579655014
 09/18  24:00:00,47.813394424799995,5.76088734209
 09/19  01:00:00,44.608835345799996,0.02
 09/19  02:00:00,41.2902264935,6.168170567380001
 09/19  03:00:00,40.1995057784,0.9438737103929999
 09/19  04:00:00,41.0674665817,7.0488573193
 09/19  05:00:00,48.5834089353,7.45379484033
 09/19  06:00:00,82.3769090998,13.4248590633
 09/19  07:00:00,98.96803617209999,18.5812077742
 09/19  08:00:00,85.2998422468,23.4581962448
 09/19  09:00:00,84.9191648089,41.4168041859
 09/19  10:00:00,67.728212101,41.3783156868
 09/19  11:00:00,70.9106039424,35.5124651853
 09/19  12:00:00,74.7291542729,35.5117469689
 09/19  13:00:00,77.69884545810001,35.509209396399996
 09/19  14:00:00,79.0000325374,38.0009861395
 09/19  15:00:00,79.25281988409999,38.8371193771
 09/19  16:00:00,84.568149752,18.045
 09/19  17:00:00,98.00054147430001,5.77082387421
 09/19  18:00:00,104.219694304,11.5720366281
 09/19  19:00:00,109.146135876,11.540881302
 09/19  20:00:00,118.787385024,5.77969663556
 09/19  21:00:00,110.88591137899999,11.581405804700001
 09/19  22:00:00,82.56705964689999,5.785928843300001
 09/19  23:00:00,58.4946009988,5.7660565515
 09/19  24:00:00,50.966490792100004,5.760912781009999
 09/20  01:00:00,47.8474614374,0.02
 09/20  02:00:00,44.6318201655,5.7559060543400005
 09/20  03:00:00,43.6561836517,0.02
 09/20  04:00:00,44.66642343270001,5.76106000544
 09/20  05:00:00,52.479583868199995,5.77613456655
 09/20  06:00:00,87.0220001304,11.583068287
 09/20  07:00:00,105.91739314,17.4252770212
 09/20  08:00:00,90.5609150028,23.457998657199997
 09/20  09:00:00,90.1997253271,41.416566468
 09/20  10:00:00,73.5528488326,41.3782805454
 09/20  11:00:00,76.7295784684,35.5123329977
 09/20  12:00:00,78.344392117,35.511682325100004
 09/20  13:00:00,77.26066898090001,35.5092173263
 09/20  14:00:00,78.4294418445,35.508679778899996
 09/20  15:00:00,78.747582556,41.3325943996
 09/20  16:00:00,82.8049814389,18.045
 09/20  17:00:00,95.2794361553,5.77097184178
 09/20  18:00:00,102.93633031899999,11.572594111199999
 09/20  19:00:00,110.158579186,11.5409654504
 09/20  20:00:00,121.518781599,5.77975287906
 09/20  21:00:00,114.17359863200001,11.5816571854
 09/20  22:00:00,83.9757212639,5.78603412389
 09/20  23:00:00,58.891990344700005,5.766122810950001
 09/20  24:00:00,51.265503323599994,5.760976986769999
 09/21  01:00:00,48.069297347299994,0.02
 09/21  02:00:00,44.7058644502,5.7559689717
 09/21  03:00:00,43.5855537136,0.02
 09/21  04:00:00,44.430101613199994,5.76069105212
 09/21  05:00:00,52.0898829219,5.776271657050001
 09/21  06:00:00,86.4389789894,11.5835059864
 09/21  07:00:00,105.315707878,17.4243649928
 09/21  08:00:00,90.09532004020001,23.4601289856
 09/21  09:00:00,88.7909986115,41.4181795204
 09/21  10:00:00,69.2582777113,41.379789404
 09/21  11:00:00,71.1215111228,35.5135714299
 09/21  12:00:00,73.6162992404,35.5129993192
 09/21  13:00:00,77.0511371386,35.5106004185
 09/21  14:00:00,79.20835990229999,41.330024261300004
 09/21  15:00:00,80.3492730593,35.5108553568
 09/21  16:00:00,83.1228587192,18.045
 09/21  17:00:00,94.73405755709999,5.771054703530001
 09/21  18:00:00,101.293669419,11.572462666300002
 09/21  19:00:00,105.551031818,11.540663238299999
 09/21  20:00:00,116.362908676,5.78025549322
 09/21  21:00:00,109.046586525,11.5828185858
 09/21  22:00:00,80.1249866247,5.786018799450001
 09/21  23:00:00,55.8607012542,5.764971322359999
 09/21  24:00:00,48.2379426962,5.76108200053
 09/22  01:00:00,44.8435895274,0.02
 09/22  02:00:00,41.4059514158,5.90455957443
 09/22  03:00:00,40.1877135381,6.67183128459
 09/22  04:00:00,40.896194592600004,1.6644568831600002
 09/22  05:00:00,48.2006308801,8.314874204610001
 09/22  06:00:00,81.5638494805,14.5723602393
 09/22  07:00:00,99.51751145790001,20.1895339447
 09/22  08:00:00,83.55114834300001,23.521435933499998
 09/22  09:00:00,80.8131044472,41.421046737
 09/22  10:00:00,62.2753242514,41.3800537337
 09/22  11:00:00,63.8581401818,35.5133310307
 09/22  12:00:00,65.3826203278,35.5118256023
 09/22  13:00:00,65.4502093183,35.5094857312
 09/22  14:00:00,66.0470803508,41.333897726
 09/22  15:00:00,65.26013607189999,35.5099580921
 09/22  16:00:00,69.6121338201,23.7858507936
 09/22  17:00:00,81.54816558649999,5.77102941728
 09/22  18:00:00,88.068818403,5.796329727459999
 09/22  19:00:00,94.2236991672,11.541538943599999
 09/22  20:00:00,105.947819425,6.562446076819999
 09/22  21:00:00,99.6378139983,13.8451572909
 09/22  22:00:00,72.3107889567,15.1078102657
 09/22  23:00:00,49.1120188587,5.430175994530001
 09/22  24:00:00,42.0588572223,13.1180087926
 09/23  01:00:00,42.105321308899995,14.5546445288
 09/23  02:00:00,36.1168246021,10.397660425
 09/23  03:00:00,35.250070281,17.5948952698
 09/23  04:00:00,36.3679155237,13.069385369
 09/23  05:00:00,40.2589961473,19.5307641259
 09/23  06:00:00,61.120716215600005,19.5087118535
 09/23  07:00:00,75.7954292433,24.2688429055
 09/23  08:00:00,100.872133421,42.97842238810001
 09/23  09:00:00,86.88591141239999,44.82519679520001
 09/23  10:00:00,61.3411605711,42.602810566
 09/23  11:00:00,59.6635210249,35.5909019887
 09/23  12:00:00,60.4562881449,41.3322115004
 09/23  13:00:00,61.60380017520001,35.512540361999996
 09/23  14:00:00,62.6548876423,35.512259327399995
 09/23  15:00:00,62.868293681000004,35.5093530889
 09/23  16:00:00,66.5792642701,23.7859938373
 09/23  17:00:00,74.7053748969,5.766195246970001
 09/23  18:00:00,90.56442213870001,5.77114052157
 09/23  19:00:00,94.627456653,6.332213794430001
 09/23  20:00:00,104.116808815,14.3679930066
 09/23  21:00:00,101.34347077299999,10.7621870817
 09/23  22:00:00,76.481921014,18.5520725996
 09/23  23:00:00,50.475791599,14.5157114997
 09/23  24:00:00,42.5042818313,15.5625617296
 09/24  01:00:00,41.5118412784,10.4328399058
 09/24  02:00:00,35.7034968507,16.9651793225
 09/24  03:00:00,35.0550456792,12.0051841054
 09/24  04:00:00,36.358263986,18.1229989824
 09/24  05:00:00,40.337422372199995,17.9691644511
 09/24  06:00:00,61.153952519899995,17.070464585899998
 09/24  07:00:00,76.1218148355,21.5547238686
 09/24  08:00:00,101.48607361299999,32.882839569299996
 09/24  09:00:00,87.32313005569999,47.9081750834
 09/24  10:00:00,61.8973590875,35.705383271799995
 09/24  11:00:00,60.5478078996,41.3791505716
 09/24  12:00:00,61.73292770649999,35.512766048
 09/24  13:00:00,61.002777473500004,36.4975321046
 09/24  14:00:00,62.3994486604,40.3484814862
 09/24  15:00:00,63.0769704636,35.5119271185
 09/24  16:00:00,67.007381533,23.784907740300003
 09/24  17:00:00,75.6182405973,5.76630056734
 09/24  18:00:00,90.8571630741,5.77138221575
 09/24  19:00:00,95.9614719081,5.78127114288
 09/24  20:00:00,106.04596206,6.0227205023399994
 09/24  21:00:00,103.726328365,11.933327862999999
 09/24  22:00:00,79.4265360368,11.903822517
 09/24  23:00:00,53.801071450200006,6.21311878201
 09/24  24:00:00,46.1931070814,0.6767334538009999
 09/25  01:00:00,42.0711076017,6.4916177608300005
 09/25  02:00:00,39.2501000924,6.680683548169999
 09/25  03:00:00,38.643828424,1.0659259559799998
 09/25  04:00:00,39.9075040546,6.797408269709999
 09/25  05:00:00,47.7794252142,6.83175737586
 09/25  06:00:00,81.9668827729,12.4515489981
 09/25  07:00:00,100.68344185,17.5376185447
 09/25  08:00:00,84.9100194715,23.474621700300002
 09/25  09:00:00,82.366281482,41.4199914712
 09/25  10:00:00,63.34114044,35.5492613519
 09/25  11:00:00,63.314930008599994,41.3404677754
 09/25  12:00:00,64.9931123452,35.5149388859
 09/25  13:00:00,69.9536762382,35.5108888226
 09/25  14:00:00,73.9910740762,35.510745432600004
 09/25  15:00:00,75.950618011,41.3359741076
 09/25  16:00:00,80.9838496718,18.045
 09/25  17:00:00,94.08023722829999,5.77138785122
 09/25  18:00:00,101.4373186,11.5738493643
 09/25  19:00:00,107.90024137299999,11.542248033599998
 09/25  20:00:00,120.157322292,5.78058532781
 09/25  21:00:00,114.271300851,11.584086696300002
 09/25  22:00:00,85.3960685227,5.786556410989999
 09/25  23:00:00,60.6281424137,5.76644920673
 09/25  24:00:00,52.63065839229999,5.761041821189999
 09/26  01:00:00,49.0101059433,0.02
 09/26  02:00:00,45.333216301499995,5.75622096635
 09/26  03:00:00,44.0315400363,5.755927649019999
 09/26  04:00:00,44.742521546499994,0.02
 09/26  05:00:00,52.3371237788,5.77671252717
 09/26  06:00:00,86.26425797969999,11.5849542533
 09/26  07:00:00,106.160779227,17.4297061654
 09/26  08:00:00,92.1642676758,23.4644539511
 09/26  09:00:00,91.5089245256,41.4266670123
 09/26  10:00:00,75.04000885229999,41.384914600500004
 09/26  11:00:00,78.3031306399,35.5167082532
 09/26  12:00:00,81.75578164310001,35.5118797967
 09/26  13:00:00,84.7115660167,41.3375710518
 09/26  14:00:00,86.17565419479999,35.5130791204
 09/26  15:00:00,86.1117701876,35.5130564848
 09/26  16:00:00,89.7514915367,23.7851798963
 09/26  17:00:00,101.212202118,5.77147742684
 09/26  18:00:00,105.686853414,11.574014458499999
 09/26  19:00:00,112.048253871,5.7819434332
 09/26  20:00:00,121.813948615,11.5408349133
 09/26  21:00:00,113.40153918,11.5831593536
 09/26  22:00:00,82.598067701,5.78713618689
 09/26  23:00:00,57.8764596236,5.76648121415
 09/26  24:00:00,50.4028967429,5.7612306302
 09/27  01:00:00,47.2534494192,0.02
 09/27  02:00:00,44.0521331461,5.756074144419999
 09/27  03:00:00,43.1008539109,0.02
 09/27  04:00:00,44.124988100699994,5.76079969257
 09/27  05:00:00,51.8899782166,5.7768618927999995
 09/27  06:00:00,86.06725522209999,11.5831794775
 09/27  07:00:00,105.45182431399999,17.4294199822
 09/27  08:00:00,90.7182762659,23.4652912183
 09/27  09:00:00,89.52392487549999,41.4236505
 09/27  10:00:00,72.503372714,41.3854849502
 09/27  11:00:00,73.7386105692,35.5178695074
 09/27  12:00:00,76.2236985723,35.5138297884
 09/27  13:00:00,80.6263284369,35.5118684738
 09/27  14:00:00,83.8281159112,41.3377462523
 09/27  15:00:00,83.6156891955,35.5133052512
 09/27  16:00:00,88.2168262017,23.7862297021
 09/27  17:00:00,101.35596682399999,5.77142556994
 09/27  18:00:00,107.74706123899999,11.574557133099999
 09/27  19:00:00,114.25979639299999,5.78153041133
 09/27  20:00:00,121.302340625,5.78076453145
 09/27  21:00:00,111.89040069,11.5855553036
 09/27  22:00:00,82.1153729353,11.554078906400001
 09/27  23:00:00,57.230922488999994,5.76538530467
 09/27  24:00:00,49.130438454600004,0.02
 09/28  01:00:00,45.3706020046,5.756092551390001
 09/28  02:00:00,41.6346269633,0.39568714745
 09/28  03:00:00,40.1594546337,7.105779730449999
 09/28  04:00:00,40.6542591177,8.01706156786
 09/28  05:00:00,47.7827287738,9.30556640845
 09/28  06:00:00,80.9906947238,15.9587583518
 09/28  07:00:00,98.41675073040001,16.3724923512
 09/28  08:00:00,81.9862597424,30.0007833631
 09/28  09:00:00,80.1222631879,41.4274373708
 09/28  10:00:00,62.969850475,35.5512880863
 09/28  11:00:00,64.69287396109999,41.3432006329
 09/28  12:00:00,66.3377125648,35.517277085799996
 09/28  13:00:00,68.9267001151,35.513453579600004
 09/28  14:00:00,69.3109642134,41.3346947602
 09/28  15:00:00,68.43823668739999,35.5150401018
 09/28  16:00:00,73.5506964363,18.045
 09/28  17:00:00,85.4728774741,11.5231473474
 09/28  18:00:00,92.1810681408,5.79745903147
 09/28  19:00:00,98.7617196268,11.54358347
 09/28  20:00:00,108.334977763,5.8297030714
 09/28  21:00:00,101.63981041,12.514144254200001
 09/28  22:00:00,73.7565600579,13.864812573
 09/28  23:00:00,50.483402103100005,2.95853224299
 09/28  24:00:00,43.5221424606,9.71354185923
 09/29  01:00:00,40.6658575416,10.2492816948
 09/29  02:00:00,37.6846078166,5.22525901754
 09/29  03:00:00,36.8922689715,11.4740850391
 09/29  04:00:00,37.9578842424,5.91889253468
 09/29  05:00:00,45.6254674268,17.1095681937
 09/29  06:00:00,79.3054283303,16.1937679695
 09/29  07:00:00,97.0643622095,15.9436560328
 09/29  08:00:00,80.5393849991,29.7351258197
 09/29  09:00:00,79.6663995599,41.4288387699
 09/29  10:00:00,63.541339825200005,35.5518401073
 09/29  11:00:00,66.4716235312,41.3429395385
 09/29  12:00:00,69.5898052818,35.5164392534
 09/29  13:00:00,71.3056176452,35.5164570949
 09/29  14:00:00,73.2497560511,35.512889834
 09/29  15:00:00,74.00769734229999,41.339385177
 09/29  16:00:00,76.6151517579,18.045
 09/29  17:00:00,88.9475937553,5.771686787309999
 09/29  18:00:00,96.16792710700001,11.5748342009
 09/29  19:00:00,104.05892670799999,11.5435577899
 09/29  20:00:00,113.25416979,5.78142654671
 09/29  21:00:00,106.217959039,11.5851453646
 09/29  22:00:00,77.1362114313,11.5541263696
 09/29  23:00:00,53.090760546400006,0.02
 09/29  24:00:00,45.8012495123,6.051579856669999
 09/30  01:00:00,45.6791524557,6.72999279944
 09/30  02:00:00,39.4414627338,1.72952940563
 09/30  03:00:00,38.3147402286,8.45531624615
 09/30  04:00:00,39.1113675946,4.131917592840001
 09/30  05:00:00,42.5783852205,10.9966825221
 09/30  06:00:00,63.854188935699995,11.217719649400001
 09/30  07:00:00,79.2808897887,20.5939567021
 09/30  08:00:00,105.187950872,32.0359373011
 09/30  09:00:00,91.70878561069999,41.4931791561
 09/30  10:00:00,66.3811138543,41.4291531083
 09/30  11:00:00,65.50491506600001,41.3846492454
 09/30  12:00:00,68.4103562514,35.5185327565
 09/30  13:00:00,70.2555886156,35.5151130844
 09/30  14:00:00,69.7015902509,41.337149505300005
 09/30  15:00:00,70.3633568248,35.5171084413
 09/30  16:00:00,73.92101356,23.786471836799997
 09/30  17:00:00,82.3283176225,0.02
 09/30  18:00:00,97.2201894858,5.771871225369999
 09/30  19:00:00,103.14134343200001,11.544692545899998
 09/30  20:00:00,111.11754722100001,5.782372842439999
 09/30  21:00:00,107.97744234299999,11.558671558099999
 09/30  22:00:00,82.558849849,11.5857778033
 09/30  23:00:00,56.0749867641,5.82968760493
 09/30  24:00:00,47.5602116509,0.8164691802949999
 10/01  01:00:00,45.7775482875,7.47795046475
 10/01  02:00:00,39.1037439825,9.19557690965
 10/01  03:00:00,37.696031865500004,5.83087119
 10/01  04:00:00,38.1786531812,13.736468558599999
 10/01  05:00:00,41.7371217238,14.22411449
 10/01  06:00:00,62.8856060752,13.701920434100002
 10/01  07:00:00,77.642635699,21.3756630667
 10/01  08:00:00,103.04796395700001,32.751631756
 10/01  09:00:00,89.6613900976,47.4098630432
 10/01  10:00:00,64.7619972965,35.5847180985
 10/01  11:00:00,64.4480210057,41.3875515963
 10/01  12:00:00,66.08777709659999,35.5134859623
 10/01  13:00:00,68.6557330427,41.3406619181
 10/01  14:00:00,71.3028960542,35.515890242800005
 10/01  15:00:00,71.9676661728,35.5163101477
 10/01  16:00:00,75.6825138639,23.786389136599997
 10/01  17:00:00,83.7607504236,5.76666786015
 10/01  18:00:00,97.4977038928,5.7719776207099995
 10/01  19:00:00,102.352686949,5.78134672387
 10/01  20:00:00,109.758317821,11.543939849400001
 10/01  21:00:00,106.48342027700001,5.78260800607
 10/01  22:00:00,81.2676729663,11.586756199100002
 10/01  23:00:00,55.0800733855,5.840564147289999
 10/01  24:00:00,47.2318022749,6.14413618737
 10/02  01:00:00,42.9286621897,0.559545584984
 10/02  02:00:00,40.019963216,6.42246675345
 10/02  03:00:00,39.1376574081,6.935373143010001
 10/02  04:00:00,39.8901262416,2.19186346825
 10/02  05:00:00,48.050649953800004,7.15781852822
 10/02  06:00:00,82.5857641624,18.215038541
 10/02  07:00:00,101.319043781,11.816638662799999
 10/02  08:00:00,85.1943039488,29.345458135700003
 10/02  09:00:00,84.15585733340001,41.425605581
 10/02  10:00:00,68.2486822841,35.5537623055
 10/02  11:00:00,72.4461891001,41.3447515831
 10/02  12:00:00,72.9721447991,35.5181131175
 10/02  13:00:00,75.971275421,35.5185921886
 10/02  14:00:00,78.8177578885,35.515063884
 10/02  15:00:00,80.3269598973,41.342729915700005
 10/02  16:00:00,84.4049777666,18.045
 10/02  17:00:00,95.4521264001,5.7720362954499995
 10/02  18:00:00,101.629468115,11.5764779955
 10/02  19:00:00,109.06739783299999,11.5435928283
 10/02  20:00:00,118.520889937,5.78225190696
 10/02  21:00:00,111.527671146,11.5874880144
 10/02  22:00:00,82.88728534239999,11.554738034200001
 10/02  23:00:00,58.254491299099996,5.76690016408
 10/02  24:00:00,50.776686264700004,0.02
 10/03  01:00:00,47.7462181781,5.75632675236
 10/03  02:00:00,44.2496472453,0.02
 10/03  03:00:00,43.2458693325,5.75643569015
 10/03  04:00:00,43.9710074317,5.7614050179100005
 10/03  05:00:00,51.283757604899996,5.777569316880001
 10/03  06:00:00,85.2376714954,11.5868599973
 10/03  07:00:00,103.698562847,17.4336608805
 10/03  08:00:00,87.95578217209999,23.4746370869
 10/03  09:00:00,87.4226539572,41.4303351285
 10/03  10:00:00,71.3900571741,41.3912406158
 10/03  11:00:00,74.7207038793,35.5217517234
 10/03  12:00:00,77.55307525090001,35.5181974905
 10/03  13:00:00,79.6199931737,41.3390239804
 10/03  14:00:00,81.6722799515,35.518845753899996
 10/03  15:00:00,82.8274565676,35.5167293696
 10/03  16:00:00,86.97440114540001,23.7864866547
 10/03  17:00:00,97.5726457728,5.772190488130001
 10/03  18:00:00,102.536813091,11.575736961099999
 10/03  19:00:00,109.41945210899999,5.782632244939999
 10/03  20:00:00,118.800234387,11.544037111700002
 10/03  21:00:00,111.803537669,11.5860409125
 10/03  22:00:00,82.4969564611,5.78805587018
 10/03  23:00:00,56.836259081099996,5.76703259352
 10/03  24:00:00,48.519370038000005,5.761240303869999
 10/04  01:00:00,45.1898295489,0.02
 10/04  02:00:00,42.3745984074,5.755520430650001
 10/04  03:00:00,41.170567597600005,0.214457517284
 10/04  04:00:00,42.379656562,5.8127301753400005
 10/04  05:00:00,50.5904248533,5.777434394559999
 10/04  06:00:00,84.3510078873,11.588335588900001
 10/04  07:00:00,102.366833113,17.4365807907
 10/04  08:00:00,85.9917745958,23.476767375500003
 10/04  09:00:00,84.7099953614,41.4364358317
 10/04  10:00:00,68.5355032073,41.3907143477
 10/04  11:00:00,72.31213890229999,35.522264667600005
 10/04  12:00:00,76.0827247083,41.343454998
 10/04  13:00:00,79.3690389649,35.5182845909
 10/04  14:00:00,81.104740622,35.5149627998
 10/04  15:00:00,81.3885882321,41.3428693007
 10/04  16:00:00,85.0435527284,18.045
 10/04  17:00:00,96.23559736620001,5.7722271335599995
 10/04  18:00:00,102.09090835399999,11.5765803655
 10/04  19:00:00,108.40008882,11.5450892303
 10/04  20:00:00,116.700072491,5.782292964140001
 10/04  21:00:00,109.384867515,11.588277265
 10/04  22:00:00,80.63991828569999,11.5556747356
 10/04  23:00:00,56.664244885200006,5.766987650580001
 10/04  24:00:00,49.187058971400006,0.02
 10/05  01:00:00,45.5430611875,5.75536119049
 10/05  02:00:00,42.2009659976,0.02
 10/05  03:00:00,41.36908824,5.75651126634
 10/05  04:00:00,42.0855202806,5.76154010503
 10/05  05:00:00,49.4222989413,6.0764124165
 10/05  06:00:00,83.43206044829999,11.785768969200001
 10/05  07:00:00,103.695192386,17.4367200246
 10/05  08:00:00,85.3843321742,23.4773717994
 10/05  09:00:00,84.3763265162,41.4329518654
 10/05  10:00:00,68.3691938873,41.3943000309
 10/05  11:00:00,72.54363657100001,35.521080351500004
 10/05  12:00:00,75.64352400850001,35.5190857547
 10/05  13:00:00,76.6665162274,41.3433875047
 10/05  14:00:00,78.3211209912,35.5215521652
 10/05  15:00:00,78.8600618719,35.5191660365
 10/05  16:00:00,82.5608664229,23.7866338435
 10/05  17:00:00,93.77563790299999,5.7722364077199995
 10/05  18:00:00,99.4262632641,11.5776487522
 10/05  19:00:00,106.309649923,5.78213680232
 10/05  20:00:00,115.61010790000002,11.544829612000001
 10/05  21:00:00,108.04045055799999,11.587666396900001
 10/05  22:00:00,79.0900192642,5.7880559964
 10/05  23:00:00,54.8486557038,5.767159685499999
 10/05  24:00:00,47.1720540762,5.76184146036
 10/06  01:00:00,44.0440465541,0.02
 10/06  02:00:00,40.8001855718,5.972911176549999
 10/06  03:00:00,39.887281879,6.3367622383899995
 10/06  04:00:00,40.7184547318,1.12532292533
 10/06  05:00:00,48.099313109300006,13.3809665717
 10/06  06:00:00,82.2249652136,12.7988121801
 10/06  07:00:00,102.150217661,12.49603911
 10/06  08:00:00,83.9486823901,29.343238240700003
 10/06  09:00:00,81.9003926442,41.4341118596
 10/06  10:00:00,65.0693408261,35.5575406433
 10/06  11:00:00,67.7163532649,41.349868580700004
 10/06  12:00:00,67.757695642,35.5224161182
 10/06  13:00:00,68.2218235171,35.5170998629
 10/06  14:00:00,69.8259319057,41.3462080649
 10/06  15:00:00,67.6711350448,35.5206053159
 10/06  16:00:00,69.6142303254,23.786767953400002
 10/06  17:00:00,79.9038707027,5.77245871723
 10/06  18:00:00,86.0838849668,11.598027401400001
 10/06  19:00:00,95.7431774856,6.771829240569999
 10/06  20:00:00,104.524040308,13.963319509300002
 10/06  21:00:00,98.90826374790001,14.6186405477
 10/06  22:00:00,71.7736711166,10.3684318468
 10/06  23:00:00,48.7067972392,11.7158027749
 10/06  24:00:00,41.756627943000005,13.2556895799
 10/07  01:00:00,41.9669217254,8.50561033796
 10/07  02:00:00,36.0855509162,15.551445108800001
 10/07  03:00:00,35.3655760154,10.7216992669
 10/07  04:00:00,36.560237948600005,16.8249671519
 10/07  05:00:00,40.4944472409,16.4555670707
 10/07  06:00:00,61.475831470799996,16.7764845948
 10/07  07:00:00,78.2035687521,23.011695769699998
 10/07  08:00:00,101.21904667,42.370496493400005
 10/07  09:00:00,86.9456439427,45.679743494899995
 10/07  10:00:00,60.916684199399995,44.5044078053
 10/07  11:00:00,59.0581155014,42.9663433559
 10/07  12:00:00,59.6393794171,36.8880587816
 10/07  13:00:00,60.8328364863,35.5197722545
 10/07  14:00:00,61.7282143842,41.3470138663
 10/07  15:00:00,62.0307946234,35.5240504701
 10/07  16:00:00,65.6245013107,23.7868529783
 10/07  17:00:00,73.41334037819999,5.767225626619999
 10/07  18:00:00,88.4870534777,6.62872399663
 10/07  19:00:00,96.60696674709999,8.688090588689999
 10/07  20:00:00,102.943713931,16.5936743909
 10/07  21:00:00,100.439950549,12.1903060626
 10/07  22:00:00,75.6575737046,19.9097258604
 10/07  23:00:00,49.552944222,16.7140086487
 10/07  24:00:00,41.7480914468,17.7754705293
 10/08  01:00:00,41.021572243,12.461288785199999
 10/08  02:00:00,35.3965089526,18.5539118654
 10/08  03:00:00,34.849974144499996,18.8580021922
 10/08  04:00:00,36.045734734499995,14.387543835599999
 10/08  05:00:00,39.985377757399995,20.2489866068
 10/08  06:00:00,60.7545724797,19.5595538118
 10/08  07:00:00,77.54351930680001,25.6463647591
 10/08  08:00:00,100.128603809,42.1788830861
 10/08  09:00:00,85.0706191015,48.674989798999995
 10/08  10:00:00,58.315228748900005,49.344736878
 10/08  11:00:00,55.6236180558,48.6797990746
 10/08  12:00:00,55.9092604217,40.878967672600005
 10/08  13:00:00,55.9974919551,43.6600073928
 10/08  14:00:00,56.408011753400004,37.417322565300005
 10/08  15:00:00,56.3147163457,37.8923729519
 10/08  16:00:00,60.2713018479,26.2033978616
 10/08  17:00:00,68.2286983155,8.78018793797
 10/08  18:00:00,84.0831466466,11.3585887099
 10/08  19:00:00,93.11426737379999,12.7041598412
 10/08  20:00:00,99.7440606594,20.7193874624
 10/08  21:00:00,96.8798539707,17.4145142638
 10/08  22:00:00,72.32712139659999,25.269096243099998
 10/08  23:00:00,46.7747697544,27.2234808987
 10/08  24:00:00,39.732440674,15.6141946007
 10/09  01:00:00,39.1753104961,22.025437430900002
 10/09  02:00:00,33.9186292698,18.1392240843
 10/09  03:00:00,33.612876829499996,24.687549934699998
 10/09  04:00:00,35.092720357800005,23.876115684299997
 10/09  05:00:00,39.1496478945,22.7469507608
 10/09  06:00:00,59.873265758900004,22.002739259000002
 10/09  07:00:00,76.1362995474,26.5089568308
 10/09  08:00:00,98.43031063709999,39.0804815826
 10/09  09:00:00,84.0484393416,54.852607632899996
 10/09  10:00:00,58.3946279597,47.5095558078
 10/09  11:00:00,55.841602396099994,39.9277102861
 10/09  12:00:00,55.646727793800004,45.8540757477
 10/09  13:00:00,55.6695614918,37.2516865768
 10/09  14:00:00,56.1473511592,36.0287385818
 10/09  15:00:00,56.0408430222,42.828316547
 10/09  16:00:00,59.7792822652,25.2881743371
 10/09  17:00:00,68.06123915,1.52353989015
 10/09  18:00:00,84.15555579859999,14.722123465
 10/09  19:00:00,93.3313122316,10.3700182992
 10/09  20:00:00,100.35897995,11.754070905799999
 10/09  21:00:00,97.8582763111,18.5189855982
 10/09  22:00:00,73.4495913762,19.2811593545
 10/09  23:00:00,48.1232204621,14.2838004329
 10/09  24:00:00,40.9641419743,14.4928382043
 10/10  01:00:00,37.1464180807,8.91877720405
 10/10  02:00:00,34.606932621300004,14.796606521400001
 10/10  03:00:00,34.2322109205,10.1199126249
 10/10  04:00:00,35.6842413786,16.560298692
 10/10  05:00:00,43.474264371800004,15.958579971199999
 10/10  06:00:00,76.7838752545,20.9488677975
 10/10  07:00:00,96.98357825299999,25.3798436671
 10/10  08:00:00,77.5727537959,33.278898366199996
 10/10  09:00:00,74.01704791899999,44.9183671912
 10/10  10:00:00,54.4642660388,40.3444294843
 10/10  11:00:00,54.363089385100004,45.2854611193
 10/10  12:00:00,54.3996226174,39.8449043786
 10/10  13:00:00,54.596000914099996,42.7714162279
 10/10  14:00:00,54.798837947399996,36.4525067725
 10/10  15:00:00,54.8008039149,37.4306007461
 10/10  16:00:00,58.9579900628,25.631985883000002
 10/10  17:00:00,71.1403736104,7.852319853169999
 10/10  18:00:00,78.9664764947,15.594495800999999
 10/10  19:00:00,90.33840506700001,10.4452015174
 10/10  20:00:00,100.574796555,17.3922303948
 10/10  21:00:00,95.5581781402,17.6560050284
 10/10  22:00:00,68.5968078974,12.0895054045
 10/10  23:00:00,45.960853786,12.6864293328
 10/10  24:00:00,39.7232077966,12.938647057
 10/11  01:00:00,37.4074842561,13.109485586400002
 10/11  02:00:00,34.7307327722,8.44604019366
 10/11  03:00:00,34.334677511399995,14.8693258447
 10/11  04:00:00,35.8071764126,9.24566241052
 10/11  05:00:00,43.625835351199996,20.1596514247
 10/11  06:00:00,77.4183947848,19.3868422656
 10/11  07:00:00,97.6719451882,24.0023979638
 10/11  08:00:00,78.2514752714,26.0185777524
 10/11  09:00:00,74.6866650785,43.5534860891
 10/11  10:00:00,54.9178825922,44.824456353100004
 10/11  11:00:00,54.8210521319,38.201707915300005
 10/11  12:00:00,54.8481956053,44.811632017700006
 10/11  13:00:00,55.302030405,36.2623292113
 10/11  14:00:00,55.512498246499995,35.9000891128
 10/11  15:00:00,56.0101116146,42.1037949902
 10/11  16:00:00,60.8095660401,18.072634070899998
 10/11  17:00:00,73.531521803,11.525841713399998
 10/11  18:00:00,81.2399731089,6.6594999512
 10/11  19:00:00,92.2576351349,13.2162459193
 10/11  20:00:00,102.401636493,8.548764146629999
 10/11  21:00:00,97.3820339762,14.6679366655
 10/11  22:00:00,70.3297349596,14.9114962785
 10/11  23:00:00,47.5312399208,9.33149565724
 10/11  24:00:00,40.9195764635,10.5362202109
 10/12  01:00:00,38.3802990469,5.56559974941
 10/12  02:00:00,35.8552956394,11.4811931985
 10/12  03:00:00,35.4311556299,5.890476812849999
 10/12  04:00:00,36.7731445018,11.7555296095
 10/12  05:00:00,44.721212887700005,11.1739961093
 10/12  06:00:00,78.5813582974,17.1032293305
 10/12  07:00:00,98.6002113542,22.4942497615
 10/12  08:00:00,79.2953305803,30.710352952199997
 10/12  09:00:00,76.07009631529999,42.1992015463
 10/12  10:00:00,56.7739401865,36.8410471573
 10/12  11:00:00,56.8177252923,41.976300968000004
 10/12  12:00:00,57.0599159055,36.1511609652
 10/12  13:00:00,57.4875172451,41.3538960991
 10/12  14:00:00,57.9545293018,35.5262348515
 10/12  15:00:00,58.1369707446,35.5264288134
 10/12  16:00:00,62.6130107062,23.7871612414
 10/12  17:00:00,75.0976818638,5.77299763
 10/12  18:00:00,82.65338358449999,11.653359077100001
 10/12  19:00:00,93.29669240770001,6.756687491240001
 10/12  20:00:00,102.99920563799999,13.5486885992
 10/12  21:00:00,97.80648811959999,14.0910775796
 10/12  22:00:00,70.4899348563,15.288923056
 10/12  23:00:00,46.8298649423,7.371006221989999
 10/12  24:00:00,40.1898028381,14.229756719700001
 10/13  01:00:00,37.8531313932,13.956732956199998
 10/13  02:00:00,35.479878314000004,7.5293498665100005
 10/13  03:00:00,35.3522998236,11.9705591824
 10/13  04:00:00,36.8050668824,11.573886174
 10/13  05:00:00,44.7554306497,11.0115450599
 10/13  06:00:00,79.153396125,15.3034745778
 10/13  07:00:00,99.5455898031,19.7056627123
 10/13  08:00:00,80.2593517706,23.5332578212
 10/13  09:00:00,77.1458794227,41.446265626599995
 10/13  10:00:00,58.0456658125,41.4299245224
 10/13  11:00:00,58.288883327200004,35.5294240613
 10/13  12:00:00,60.2758567929,41.354319574
 10/13  13:00:00,60.1448417292,35.5264877904
 10/13  14:00:00,61.5014454396,41.3501133659
 10/13  15:00:00,63.4403095893,35.5284280412
 10/13  16:00:00,67.7269350726,23.7872914094
 10/13  17:00:00,80.1027046048,5.77315274184
 10/13  18:00:00,86.56131482709999,11.5806784823
 10/13  19:00:00,96.75055011370002,5.78403151582
 10/13  20:00:00,105.98391125,11.561560408399998
 10/13  21:00:00,100.21372793299999,11.820312984700001
 10/13  22:00:00,72.65813800069999,6.817685930669999
 10/13  23:00:00,49.3429215983,7.58102597515
 10/13  24:00:00,42.7533672,7.50800845648
 10/14  01:00:00,43.0795229011,2.3399460395099996
 10/14  02:00:00,37.3096192104,8.92078785137
 10/14  03:00:00,36.9466102292,8.25712371748
 10/14  04:00:00,38.1351462735,3.1273880106800003
 10/14  05:00:00,41.816610729000004,10.066450060800001
 10/14  06:00:00,63.3375354657,12.425701019000002
 10/14  07:00:00,80.77678252770001,19.8547996438
 10/14  08:00:00,104.452844128,30.7459141493
 10/14  09:00:00,89.69601950010001,47.936560121899994
 10/14  10:00:00,63.82837818229999,41.7525846702
 10/14  11:00:00,62.7945986146,35.562599541
 10/14  12:00:00,63.886953741800006,41.3543238469
 10/14  13:00:00,65.5562012416,35.5305837485
 10/14  14:00:00,67.5028782733,41.3502400504
 10/14  15:00:00,67.3884170835,35.5286414901
 10/14  16:00:00,70.731495704,23.787453218400003
 10/14  17:00:00,77.9821605667,5.7672654879900005
 10/14  18:00:00,91.8429776511,5.77309984574
 10/14  19:00:00,99.6400337979,5.78394221024
 10/14  20:00:00,105.85008048799999,12.107195774300001
 10/14  21:00:00,102.93095408200001,7.4896244349000005
 10/14  22:00:00,78.1647913832,13.569534928800001
 10/14  23:00:00,52.1621995658,8.407577101080001
 10/14  24:00:00,44.224389735699994,9.48950101541
 10/15  01:00:00,43.2827298126,9.9307574493
 10/15  02:00:00,37.6710557206,3.6207891722400003
 10/15  03:00:00,36.898578869299996,10.028538536100001
 10/15  04:00:00,37.7010061002,6.0318706935
 10/15  05:00:00,41.3175383866,12.9794165301
 10/15  06:00:00,62.3343021978,19.5892670043
 10/15  07:00:00,79.61282267850001,19.4167577603
 10/15  08:00:00,102.847910754,32.481122334
 10/15  09:00:00,88.48871373799999,48.1158036449
 10/15  10:00:00,63.0429461052,41.7013266482
 10/15  11:00:00,61.5541556436,41.402493859
 10/15  12:00:00,62.447993405,35.5298559595
 10/15  13:00:00,62.834982840200006,35.5254461869
 10/15  14:00:00,64.2083942749,41.3558890292
 10/15  15:00:00,64.0051877129,35.5248264029
 10/15  16:00:00,67.41088620720001,23.7872813386
 10/15  17:00:00,74.28294332979999,5.76795151294
 10/15  18:00:00,90.4410154534,5.79508543724
 10/15  19:00:00,96.1007650395,8.28064114842
 10/15  20:00:00,101.933008295,17.8954343308
 10/15  21:00:00,98.87256483590001,15.0119601587
 10/15  22:00:00,74.2654715813,22.972965789499998
 10/15  23:00:00,48.5259192639,25.2872167328
 10/15  24:00:00,40.9484310264,14.983311608
 10/16  01:00:00,36.9785848929,21.2208383232
 10/16  02:00:00,34.433939323699995,16.9045019687
 10/16  03:00:00,33.9399540334,25.6381184916
 10/16  04:00:00,35.2229080946,27.1914242718
 10/16  05:00:00,42.7682019058,27.59389084
 10/16  06:00:00,74.3934441367,33.3399635613
 10/16  07:00:00,93.4150388893,34.276064656399996
 10/16  08:00:00,75.5091526212,38.1250933211
 10/16  09:00:00,72.9947861244,46.5621462163
 10/16  10:00:00,54.9886782598,38.5178712971
 10/16  11:00:00,56.0402777932,42.3949151638
 10/16  12:00:00,56.3762120664,36.3481615086
 10/16  13:00:00,57.234748830200004,41.3592993735
 10/16  14:00:00,58.2034745036,35.527643504000004
 10/16  15:00:00,59.023801758299996,39.6287948687
 10/16  16:00:00,63.4729081101,19.7425036377
 10/16  17:00:00,75.1233689609,5.77340990605
 10/16  18:00:00,83.7032986027,12.509608265499999
 10/16  19:00:00,92.0761219516,14.357649866400001
 10/16  20:00:00,100.84766425,13.1301428622
 10/16  21:00:00,95.0023765077,21.0275554123
 10/16  22:00:00,67.9248208406,22.925626155
 10/16  23:00:00,44.9971960275,19.9904311572
 10/16  24:00:00,38.5081371748,22.1473612827
 10/17  01:00:00,36.1988635769,17.4710980776
 10/17  02:00:00,33.840412187800005,24.6120391484
 10/17  03:00:00,33.4486993997,20.834330071900002
 10/17  04:00:00,34.8117220051,27.518474498899998
 10/17  05:00:00,42.4498694633,26.8942913691
 10/17  06:00:00,74.101105422,33.070722273099996
 10/17  07:00:00,92.5221498464,37.660208912600005
 10/17  08:00:00,74.5551108013,41.870279503
 10/17  09:00:00,72.3837266276,47.9016081005
 10/17  10:00:00,54.632860023999996,44.457856673
 10/17  11:00:00,55.604659059700005,36.5915910597
 10/17  12:00:00,56.8580031175,35.850134701500004
 10/17  13:00:00,58.3088938561,41.359860243600004
 10/17  14:00:00,59.6749855831,35.5279926055
 10/17  15:00:00,60.3153682967,41.3569046687
 10/17  16:00:00,63.7710989674,21.3266652379
 10/17  17:00:00,75.7959935212,8.2380276079
 10/17  18:00:00,84.6137053022,11.581971483199998
 10/17  19:00:00,93.6485535052,5.784604794319999
 10/17  20:00:00,103.120630672,5.9100997480999995
 10/17  21:00:00,97.77483672209999,17.8399608802
 10/17  22:00:00,71.1010050509,6.40571069911
 10/17  23:00:00,48.5346071408,6.495018331849999
 10/17  24:00:00,41.987402936,6.997460606919999
 10/18  01:00:00,39.2652134465,2.21085441164
 10/18  02:00:00,36.3748748812,9.74809093557
 10/18  03:00:00,35.5919969523,11.5554976711
 10/18  04:00:00,36.5727493226,7.570654744339999
 10/18  05:00:00,44.0656507286,20.0819114205
 10/18  06:00:00,77.10171440890001,20.9023875324
 10/18  07:00:00,96.4572039389,25.740513795300004
 10/18  08:00:00,77.339247058,28.699232761199998
 10/18  09:00:00,75.2121600436,42.489249831399995
 10/18  10:00:00,57.479421462299996,41.7041808924
 10/18  11:00:00,58.83984517020001,35.5333321066
 10/18  12:00:00,60.272215995399996,41.3603215351
 10/18  13:00:00,61.6689400099,35.5305766908
 10/18  14:00:00,63.419628477299995,41.3576787095
 10/18  15:00:00,63.7992610233,35.530667211
 10/18  16:00:00,68.0110281972,23.7875609242
 10/18  17:00:00,79.4455086401,5.77372281925
 10/18  18:00:00,86.941095051,11.582791413199999
 10/18  19:00:00,94.65147086629999,6.1074633791499995
 10/18  20:00:00,103.428235177,13.740902522899999
 10/18  21:00:00,97.55356428450001,15.497177673800001
 10/18  22:00:00,70.3020611745,17.565083348399998
 10/18  23:00:00,47.482104025699996,12.5294731791
 10/18  24:00:00,40.918882304200004,6.79912554054
 10/19  01:00:00,38.0910852252,13.893813551800001
 10/19  02:00:00,35.4096191285,8.15493511764
 10/19  03:00:00,34.971333741399995,13.649401700899999
 10/19  04:00:00,36.2740529634,13.922165554200001
 10/19  05:00:00,43.9961256821,13.448711341300001
 10/19  06:00:00,77.3576201428,17.59304255
 10/19  07:00:00,99.1508163784,21.9603398142
 10/19  08:00:00,78.2922516708,30.158402626300003
 10/19  09:00:00,76.0637421515,41.4546379959
 10/19  10:00:00,58.9976814666,41.4107798403
 10/19  11:00:00,60.9579386887,35.5327902341
 10/19  12:00:00,63.2019999175,35.5279816937
 10/19  13:00:00,64.8020741844,41.3609228086
 10/19  14:00:00,65.5533592204,35.5290724129
 10/19  15:00:00,65.56642306,41.3586844818
 10/19  16:00:00,68.6199647976,18.045
 10/19  17:00:00,79.0408012406,11.527623626199999
 10/19  18:00:00,86.8103586335,11.600381888
 10/19  19:00:00,94.5715993636,7.186456271960001
 10/19  20:00:00,103.34418075100001,9.145760645860001
 10/19  21:00:00,97.4070995687,22.7974999294
 10/19  22:00:00,70.2296140306,12.3866609287
 10/19  23:00:00,47.320136794700005,13.5418290431
 10/19  24:00:00,40.490433855700005,15.0220769821
 10/20  01:00:00,37.672448080500004,11.2590332774
 10/20  02:00:00,35.0926975698,17.0416809948
 10/20  03:00:00,34.6062352071,17.8193054816
 10/20  04:00:00,35.9046498916,13.0081126401
 10/20  05:00:00,43.618896318800005,23.8166565528
 10/20  06:00:00,76.313517848,23.092259333
 10/20  07:00:00,97.668949482,28.2939280211
 10/20  08:00:00,76.3433626524,30.9244773947
 10/20  09:00:00,72.83163024529999,48.6061760282
 10/20  10:00:00,53.8998929926,49.0079047101
 10/20  11:00:00,53.7764248111,47.8568792037
 10/20  12:00:00,53.6389979171,41.882919276799996
 10/20  13:00:00,53.5234356158,46.879196604899995
 10/20  14:00:00,53.2298846503,41.9340293536
 10/20  15:00:00,52.788041453999995,43.7650484862
 10/20  16:00:00,56.5938667897,31.8940892352
 10/20  17:00:00,68.1696924559,14.0594194649
 10/20  18:00:00,77.64847438460001,22.7699829923
 10/20  19:00:00,86.78322547290001,23.0824084791
 10/20  20:00:00,96.54982580129999,19.4665677008
 10/20  21:00:00,91.3445423292,26.3789960385
 10/20  22:00:00,64.6890994476,27.206329829899996
 10/20  23:00:00,43.0067524934,22.3490368476
 10/20  24:00:00,37.2832584627,22.6831716723
 10/21  01:00:00,38.305923075900004,17.1216244525
 10/21  02:00:00,33.2784648188,23.0627463703
 10/21  03:00:00,33.0814150912,17.5169687034
 10/21  04:00:00,34.5544934263,23.4238420983
 10/21  05:00:00,38.4211627831,23.023694924
 10/21  06:00:00,59.1835928529,22.3591083592
 10/21  07:00:00,77.5048455143,32.464133505999996
 10/21  08:00:00,97.57519410309999,39.3479919522
 10/21  09:00:00,82.8886961624,56.3540197778
 10/21  10:00:00,56.5817751933,51.864485809799994
 10/21  11:00:00,53.5982953114,52.2802724534
 10/21  12:00:00,53.4567869,46.942252760500004
 10/21  13:00:00,53.7784136474,49.361918805600006
 10/21  14:00:00,53.807888621800004,42.8302653377
 10/21  15:00:00,53.4974058987,43.990066803299996
 10/21  16:00:00,57.114683881800005,32.081081349899996
 10/21  17:00:00,64.8043647866,14.149792771700001
 10/21  18:00:00,82.06477145,16.5646641484
 10/21  19:00:00,89.1253092309,22.566404572899998
 10/21  20:00:00,95.93305777469999,18.5634740977
 10/21  21:00:00,93.9386889555,25.2919317626
 10/21  22:00:00,69.7977190733,26.107884803
 10/21  23:00:00,45.1581187197,21.127916608099998
 10/21  24:00:00,38.4200184793,21.3438559481
 10/22  01:00:00,38.2769631601,15.7964592295
 10/22  02:00:00,33.2483089552,21.6987259453
 10/22  03:00:00,33.059690945999996,21.8529112658
 10/22  04:00:00,34.3944555155,18.3088876614
 10/22  05:00:00,38.3886491495,24.7682636648
 10/22  06:00:00,59.1161575164,29.811916615500003
 10/22  07:00:00,77.2608358407,28.409769892600004
 10/22  08:00:00,96.7855259999,40.9629914007
 10/22  09:00:00,82.1717610699,57.975935211899994
 10/22  10:00:00,56.8722725605,51.0554320377
 10/22  11:00:00,55.1130669209,47.38789612
 10/22  12:00:00,55.195306598900004,40.0488653263
 10/22  13:00:00,54.8593093921,43.5604772611
 10/22  14:00:00,54.5685271192,38.628661299
 10/22  15:00:00,54.559168840699996,45.1343575628
 10/22  16:00:00,58.1829955106,21.5065635002
 10/22  17:00:00,66.30636469779999,9.22022806133
 10/22  18:00:00,83.7754791557,17.9591940602
 10/22  19:00:00,90.84442902379999,14.7245996883
 10/22  20:00:00,97.8563430574,15.7586868963
 10/22  21:00:00,95.2783306183,23.522282289299998
 10/22  22:00:00,70.8340535175,25.627294502399998
 10/22  23:00:00,45.7377728336,20.7697269913
 10/22  24:00:00,38.937232441300004,21.0588494624
 10/23  01:00:00,35.4766785905,22.2834417123
 10/23  02:00:00,33.1964943852,18.3642388374
 10/23  03:00:00,32.8939770887,25.998519533899998
 10/23  04:00:00,34.3868690898,25.8144632861
 10/23  05:00:00,42.0284210159,25.5063743674
 10/23  06:00:00,73.81271256229999,31.1110012382
 10/23  07:00:00,94.2365549317,34.9273007632
 10/23  08:00:00,73.9849967161,42.3901620827
 10/23  09:00:00,70.8550269675,53.190371855
 10/23  10:00:00,52.1640628922,53.879749679
 10/23  11:00:00,51.8938029495,48.3528688275
 10/23  12:00:00,51.9070020456,52.0496972424
 10/23  13:00:00,52.073464665,44.016657565699994
 10/23  14:00:00,52.233730800500005,48.1233302185
 10/23  15:00:00,52.043603918900004,42.846585591
 10/23  16:00:00,55.781138426700004,31.8316317154
 10/23  17:00:00,67.2349492567,15.4393531008
 10/23  18:00:00,76.4337271258,24.656393076100002
 10/23  19:00:00,85.07587471640001,20.099033438
 10/23  20:00:00,94.5505985477,27.8997632558
 10/23  21:00:00,89.63586908719999,28.381736127199996
 10/23  22:00:00,63.26249222,30.185272561999998
 10/23  23:00:00,42.0216219809,25.9144003585
 10/23  24:00:00,36.354667130900005,21.6415079274
 10/24  01:00:00,34.4098889816,28.451331877399998
 10/24  02:00:00,32.0844245688,23.2920795545
 10/24  03:00:00,31.993097294800002,28.2082044979
 10/24  04:00:00,33.5531812461,27.7791674525
 10/24  05:00:00,41.2889444372,25.880103434899997
 10/24  06:00:00,73.3094029783,29.985382805900002
 10/24  07:00:00,93.70298517129999,34.7191671215
 10/24  08:00:00,73.4093528933,41.733810701100005
 10/24  09:00:00,70.226495647,52.882398952399996
 10/24  10:00:00,51.5261384981,54.092665562200004
 10/24  11:00:00,51.4290688688,48.353731322899996
 10/24  12:00:00,51.8229957565,51.37245686560001
 10/24  13:00:00,51.6887055746,44.61273460859999
 10/24  14:00:00,51.6675518753,49.5141844574
 10/24  15:00:00,51.5795930515,44.193567342799994
 10/24  16:00:00,55.4164910287,32.3397872518
 10/24  17:00:00,66.9349128162,15.4168633696
 10/24  18:00:00,76.1548469802,24.6578059502
 10/24  19:00:00,84.8138926,25.4217418082
 10/24  20:00:00,94.25296239219999,20.7947407328
 10/24  21:00:00,89.30659152950001,26.7810044179
 10/24  22:00:00,63.1877037711,27.571305157399998
 10/24  23:00:00,41.9577927325,22.672633014400002
 10/24  24:00:00,36.3155571507,23.9502712818
 10/25  01:00:00,34.377836294299996,20.18958857
 10/25  02:00:00,32.3052206081,25.783874194299997
 10/25  03:00:00,32.1443457083,21.857731613400002
 10/25  04:00:00,33.613044600900004,30.3020109676
 10/25  05:00:00,41.384003885300004,27.9488424041
 10/25  06:00:00,73.1352885713,38.4241436881
 10/25  07:00:00,93.3770611442,37.1199154206
 10/25  08:00:00,72.995000162,38.224202445799996
 10/25  09:00:00,69.9943878157,53.955988755
 10/25  10:00:00,51.6506123972,52.9748899346
 10/25  11:00:00,52.0904924262,50.8566366428
 10/25  12:00:00,52.1035625563,42.6359778459
 10/25  13:00:00,52.1404417342,46.33219143189999
 10/25  14:00:00,51.989909563199994,40.8368879702
 10/25  15:00:00,51.6983880925,48.397160667
 10/25  16:00:00,55.5311252504,30.720142203600002
 10/25  17:00:00,67.2054010643,12.8495699652
 10/25  18:00:00,78.22508514260001,22.4739989206
 10/25  19:00:00,84.98703983819999,18.0349157723
 10/25  20:00:00,94.6040694713,24.807360948400003
 10/25  21:00:00,89.6527776784,25.018536833800002
 10/25  22:00:00,63.2791883629,21.0558456063
 10/25  23:00:00,41.937229342100004,23.5542216461
 10/25  24:00:00,36.2051712941,26.6030961286
 10/26  01:00:00,34.209567403099996,30.614385920900002
 10/26  02:00:00,32.0410357792,27.674997767199997
 10/26  03:00:00,31.9522368706,34.300522814299995
 10/26  04:00:00,33.5987723139,34.794929482600004
 10/26  05:00:00,41.371990699099996,35.4393236215
 10/26  06:00:00,72.6117059711,41.2441018124
 10/26  07:00:00,92.62586332309999,46.2803407048
 10/26  08:00:00,72.3638775349,50.7715978758
 10/26  09:00:00,69.6661873429,58.801232332
 10/26  10:00:00,51.7421707255,56.6795285655
 10/26  11:00:00,51.9426877459,46.5770321825
 10/26  12:00:00,52.035275981000005,48.514756938299996
 10/26  13:00:00,52.31878661060001,40.642037634299996
 10/26  14:00:00,52.9794988104,43.906890176000005
 10/26  15:00:00,53.009755703100005,38.5645775615
 10/26  16:00:00,56.5525446874,27.5077234239
 10/26  17:00:00,67.9612987437,11.171255886600001
 10/26  18:00:00,79.2097143116,20.6087599349
 10/26  19:00:00,85.95733398760001,22.9125214058
 10/26  20:00:00,95.3853182819,20.705982991
 10/26  21:00:00,90.12545042229999,27.711928831599998
 10/26  22:00:00,63.8194920487,27.5980816894
 10/26  23:00:00,42.3936139775,22.180243000900003
 10/26  24:00:00,36.7123204405,23.5164045733
 10/27  01:00:00,34.8362556847,17.6437746117
 10/27  02:00:00,32.7042148656,24.012759746900002
 10/27  03:00:00,32.53353446,24.907640871199998
 10/27  04:00:00,34.0385562445,19.4233818392
 10/27  05:00:00,41.7455499503,30.140894768400003
 10/27  06:00:00,73.5780457028,29.3158715043
 10/27  07:00:00,93.8332584326,35.3893384748
 10/27  08:00:00,73.4033305686,43.7948079956
 10/27  09:00:00,70.52309925899999,52.671222985600004
 10/27  10:00:00,52.5364237946,50.584383048199996
 10/27  11:00:00,52.9581503928,42.775855005100006
 10/27  12:00:00,52.596841687600005,48.0442822845
 10/27  13:00:00,52.6945534782,39.7715873308
 10/27  14:00:00,53.257896036700004,43.673736846000004
 10/27  15:00:00,53.612298037399995,38.5262633663
 10/27  16:00:00,57.639759159700006,26.782585339
 10/27  17:00:00,69.0615904062,10.1092350835
 10/27  18:00:00,79.69740958130001,22.1240059186
 10/27  19:00:00,86.44961413700001,24.6327977568
 10/27  20:00:00,96.07750341399999,20.9753680845
 10/27  21:00:00,90.64870138209999,28.4587576073
 10/27  22:00:00,64.0197236697,30.012679443200003
 10/27  23:00:00,42.4835574303,25.236871966
 10/27  24:00:00,36.670663377800004,27.9195188856
 10/28  01:00:00,37.5575909677,25.105092124099997
 10/28  02:00:00,32.597567769099996,30.6400032183
 10/28  03:00:00,32.4810466073,23.4379213735
 10/28  04:00:00,33.969360056999996,28.7960410068
 10/28  05:00:00,37.97621689,29.4123372932
 10/28  06:00:00,58.719603668199994,34.0286152017
 10/28  07:00:00,76.6676812465,31.9380843532
 10/28  08:00:00,95.91587837639999,44.7499679129
 10/28  09:00:00,81.624278405,60.4506279584
 10/28  10:00:00,55.998986271099994,53.6752050224
 10/28  11:00:00,53.5448683126,52.2018298092
 10/28  12:00:00,53.453421882700006,51.3302767394
 10/28  13:00:00,53.5467581202,41.5614308496
 10/28  14:00:00,53.6797204221,45.8467924746
 10/28  15:00:00,53.624491391199996,39.793590034
 10/28  16:00:00,57.557815042200005,27.9023144686
 10/28  17:00:00,65.2476015471,10.4591301052
 10/28  18:00:00,83.9618211026,15.744378086400001
 10/28  19:00:00,88.4555622279,25.3563802967
 10/28  20:00:00,94.6378908942,23.9016971633
 10/28  21:00:00,92.2260499175,32.4696965428
 10/28  22:00:00,68.46507040590001,34.3474384888
 10/28  23:00:00,44.2761540949,29.5850789486
 10/28  24:00:00,37.546121166300004,31.0849345892
 10/29  01:00:00,37.3452358161,27.485054685799998
 10/29  02:00:00,32.3231316347,35.3522251375
 10/29  03:00:00,32.3094495404,36.5932622239
 10/29  04:00:00,34.0322597865,33.0334792694
 10/29  05:00:00,38.330549089,39.2389009901
 10/29  06:00:00,58.815100377600004,44.1332785705
 10/29  07:00:00,76.3172116138,42.6574735696
 10/29  08:00:00,94.5845055642,60.419947603100006
 10/29  09:00:00,81.0157578152,58.0787963704
 10/29  10:00:00,56.454789233199996,57.104279625100006
 10/29  11:00:00,54.4406400935,41.2686291473
 10/29  12:00:00,54.839165043,46.1147831018
 10/29  13:00:00,55.0809216096,42.6974095589
 10/29  14:00:00,55.6439424125,36.0200298889
 10/29  15:00:00,55.808070059399995,42.7571316678
 10/29  16:00:00,59.592292631499994,19.503746618
 10/29  17:00:00,67.3345589047,7.3645932070399995
 10/29  18:00:00,86.2070412976,10.4372614398
 10/29  19:00:00,90.7441514952,20.5305672384
 10/29  20:00:00,96.96471780440001,18.4640928608
 10/29  21:00:00,94.3284022743,26.0413065399
 10/29  22:00:00,70.04806270569999,27.931368209099997
 10/29  23:00:00,45.3212965149,23.477028515300002
 10/29  24:00:00,38.5520411532,23.8506423104
 10/30  01:00:00,35.0540756852,26.5363505155
 10/30  02:00:00,32.7965432928,22.4182538025
 10/30  03:00:00,32.59236905,28.4787919777
 10/30  04:00:00,34.0523088029,28.7692227225
 10/30  05:00:00,41.664937459,29.128426444299997
 10/30  06:00:00,73.2786219544,34.754759451
 10/30  07:00:00,93.4467661366,39.7356706523
 10/30  08:00:00,73.1873968622,44.8705287218
 10/30  09:00:00,70.67366436649999,52.2092745271
 10/30  10:00:00,53.134185237299995,47.287591481599996
 10/30  11:00:00,53.8519168017,43.8966212026
 10/30  12:00:00,54.3596356558,38.0039919215
 10/30  13:00:00,55.332051476800004,41.3819632266
 10/30  14:00:00,56.2403911384,35.5353396397
 10/30  15:00:00,56.542695718000004,41.3739206506
 10/30  16:00:00,60.6622596129,23.7886448808
 10/30  17:00:00,72.2252159445,5.77931530631
 10/30  18:00:00,82.7712589692,13.5165100348
 10/30  19:00:00,89.7251169087,8.466767853210001
 10/30  20:00:00,99.27107454889999,16.1602279451
 10/30  21:00:00,93.97078014979999,17.2798274637
 10/30  22:00:00,67.3484054783,17.7592816793
 10/30  23:00:00,44.8754101389,13.9148312677
 10/30  24:00:00,38.822374371799995,13.944807655999998
 10/31  01:00:00,36.662634965,7.95481087083
 10/31  02:00:00,34.249710850700005,13.947583052899999
 10/31  03:00:00,33.9681783994,8.43282830601
 10/31  04:00:00,35.4346589317,14.36999342
 10/31  05:00:00,43.2371788166,13.8378334085
 10/31  06:00:00,76.1558971107,24.6676000985
 10/31  07:00:00,97.6904678385,24.369095523000002
 10/31  08:00:00,76.817047709,26.1328927459
 10/31  09:00:00,73.8279667338,49.0276613037
 10/31  10:00:00,55.638261148000005,43.30526070649999
 10/31  11:00:00,55.82723858520001,36.149098189600004
 10/31  12:00:00,55.8091079011,42.5409840974
 10/31  13:00:00,56.0934707293,35.5510264693
 10/31  14:00:00,56.1199472669,41.3723855998
 10/31  15:00:00,56.0529808901,35.549647976399996
 10/31  16:00:00,59.8850545775,24.2159864189
 10/31  17:00:00,72.32969713359999,6.067489203099999
 10/31  18:00:00,83.5685806256,13.384769956400001
 10/31  19:00:00,90.5707693045,14.6784707871
 10/31  20:00:00,100.42856607899999,10.7560683327
 10/31  21:00:00,95.2418574635,22.7179910236
 10/31  22:00:00,68.2878126933,11.592821407899999
 10/31  23:00:00,45.6166568691,12.5934431425
 10/31  24:00:00,39.343613237199996,13.2758797746
 11/01  01:00:00,37.092698236,13.959317473699999
 11/01  02:00:00,34.6508065306,8.84662686129
 11/01  03:00:00,34.3311806331,15.1818124473
 11/01  04:00:00,35.7665747062,15.716419749100002
 11/01  05:00:00,43.546284061499996,15.472139578299998
 11/01  06:00:00,76.8411586559,20.7119658189
 11/01  07:00:00,98.8389283693,25.261692656799998
 11/01  08:00:00,77.5026696774,33.2557597546
 11/01  09:00:00,74.1697195308,44.0977440551
 11/01  10:00:00,54.7827447239,44.8663698863
 11/01  11:00:00,54.483591900200004,44.7996753988
 11/01  12:00:00,54.447715224700005,39.6729932463
 11/01  13:00:00,54.5211615988,42.864334664699996
 11/01  14:00:00,54.635204905100004,36.5279268234
 11/01  15:00:00,54.4200967414,43.5498892492
 11/01  16:00:00,58.3392874372,26.028879079299998
 11/01  17:00:00,70.4897815743,8.16295390916
 11/01  18:00:00,81.8929066707,16.8615845157
 11/01  19:00:00,89.0748370294,12.5523706348
 11/01  20:00:00,98.9352367642,20.0776498822
 11/01  21:00:00,93.7639533167,20.4944822837
 11/01  22:00:00,66.8859414823,20.872065811400002
 11/01  23:00:00,44.485711746499994,15.9621152727
 11/01  24:00:00,38.2711324605,16.457501865
 11/02  01:00:00,36.1407069957,11.141663015
 11/02  02:00:00,33.8827762263,17.6439172288
 11/02  03:00:00,33.6516585806,12.700092818900002
 11/02  04:00:00,35.096045621,18.997086351700002
 11/02  05:00:00,42.7901426221,24.3971525896
 11/02  06:00:00,74.99373361890001,24.4901088288
 11/02  07:00:00,96.3492063831,29.5645687553
 11/02  08:00:00,77.0143218982,37.8771481315
 11/02  09:00:00,71.80478739600001,49.6516601632
 11/02  10:00:00,52.998199071,50.857963248900006
 11/02  11:00:00,52.65619189979999,45.3739230666
 11/02  12:00:00,52.5408196172,50.04677379899999
 11/02  13:00:00,52.526201665900004,48.1988868193
 11/02  14:00:00,52.4274981921,44.269060585
 11/02  15:00:00,52.1603986658,50.402204253
 11/02  16:00:00,56.0182693093,26.473425205
 11/02  17:00:00,67.6475298117,19.8940386479
 11/02  18:00:00,78.7348265487,23.201005040100004
 11/02  19:00:00,85.711495887,17.911526066
 11/02  20:00:00,95.5798499011,25.832157245599998
 11/02  21:00:00,90.2293442666,27.9622801575
 11/02  22:00:00,63.5162501292,29.352139169
 11/02  23:00:00,42.281772293,24.5490145458
 11/02  24:00:00,36.6384148669,19.5339621171
 11/03  01:00:00,34.738777215300004,25.8829059337
 11/03  02:00:00,32.553800742600004,26.929514386999998
 11/03  03:00:00,32.345407100500005,22.3132981171
 11/03  04:00:00,33.811952311999995,28.7918279889
 11/03  05:00:00,41.4700810358,28.713362916599998
 11/03  06:00:00,73.2466949568,40.581068647399995
 11/03  07:00:00,93.43949335459999,37.9901487984
 11/03  08:00:00,74.93773321649999,39.3622489582
 11/03  09:00:00,69.738998041,63.354417890600004
 11/03  10:00:00,51.1551443655,58.5821803537
 11/03  11:00:00,50.973211426599995,51.7126590025
 11/03  12:00:00,50.99336672,54.279146828900004
 11/03  13:00:00,51.2115370898,45.9989399674
 11/03  14:00:00,51.2727367418,51.0306358737
 11/03  15:00:00,51.059002175299995,52.140108373500006
 11/03  16:00:00,54.8675406397,28.684254993499998
 11/03  17:00:00,66.4155359575,17.3811296793
 11/03  18:00:00,77.45709132649999,32.3975884517
 11/03  19:00:00,84.071787426,22.2752738084
 11/03  20:00:00,93.11459447290001,31.0712472786
 11/03  21:00:00,87.82074010129999,32.1802120191
 11/03  22:00:00,62.3429145821,33.2038727804
 11/03  23:00:00,41.2505618848,28.828829200500003
 11/03  24:00:00,35.7748526588,24.707833327600003
 11/04  01:00:00,36.8691495079,31.9534037425
 11/04  02:00:00,32.0538761152,33.8251392668
 11/04  03:00:00,32.063371076100005,29.975196884299997
 11/04  04:00:00,33.7073104208,37.767380973
 11/04  05:00:00,38.0272543955,38.9890131533
 11/04  06:00:00,58.45758032689999,40.1438645671
 11/04  07:00:00,75.8771586458,50.7989285204
 11/04  08:00:00,95.9349078664,57.9997873636
 11/04  09:00:00,79.9271255011,73.3577325352
 11/04  10:00:00,55.1702305697,64.5860121046
 11/04  11:00:00,52.7205451593,62.166184990699996
 11/04  12:00:00,52.4803309117,62.1946307617
 11/04  13:00:00,52.3164639231,59.4812525878
 11/04  14:00:00,52.292726635600005,52.463160758
 11/04  15:00:00,51.9016504562,59.2964482537
 11/04  16:00:00,55.537161492799996,35.6558397553
 11/04  17:00:00,62.9060415125,23.864488755900002
 11/04  18:00:00,81.5638568422,33.925568126
 11/04  19:00:00,85.99499369120001,33.0156611344
 11/04  20:00:00,92.05741539530001,42.0859782454
 11/04  21:00:00,89.9524326446,36.6235659216
 11/04  22:00:00,66.97961145229999,44.743175036000004
 11/04  23:00:00,43.6818289544,46.8549805032
 11/04  24:00:00,37.8091552729,42.6740826594
 11/05  01:00:00,39.0934650369,38.7045346305
 11/05  02:00:00,36.391744688,46.3189746316
 11/05  03:00:00,37.7526639561,42.4520806125
 11/05  04:00:00,40.3515774121,49.618000671400004
 11/05  05:00:00,45.4243739645,50.229394241099996
 11/05  06:00:00,64.8322957769,56.5151862605
 11/05  07:00:00,79.2329593457,52.4926175351
 11/05  08:00:00,96.4794187176,68.0062237504
 11/05  09:00:00,80.8679438825,69.556244895
 11/05  10:00:00,57.43257788729999,71.4009140121
 11/05  11:00:00,54.4204062271,61.0009440311
 11/05  12:00:00,53.5635884251,54.091544973599994
 11/05  13:00:00,52.8840832879,57.5143328816
 11/05  14:00:00,52.433526477600005,56.0891413851
 11/05  15:00:00,51.910868323100004,53.7891570029
 11/05  16:00:00,55.464126020500004,40.6983023803
 11/05  17:00:00,62.7240023367,23.271469837199998
 11/05  18:00:00,81.2800618526,26.9401246566
 11/05  19:00:00,85.93155233819999,33.9314978162
 11/05  20:00:00,92.2534981039,29.2267593972
 11/05  21:00:00,89.9377578752,35.316473274
 11/05  22:00:00,66.88591333869999,37.5131861415
 11/05  23:00:00,43.450544457700005,33.0510481178
 11/05  24:00:00,37.3302188803,33.205156723099996
 11/06  01:00:00,35.9758445462,33.5251901922
 11/06  02:00:00,34.4790203661,28.1114078791
 11/06  03:00:00,33.0481825467,34.2632269849
 11/06  04:00:00,33.598184103200005,34.3829030942
 11/06  05:00:00,35.5945690813,29.1109880027
 11/06  06:00:00,43.1486798118,40.154174525900004
 11/06  07:00:00,72.6580839767,39.370927409699995
 11/06  08:00:00,86.79724982319999,41.9329960106
 11/06  09:00:00,72.3365868248,47.501756880100004
 11/06  10:00:00,69.2364955617,59.1750348102
 11/06  11:00:00,51.5610434884,60.2174147579
 11/06  12:00:00,51.82344034850001,59.5093715691
 11/06  13:00:00,51.5501388762,57.59832129350001
 11/06  14:00:00,51.5687174599,50.1682629421
 11/06  15:00:00,51.19165171939999,54.161478717600005
 11/06  16:00:00,50.781990630699994,48.8443741484
 11/06  17:00:00,54.4171640287,37.7393941762
 11/06  18:00:00,69.2345276467,21.338702003399998
 11/06  19:00:00,80.09265050239999,31.656421384899996
 11/06  20:00:00,82.8104214265,35.3708611196
 11/06  21:00:00,91.80604106870001,33.949295896399995
 11/06  22:00:00,86.3813917263,47.8654088137
 11/06  23:00:00,61.2248091678,43.3694398954
 11/06  24:00:00,41.0650087592,34.586044450900005
 11/07  01:00:00,36.9152357693,40.8056691341
 11/07  02:00:00,37.052256958,42.5024299242
 11/07  03:00:00,36.5543216866,44.322903054899996
 11/07  04:00:00,37.4654538663,39.7992391009
 11/07  05:00:00,39.8696503141,46.8525615287
 11/07  06:00:00,47.8290783745,47.399745719399995
 11/07  07:00:00,74.2950673242,57.0061957613
 11/07  08:00:00,86.95138074399999,51.8456468061
 11/07  09:00:00,73.5307416383,50.458774821000006
 11/07  10:00:00,70.7567137292,65.3916221937
 11/07  11:00:00,53.572906658,62.1651226639
 11/07  12:00:00,53.3530852407,54.0436808726
 11/07  13:00:00,52.67879016,56.540824399099996
 11/07  14:00:00,52.2332932164,52.8559358763
 11/07  15:00:00,51.8857566821,43.736850437200005
 11/07  16:00:00,51.5247984679,50.5499774749
 11/07  17:00:00,54.8272220174,34.9013096981
 11/07  18:00:00,71.4837392552,18.898066844000002
 11/07  19:00:00,80.6098898329,29.519680398800002
 11/07  20:00:00,83.36983157649999,33.4320673142
 11/07  21:00:00,92.4788647815,30.9239375039
 11/07  22:00:00,87.2536920948,36.267563353
 11/07  23:00:00,61.8898254483,36.3672811594
 11/07  24:00:00,41.0457773474,31.6924462537
 11/08  01:00:00,35.8463002513,32.0474832766
 11/08  02:00:00,34.3087363785,26.849799901999997
 11/08  03:00:00,32.483550014,33.1598950203
 11/08  04:00:00,32.694889851199996,33.4078535007
 11/08  05:00:00,34.53980905,33.7617824005
 11/08  06:00:00,42.2059188087,33.4477864976
 11/08  07:00:00,72.7515016702,38.5934422949
 11/08  08:00:00,86.89145179379999,42.9110641101
 11/08  09:00:00,72.4850754402,48.5299981729
 11/08  10:00:00,69.4807370473,58.865889073999995
 11/08  11:00:00,51.387860125500005,58.658658896999995
 11/08  12:00:00,51.375490208,57.3803870692
 11/08  13:00:00,51.21717706770001,54.6394201616
 11/08  14:00:00,51.2312868033,47.551731993100006
 11/08  15:00:00,51.14553421310001,53.198388164799994
 11/08  16:00:00,50.832340535,53.8295322424
 11/08  17:00:00,54.5342522053,30.1445485069
 11/08  18:00:00,71.46150326600001,24.147493295700002
 11/08  19:00:00,80.51326806680001,28.1322750133
 11/08  20:00:00,83.3307795109,24.331800511199997
 11/08  21:00:00,92.5862967166,31.217487836700002
 11/08  22:00:00,87.3537468876,32.0954709029
 11/08  23:00:00,61.84886192729999,33.4168828453
 11/08  24:00:00,41.002597177,28.5987836983
 11/09  01:00:00,35.864099085999996,28.7955068169
 11/09  02:00:00,34.2544260659,23.472212706700002
 11/09  03:00:00,32.333012387,29.685528640799998
 11/09  04:00:00,32.3106088779,24.116937051100003
 11/09  05:00:00,33.938130549899995,30.1465885889
 11/09  06:00:00,41.5912867621,35.535937161
 11/09  07:00:00,72.785917102,34.992903702199996
 11/09  08:00:00,87.05992417959999,38.6463219149
 11/09  09:00:00,72.5639116092,45.0959062677
 11/09  10:00:00,69.6600980331,55.7057746472
 11/09  11:00:00,51.4009282721,54.416191449799996
 11/09  12:00:00,51.4210924808,52.2634416541
 11/09  13:00:00,51.3828762472,49.565232422799994
 11/09  14:00:00,51.430440136099996,41.802230571100004
 11/09  15:00:00,51.3845622046,46.774966894399995
 11/09  16:00:00,51.102105362299994,41.840433975100005
 11/09  17:00:00,54.8372251301,30.8819219231
 11/09  18:00:00,72.13072588920001,13.5570444546
 11/09  19:00:00,81.2096550702,28.8789210656
 11/09  20:00:00,84.2828750301,17.1913033159
 11/09  21:00:00,93.6437674075,24.491319001399997
 11/09  22:00:00,88.3897411646,25.5878860432
 11/09  23:00:00,62.8133356229,24.9392889841
 11/09  24:00:00,41.8593006889,18.0446040566
 11/10  01:00:00,36.4658247988,16.2125503349
 11/10  02:00:00,34.7389950352,8.96995236377
 11/10  03:00:00,32.850597455700004,13.2796649027
 11/10  04:00:00,32.9631001913,5.795566717100001
 11/10  05:00:00,34.7427526048,9.941531939939999
 11/10  06:00:00,42.8393979031,13.7681947284
 11/10  07:00:00,75.6618417632,13.006570099700001
 11/10  08:00:00,92.7112595017,18.5646540437
 11/10  09:00:00,77.5018274943,29.4212914152
 11/10  10:00:00,74.0645419902,41.4874846825
 11/10  11:00:00,54.8095600686,41.4412064673
 11/10  12:00:00,54.4828642422,41.662686124000004
 11/10  13:00:00,53.7671855204,44.4154905975
 11/10  14:00:00,53.3166664617,37.357356099499995
 11/10  15:00:00,53.264670660200004,43.09350074060001
 11/10  16:00:00,53.151605962,38.4543189415
 11/10  17:00:00,56.900718897,26.3522915487
 11/10  18:00:00,74.1303576176,8.50466164847
 11/10  19:00:00,83.2831188567,24.7301437123
 11/10  20:00:00,86.6505811236,13.835641430799999
 11/10  21:00:00,96.1816033625,21.9572913688
 11/10  22:00:00,90.759855302,23.252730633200002
 11/10  23:00:00,64.1252737336,24.432557342
 11/10  24:00:00,42.3215582267,20.746646405699998
 11/11  01:00:00,38.0132329916,22.0974446621
 11/11  02:00:00,37.7209950761,17.809601081900002
 11/11  03:00:00,32.6639243753,25.0271651331
 11/11  04:00:00,32.4496086761,20.6920818539
 11/11  05:00:00,33.8924053697,28.1061030841
 11/11  06:00:00,37.8928182721,29.382214754
 11/11  07:00:00,58.446159515,35.2496960984
 11/11  08:00:00,70.78430408199999,33.8330870486
 11/11  09:00:00,95.6404911689,51.9888302492
 11/11  10:00:00,81.49743152079999,62.5366171604
 11/11  11:00:00,56.1769827071,56.5682471093
 11/11  12:00:00,53.6167216945,56.21704312399999
 11/11  13:00:00,53.7264212224,56.0566408127
 11/11  14:00:00,54.1589754238,47.189102604300004
 11/11  15:00:00,54.3845258984,46.343644597200004
 11/11  16:00:00,53.951921362600004,50.225226425
 11/11  17:00:00,57.2200085716,33.0791692117
 11/11  18:00:00,70.1742626888,16.6686785142
 11/11  19:00:00,87.1152911602,21.8054066525
 11/11  20:00:00,87.9511139667,24.9769111744
 11/11  21:00:00,94.35429548469999,32.8331453072
 11/11  22:00:00,92.0284879123,32.9700455192
 11/11  23:00:00,68.5152415375,34.9297636839
 11/11  24:00:00,44.419370021999995,29.7290572904
 11/12  01:00:00,37.858972298699996,30.105756464499997
 11/12  02:00:00,37.592512310100005,30.689210856
 11/12  03:00:00,32.5753770954,25.5479887863
 11/12  04:00:00,32.4144090651,31.6068578978
 11/12  05:00:00,33.9631480531,32.0578508071
 11/12  06:00:00,38.1183845359,32.3786858478
 11/12  07:00:00,58.56524414890001,32.131638028000005
 11/12  08:00:00,70.6047634617,36.4964739878
 11/12  09:00:00,95.2815863301,53.36637744229999
 11/12  10:00:00,81.4569253374,61.3362336074
 11/12  11:00:00,56.399911476499994,58.69665632
 11/12  12:00:00,54.376717978100004,49.4109933359
 11/12  13:00:00,55.121365574799995,40.8296449071
 11/12  14:00:00,55.2933977779,43.0786298505
 11/12  15:00:00,54.853801587700005,43.470996780200004
 11/12  16:00:00,54.2913278176,39.2866494992
 11/12  17:00:00,57.629040206499994,28.7000257336
 11/12  18:00:00,70.784285187,12.349930641099998
 11/12  19:00:00,87.8988645528,16.2805283507
 11/12  20:00:00,89.1286687815,23.0981919213
 11/12  21:00:00,95.8747140083,18.5006162745
 11/12  22:00:00,93.6262038776,24.791912838600002
 11/12  23:00:00,69.7996019478,25.607887525
 11/12  24:00:00,45.2235538923,26.815514996799998
 11/13  01:00:00,37.1532816659,21.567650844699997
 11/13  02:00:00,35.192503637600005,16.4656277346
 11/13  03:00:00,33.0238292245,22.911687230500004
 11/13  04:00:00,32.8355348825,17.7901142427
 11/13  05:00:00,34.291629738699996,24.223264172199997
 11/13  06:00:00,41.945543931399996,30.056426734099997
 11/13  07:00:00,73.65277150060001,29.623184410500002
 11/13  08:00:00,88.43744105379999,33.430953465500004
 11/13  09:00:00,74.0084355796,39.9567470256
 11/13  10:00:00,70.9545933594,53.5294092228
 11/13  11:00:00,52.9268056641,52.572873074200004
 11/13  12:00:00,53.3953385984,40.4306768908
 11/13  13:00:00,54.2704873916,46.0118272637
 11/13  14:00:00,54.7815442456,42.707072998600005
 11/13  15:00:00,54.7674780196,36.5671081897
 11/13  16:00:00,54.426467316499995,43.684015188800004
 11/13  17:00:00,58.1774810557,26.1941458581
 11/13  18:00:00,75.1818652947,9.17038864725
 11/13  19:00:00,84.1712072902,20.258765232000002
 11/13  20:00:00,87.0802799283,22.968707259699997
 11/13  21:00:00,96.43169475799999,20.0617930101
 11/13  22:00:00,91.001494996,33.1141528738
 11/13  23:00:00,64.45646450619999,22.438815886399997
 11/13  24:00:00,42.7812636037,23.354471490399998
 11/14  01:00:00,37.0967130798,23.4735566161
 11/14  02:00:00,35.164552264899996,23.779908824699998
 11/14  03:00:00,32.9971500302,18.456224789300002
 11/14  04:00:00,32.8181576865,24.3912663974
 11/14  05:00:00,34.2870061043,24.6955348303
 11/14  06:00:00,41.959001687,24.313591315100002
 11/14  07:00:00,73.7361968716,35.2531814867
 11/14  08:00:00,88.51534029049999,33.3087182011
 11/14  09:00:00,74.2381186749,40.5255558731
 11/14  10:00:00,71.78337037850001,49.6577887649
 11/14  11:00:00,53.7909719501,47.173873263699996
 11/14  12:00:00,54.789543631899996,44.5709739992
 11/14  13:00:00,55.7570261324,44.503361148900005
 11/14  14:00:00,56.0302400696,35.6144343048
 11/14  15:00:00,56.0228114258,41.3905848696
 11/14  16:00:00,56.4501704216,41.4710251555
 11/14  17:00:00,59.8413819698,18.8085271251
 11/14  18:00:00,77.1421102692,12.7048254402
 11/14  19:00:00,86.46421990799999,14.1536834464
 11/14  20:00:00,89.7026648835,9.935352497330001
 11/14  21:00:00,99.502649694,17.6977546039
 11/14  22:00:00,94.1936453195,18.9949002943
 11/14  23:00:00,66.9871148238,20.9538955983
 11/14  24:00:00,44.2511992496,17.7131055066
 11/15  01:00:00,37.9997581512,19.4467898847
 11/15  02:00:00,35.768305701799996,21.4227111887
 11/15  03:00:00,33.4402518085,17.6207812282
 11/15  04:00:00,33.1265712179,25.090420594
 11/15  05:00:00,34.467134583800004,27.1033295131
 11/15  06:00:00,42.0258332062,28.538056023299998
 11/15  07:00:00,73.6344745868,35.5676734321
 11/15  08:00:00,90.13316168620001,39.7685382761
 11/15  09:00:00,74.0945955013,44.137228443199994
 11/15  10:00:00,71.736591722,58.0930207425
 11/15  11:00:00,53.3882620263,50.8458514404
 11/15  12:00:00,53.083386311999995,50.025765751099996
 11/15  13:00:00,53.7675510842,42.3900488409
 11/15  14:00:00,54.462212004499996,44.7875394705
 11/15  15:00:00,54.363756572,44.7058551807
 11/15  16:00:00,54.16634096520001,40.2172272178
 11/15  17:00:00,57.45339029189999,29.8866395211
 11/15  18:00:00,74.3864426195,13.975641171600001
 11/15  19:00:00,83.55272789,30.1628285585
 11/15  20:00:00,86.3341748033,21.581738525100004
 11/15  21:00:00,95.4873602058,31.337531518899997
 11/15  22:00:00,89.9572470702,33.7858664806
 11/15  23:00:00,63.646992905299996,35.4927849062
 11/15  24:00:00,42.2514475734,30.926515367100002
 11/16  01:00:00,36.6223268913,31.4109903341
 11/16  02:00:00,34.704900149699995,26.336656274099997
 11/16  03:00:00,32.527445080999996,32.750531108800004
 11/16  04:00:00,32.3262845076,33.1344852946
 11/16  05:00:00,33.8271637633,27.8931596083
 11/16  06:00:00,41.542399130700005,39.4826610669
 11/16  07:00:00,73.0900764458,37.9943351237
 11/16  08:00:00,89.67196962290001,38.8050277019
 11/16  09:00:00,73.2979299165,43.21596030600001
 11/16  10:00:00,70.4562272209,58.2358112815
 11/16  11:00:00,52.206123162299995,50.440001350200006
 11/16  12:00:00,52.460661315500005,47.6003202754
 11/16  13:00:00,53.0636863463,40.196611148
 11/16  14:00:00,53.0579953758,43.076989597200004
 11/16  15:00:00,53.5932802592,42.3277738657
 11/16  16:00:00,53.079115026800004,37.598984562300004
 11/16  17:00:00,56.8995150448,25.9102698339
 11/16  18:00:00,74.33756255819999,7.94108094528
 11/16  19:00:00,83.6852533464,22.017217031599998
 11/16  20:00:00,87.12758642290001,11.617648476600001
 11/16  21:00:00,97.21370050620001,18.6404588668
 11/16  22:00:00,92.12726033290001,19.795357503399998
 11/16  23:00:00,65.3757603908,21.0357660095
 11/16  24:00:00,43.2708436129,16.9610393151
 11/17  01:00:00,37.3989555161,18.0552444675
 11/17  02:00:00,35.363501262,13.6292801949
 11/17  03:00:00,33.1501215352,20.6920798571
 11/17  04:00:00,32.9229318394,21.774297605900003
 11/17  05:00:00,34.338927464899996,22.9796804801
 11/17  06:00:00,41.9508714685,23.6568399438
 11/17  07:00:00,73.8086122872,29.277621795599998
 11/17  08:00:00,90.6059785795,33.327346313
 11/17  09:00:00,74.0163500445,45.9867625638
 11/17  10:00:00,70.789450094,52.5741246298
 11/17  11:00:00,52.011783756599996,52.426821182299996
 11/17  12:00:00,51.7496838267,52.7555934075
 11/17  13:00:00,51.8261390993,44.773094253000004
 11/17  14:00:00,52.188345993999995,48.9147893349
 11/17  15:00:00,52.583208714899996,48.000509425699995
 11/17  16:00:00,52.383559569,49.0625906923
 11/17  17:00:00,55.89565019729999,26.849731500700003
 11/17  18:00:00,72.647338572,23.2092947438
 11/17  19:00:00,81.7019940226,28.2577404995
 11/17  20:00:00,84.4673829029,25.6062732584
 11/17  21:00:00,93.7669890234,34.428327008000004
 11/17  22:00:00,88.47413307110001,35.5189571818
 11/17  23:00:00,62.670541801800006,36.9852575007
 11/17  24:00:00,41.5141980322,32.764168220100004
 11/18  01:00:00,37.2379140906,33.572635489899994
 11/18  02:00:00,37.0134646271,34.5702587544
 11/18  03:00:00,32.1792565409,30.0396253112
 11/18  04:00:00,32.206784244,36.9692269003
 11/18  05:00:00,33.8557283788,38.3701463715
 11/18  06:00:00,38.1771686023,39.208531272600005
 11/18  07:00:00,58.6350584119,37.5523470304
 11/18  08:00:00,72.284041244,47.966462097299996
 11/18  09:00:00,95.144376152,55.7977402825
 11/18  10:00:00,81.58470155100001,60.7873832988
 11/18  11:00:00,56.365062460699995,51.6718659895
 11/18  12:00:00,54.143795706999995,48.5205872625
 11/18  13:00:00,54.8598336071,45.9717384278
 11/18  14:00:00,55.249125484,42.1207957488
 11/18  15:00:00,55.7008337308,35.606059270500005
 11/18  16:00:00,55.5124312613,42.360756476700004
 11/18  17:00:00,58.702539119700006,25.2998349681
 11/18  18:00:00,71.5979110108,8.70212742096
 11/18  19:00:00,88.66928819639999,13.121295413499999
 11/18  20:00:00,89.8757913099,20.0294782567
 11/18  21:00:00,96.6110497086,15.399715085899999
 11/18  22:00:00,94.5986566744,21.4539635241
 11/18  23:00:00,70.6494718845,21.896426305
 11/18  24:00:00,45.823166255299995,22.426558757
 11/19  01:00:00,39.034899203,16.4956482168
 11/19  02:00:00,38.705831681199996,10.8718072546
 11/19  03:00:00,33.656732799699995,16.7767537597
 11/19  04:00:00,33.5081011656,13.406778765899999
 11/19  05:00:00,35.029211885,14.0255786942
 11/19  06:00:00,39.1202069731,16.2233412083
 11/19  07:00:00,60.103179592299995,20.439238179700002
 11/19  08:00:00,75.2438850872,19.0470879691
 11/19  09:00:00,100.637712024,38.151331683
 11/19  10:00:00,85.5025244559,49.2159052689
 11/19  11:00:00,58.777014354399995,49.5601241652
 11/19  12:00:00,56.8533830644,43.3402674805
 11/19  13:00:00,57.3027087592,43.938438868599995
 11/19  14:00:00,57.3945820026,35.5632699417
 11/19  15:00:00,57.1970268342,41.397985123000005
 11/19  16:00:00,56.526336780600005,42.898012445999996
 11/19  17:00:00,59.4665297008,26.0211887035
 11/19  18:00:00,72.5327964371,9.76225159618
 11/19  19:00:00,89.78260264200001,14.508320341800001
 11/19  20:00:00,91.08282227790001,16.6087700659
 11/19  21:00:00,98.7170341117,20.1324178373
 11/19  22:00:00,97.6278118708,14.5448757059
 11/19  23:00:00,73.5324647731,13.8218559994
 11/19  24:00:00,47.893784791499996,10.8312012994
 11/20  01:00:00,38.964315068699996,13.624517163499998
 11/20  02:00:00,36.264997039899995,16.6682238284
 11/20  03:00:00,33.716944105500005,20.1129693858
 11/20  04:00:00,33.3341818282,17.555248017100002
 11/20  05:00:00,34.6036577506,26.5197694312
 11/20  06:00:00,42.075456659400004,29.629102831999997
 11/20  07:00:00,73.5588067129,43.0971669738
 11/20  08:00:00,90.0670632823,41.864522529
 11/20  09:00:00,73.8573227962,47.091710606899994
 11/20  10:00:00,71.1405274171,63.161228647799994
 11/20  11:00:00,52.8768542646,56.472786866899995
 11/20  12:00:00,53.0833346272,48.7382697703
 11/20  13:00:00,53.4230224562,50.8052348374
 11/20  14:00:00,53.745849758199995,48.75629133100001
 11/20  15:00:00,53.886390287,47.713565670600005
 11/20  16:00:00,53.2999462029,43.946435776099996
 11/20  17:00:00,56.2849857695,34.4131840217
 11/20  18:00:00,73.0221303759,19.3779990331
 11/20  19:00:00,82.0436418814,36.299699512
 11/20  20:00:00,84.9098455032,27.4513879261
 11/20  21:00:00,93.81328055819999,39.4505958543
 11/20  22:00:00,88.30997584139999,42.0948863363
 11/20  23:00:00,62.65072614020001,42.8319262945
 11/20  24:00:00,41.5880765117,37.7601810598
 11/21  01:00:00,36.0910318457,37.707697494499996
 11/21  02:00:00,34.2898643108,38.0657793928
 11/21  03:00:00,32.36346429,33.2958550669
 11/21  04:00:00,32.3869019533,39.367436765
 11/21  05:00:00,34.0733462885,39.7353567562
 11/21  06:00:00,41.9178565744,39.2917080021
 11/21  07:00:00,72.81452276649999,49.97101637350001
 11/21  08:00:00,88.9833892799,47.485627248
 11/21  09:00:00,72.544911586,52.9953027
 11/21  10:00:00,69.7742662175,62.9884682279
 11/21  11:00:00,51.772860091800005,65.5604954634
 11/21  12:00:00,51.8731268774,55.2117219588
 11/21  13:00:00,51.9425089563,55.7408227699
 11/21  14:00:00,52.1396019865,53.2773254792
 11/21  15:00:00,52.1830079347,46.2997902233
 11/21  16:00:00,51.890976090100004,51.854255314899994
 11/21  17:00:00,55.3271310723,36.2120385403
 11/21  18:00:00,72.13518177579999,20.3032479817
 11/21  19:00:00,81.1840858907,36.7962470852
 11/21  20:00:00,84.0254876252,28.099662881599997
 11/21  21:00:00,93.1619679814,36.4896545891
 11/21  22:00:00,87.8734913186,37.2214683357
 11/21  23:00:00,62.307096960600006,38.0157097656
 11/21  24:00:00,41.3420227805,33.2037015641
 11/22  01:00:00,36.0391813423,33.5879938963
 11/22  02:00:00,34.3929091852,34.174503673800004
 11/22  03:00:00,32.5022835674,29.0485431226
 11/22  04:00:00,32.7848345989,35.0789272089
 11/22  05:00:00,34.6719939833,35.7947522186
 11/22  06:00:00,42.3849678722,35.4945867306
 11/22  07:00:00,72.75613940609999,41.391284659
 11/22  08:00:00,88.87006972639999,48.17145736649999
 11/22  09:00:00,72.9003377831,46.2195183491
 11/22  10:00:00,70.2831704399,53.8547120267
 11/22  11:00:00,52.3649295589,50.9995554825
 11/22  12:00:00,52.5736337227,47.549890007399995
 11/22  13:00:00,52.969219218999996,46.0225330863
 11/22  14:00:00,53.253689565900004,42.6689438258
 11/22  15:00:00,53.3378261251,36.6665939293
 11/22  16:00:00,53.1907053158,43.731999939
 11/22  17:00:00,56.7562904947,26.645193510100004
 11/22  18:00:00,73.7781515169,9.58312368505
 11/22  19:00:00,82.8529046845,25.6763618457
 11/22  20:00:00,85.9756751914,15.165267723900001
 11/22  21:00:00,95.4672728808,22.2705024657
 11/22  22:00:00,90.30526009120001,22.8542165303
 11/22  23:00:00,64.10754002350001,23.4726267142
 11/22  24:00:00,42.5104259684,18.5857248704
 11/23  01:00:00,38.258523053400005,18.6746028466
 11/23  02:00:00,38.0114669055,18.953383003800003
 11/23  03:00:00,33.0133276245,13.5679422261
 11/23  04:00:00,32.854541796199996,19.4171023781
 11/23  05:00:00,34.3508556046,19.647952811
 11/23  06:00:00,38.411388118299996,19.479075490499998
 11/23  07:00:00,59.0885823421,18.9405506333
 11/23  08:00:00,73.5537449366,29.269990594899998
 11/23  09:00:00,97.5281295661,42.3625958407
 11/23  10:00:00,82.9776614716,52.2397891769
 11/23  11:00:00,57.3998056868,45.4389981644
 11/23  12:00:00,55.5769793205,42.9303084963
 11/23  13:00:00,55.5288455786,42.819989031599995
 11/23  14:00:00,55.7124603966,41.403389093899996
 11/23  15:00:00,56.664775311099994,41.398021962600005
 11/23  16:00:00,56.4426183986,41.396532714
 11/23  17:00:00,59.4495448303,18.4441544121
 11/23  18:00:00,72.7708891007,6.9247069653299995
 11/23  19:00:00,89.9718279125,15.8301588149
 11/23  20:00:00,90.7920318464,14.239061845799998
 11/23  21:00:00,97.3157476607,22.5111440071
 11/23  22:00:00,94.9709953341,22.8335371135
 11/23  23:00:00,70.69388984369999,24.5306907541
 11/23  24:00:00,45.5245553413,21.228514429
 11/24  01:00:00,37.2604932408,22.92527301
 11/24  02:00:00,35.1858316343,24.8390475267
 11/24  03:00:00,32.9100411125,27.0121934831
 11/24  04:00:00,32.6350434601,23.292536452399997
 11/24  05:00:00,34.0224068928,31.171684263000003
 11/24  06:00:00,41.58865926,32.6455229151
 11/24  07:00:00,73.1492642431,45.437338291
 11/24  08:00:00,89.4195256374,45.2862816506
 11/24  09:00:00,73.19058608489999,48.512784695600004
 11/24  10:00:00,70.9419052162,60.6198274722
 11/24  11:00:00,53.1948521972,50.6296969605
 11/24  12:00:00,53.816509262299995,46.697349018999994
 11/24  13:00:00,54.7182438572,45.684547974
 11/24  14:00:00,55.3522984057,36.1071794171
 11/24  15:00:00,55.578274487,41.5441868969
 11/24  16:00:00,55.3700344606,42.7982528903
 11/24  17:00:00,58.8382987381,25.6875698894
 11/24  18:00:00,77.6418917517,8.545144809049999
 11/24  19:00:00,84.2904134466,21.1509428172
 11/24  20:00:00,86.8640618869,25.498413249000002
 11/24  21:00:00,96.00252731379999,23.2507158352
 11/24  22:00:00,90.84636070389999,34.2623341408
 11/24  23:00:00,64.5788718899,27.843500425
 11/24  24:00:00,42.906676989,22.7540960476
 11/25  01:00:00,38.4742526125,22.6726294791
 11/25  02:00:00,38.1841950915,17.0931146979
 11/25  03:00:00,33.1267722982,23.0548059679
 11/25  04:00:00,32.9326417176,22.922790020900003
 11/25  05:00:00,34.402530158400005,17.2236671905
 11/25  06:00:00,38.4421616258,22.6678480467
 11/25  07:00:00,59.180312511400004,27.881674395300003
 11/25  08:00:00,73.3694975567,26.5667744995
 11/25  09:00:00,96.7007258686,46.1147622699
 11/25  10:00:00,82.0991410025,62.748916516
 11/25  11:00:00,56.358699389799995,50.7846421815
 11/25  12:00:00,53.913376024499996,48.730073341
 11/25  13:00:00,54.2330718846,47.1026226603
 11/25  14:00:00,54.4923227145,43.6389269234
 11/25  15:00:00,54.4972210055,43.8642744512
 11/25  16:00:00,54.0392481152,40.1712054496
 11/25  17:00:00,57.495266832700004,29.5881332789
 11/25  18:00:00,72.4874905897,13.3491685881
 11/25  19:00:00,87.9410839134,22.308735783699998
 11/25  20:00:00,89.56185033950001,16.7230121731
 11/25  21:00:00,96.51319775370001,23.381559540599998
 11/25  22:00:00,94.5424138484,23.7799506202
 11/25  23:00:00,70.2991949275,24.836878851799998
 11/25  24:00:00,45.304779627200006,20.6014218081
 11/26  01:00:00,38.5894096442,21.487349269099997
 11/26  02:00:00,38.2337326215,22.560848532199998
 11/26  03:00:00,33.1156301681,23.6843116113
 11/26  04:00:00,32.857494665,18.9578980945
 11/26  05:00:00,34.268350865,25.862875151399997
 11/26  06:00:00,38.2635797912,26.6053326793
 11/26  07:00:00,58.8419315079,33.2213830666
 11/26  08:00:00,73.0694225458,33.1477235038
 11/26  09:00:00,96.41576268610001,50.8600840313
 11/26  10:00:00,82.5310574858,59.837643899300005
 11/26  11:00:00,57.247045781000004,57.7990381692
 11/26  12:00:00,55.283114787200006,49.005981047
 11/26  13:00:00,56.300628315,46.5939300072
 11/26  14:00:00,56.6728908466,42.6027892435
 11/26  15:00:00,56.7065335663,36.4256079126
 11/26  16:00:00,56.556065160100005,43.101938851999996
 11/26  17:00:00,59.702209226,25.829186044
 11/26  18:00:00,74.3881224701,8.91741514516
 11/26  19:00:00,89.69817064799999,12.9687392626
 11/26  20:00:00,90.8400394625,20.7095356358
 11/26  21:00:00,97.4637358244,22.2762817916
 11/26  22:00:00,95.1487514207,17.0202657046
 11/26  23:00:00,70.9684766926,30.203271758400003
 11/26  24:00:00,45.8887356717,20.8361236977
 11/27  01:00:00,37.5553349525,22.310591191799997
 11/27  02:00:00,35.454361091100004,24.112938118800002
 11/27  03:00:00,33.1636773655,20.441862483199998
 11/27  04:00:00,32.8773962124,27.8718505542
 11/27  05:00:00,34.2548641703,29.7433512271
 11/27  06:00:00,41.8261435231,31.0136315202
 11/27  07:00:00,73.39803689819999,43.73476424729999
 11/27  08:00:00,89.8488125085,41.5835223369
 11/27  09:00:00,73.8674009509,44.749414666999996
 11/27  10:00:00,71.65906976640001,57.4840540894
 11/27  11:00:00,53.8928208784,47.3837924336
 11/27  12:00:00,54.887896265900004,43.9890915705
 11/27  13:00:00,55.99196211140001,43.64265254520001
 11/27  14:00:00,56.618656284,35.5779391615
 11/27  15:00:00,57.0196719616,41.4113119493
 11/27  16:00:00,57.00837784270001,41.4074918973
 11/27  17:00:00,60.37821009020001,23.836320503899998
 11/27  18:00:00,78.8972396607,7.324900330119999
 11/27  19:00:00,85.96191033059999,15.6787016225
 11/27  20:00:00,89.00332617709999,17.9564784008
 11/27  21:00:00,98.3208531458,20.8201822852
 11/27  22:00:00,92.90294701879999,21.9069532667
 11/27  23:00:00,66.215942579,22.734906309
 11/27  24:00:00,43.983351614499995,18.1356767957
 11/28  01:00:00,37.947729326,18.5847118005
 11/28  02:00:00,35.8461789682,19.171831225
 11/28  03:00:00,33.6067889731,14.015730428900001
 11/28  04:00:00,33.3896085959,20.0816559983
 11/28  05:00:00,34.8268092669,20.521125303199998
 11/28  06:00:00,42.4815277754,20.4103048102
 11/28  07:00:00,74.3957521196,31.5357064232
 11/28  08:00:00,93.51418119600001,29.7867485834
 11/28  09:00:00,75.3481843949,36.3380212958
 11/28  10:00:00,73.6167942708,50.0693393759
 11/28  11:00:00,55.549771891899994,43.6240723513
 11/28  12:00:00,56.3149318887,42.690376948499996
 11/28  13:00:00,57.511994503900006,41.9157641101
 11/28  14:00:00,58.6143678752,35.5723662881
 11/28  15:00:00,59.2198271651,41.4115214116
 11/28  16:00:00,59.1294296155,41.4094079636
 11/28  17:00:00,62.54272043140001,23.7911696195
 11/28  18:00:00,81.0488581155,6.06279923816
 11/28  19:00:00,88.31914233,13.473637603
 11/28  20:00:00,91.7071795981,14.1022855521
 11/28  21:00:00,101.489446824,15.5972121939
 11/28  22:00:00,96.29395334979999,16.2306802451
 11/28  23:00:00,69.3315586042,16.5148891357
 11/28  24:00:00,46.593148367299996,11.584450371400001
 11/29  01:00:00,40.2176823085,12.018310605999998
 11/29  02:00:00,37.7522117347,12.5437159305
 11/29  03:00:00,35.178218656599995,7.321459830599999
 11/29  04:00:00,34.794057574200004,13.3383243811
 11/29  05:00:00,36.1322820779,13.7224853617
 11/29  06:00:00,43.8707282309,13.7742552148
 11/29  07:00:00,77.4507800097,24.89896036
 11/29  08:00:00,97.7597367831,23.5070464314
 11/29  09:00:00,78.900493192,30.5813168351
 11/29  10:00:00,76.4022379633,47.4953312969
 11/29  11:00:00,57.0901659607,41.9980855184
 11/29  12:00:00,58.2936730923,41.4146190925
 11/29  13:00:00,58.9307401654,41.4047181924
 11/29  14:00:00,60.493711476099996,35.5691633027
 11/29  15:00:00,60.5139375497,41.4148113921
 11/29  16:00:00,59.6297144014,41.4106250696
 11/29  17:00:00,63.3623007531,23.791126813200002
 11/29  18:00:00,82.6952391325,5.77908509925
 11/29  19:00:00,90.2870960953,11.6667356165
 11/29  20:00:00,93.8662541872,11.8636440175
 11/29  21:00:00,103.46311766,12.6625124568
 11/29  22:00:00,98.14643406440001,13.0762659496
 11/29  23:00:00,71.2051744796,13.020483564500001
 11/29  24:00:00,48.4299479942,7.26226307835
 11/30  01:00:00,42.0594497746,7.2287557293199995
 11/30  02:00:00,39.5931881655,7.2898880661100005
 11/30  03:00:00,36.9771148606,1.74604269768
 11/30  04:00:00,36.563008412100004,7.637348169910001
 11/30  05:00:00,37.8783171331,7.86007270714
 11/30  06:00:00,45.743743673900006,7.708398552239999
 11/30  07:00:00,79.385910724,19.925193019
 11/30  08:00:00,98.9170782142,20.4356401382
 11/30  09:00:00,79.8877021796,29.742630223000003
 11/30  10:00:00,76.737553671,47.3855638895
 11/30  11:00:00,56.9791123826,42.5918524702
 11/30  12:00:00,56.2831791291,43.0796975796
 11/30  13:00:00,55.975052255200005,43.88720475109999
 11/30  14:00:00,56.39825109069999,41.5364864097
 11/30  15:00:00,57.0597941221,41.401726639
 11/30  16:00:00,57.3418833255,35.5736087175
 11/30  17:00:00,61.026436453500004,23.8121826358
 11/30  18:00:00,80.4853241002,6.368926099509999
 11/30  19:00:00,87.89780543270001,19.7193879346
 11/30  20:00:00,91.2236096286,9.725086009610001
 11/30  21:00:00,100.788594955,18.1033489945
 11/30  22:00:00,94.74475123639999,26.652391720300002
 11/30  23:00:00,66.7879152515,18.878558025
 11/30  24:00:00,43.5800464373,29.3469430856
 12/01  01:00:00,37.301351542199995,21.929064704
 12/01  02:00:00,35.0617220464,31.9041419629
 12/01  03:00:00,32.661673465599996,36.3534601004
 12/01  04:00:00,32.2374387403,35.6264765574
 12/01  05:00:00,33.5686082183,43.968821553599994
 12/01  06:00:00,41.1769662787,49.1654352626
 12/01  07:00:00,72.66403106050001,48.1859233287
 12/01  08:00:00,90.68786998040001,57.44009685939999
 12/01  09:00:00,72.20819614439999,55.9926959345
 12/01  10:00:00,69.4750972303,64.1527256209
 12/01  11:00:00,51.6303643249,66.901758462
 12/01  12:00:00,52.0290466159,52.4113725665
 12/01  13:00:00,52.1589132788,54.9131485706
 12/01  14:00:00,52.4712518828,52.6724497973
 12/01  15:00:00,52.5784739095,51.122821285
 12/01  16:00:00,52.281217188999996,52.0665367866
 12/01  17:00:00,55.6971596482,35.8887866735
 12/01  18:00:00,74.3047177351,20.1227529371
 12/01  19:00:00,81.5242917222,29.7638551154
 12/01  20:00:00,84.3693004551,31.850403315799998
 12/01  21:00:00,93.56289432969999,34.5005920508
 12/01  22:00:00,88.2760931735,35.2492227779
 12/01  23:00:00,62.619760008,36.7359110554
 12/01  24:00:00,41.535296870399996,31.8691713194
 12/02  01:00:00,37.306105471,32.0771389779
 12/02  02:00:00,37.125664172,33.66281295
 12/02  03:00:00,32.3209538631,29.1675829238
 12/02  04:00:00,32.2797005469,35.4595065719
 12/02  05:00:00,34.018891716300004,36.167296274499996
 12/02  06:00:00,38.4117800629,34.3569176847
 12/02  07:00:00,58.6107973218,32.8994892292
 12/02  08:00:00,74.1072389954,41.891636395300004
 12/02  09:00:00,94.9028148906,52.4801458196
 12/02  10:00:00,80.72647606550001,60.9210013015
 12/02  11:00:00,55.671353842600006,58.3962277756
 12/02  12:00:00,53.2272946692,50.5411513757
 12/02  13:00:00,53.6033419112,48.2494423746
 12/02  14:00:00,53.6035363784,45.1058183747
 12/02  15:00:00,53.736150425699996,44.1760016926
 12/02  16:00:00,53.6510238287,44.700386951300004
 12/02  17:00:00,57.3779519451,21.419949413599998
 12/02  18:00:00,72.3827727015,10.3290322973
 12/02  19:00:00,87.8632615766,18.2510710783
 12/02  20:00:00,89.1534434943,13.2948004803
 12/02  21:00:00,95.87516947389999,20.4745809604
 12/02  22:00:00,94.0202740709,20.6605515621
 12/02  23:00:00,70.2847035772,20.332498923
 12/02  24:00:00,45.505558991,21.4741063936
 12/03  01:00:00,38.7028202715,16.4397472036
 12/03  02:00:00,38.3760846585,10.8837226557
 12/03  03:00:00,33.366129868899996,16.788496292
 12/03  04:00:00,33.182443076700004,16.940671156700002
 12/03  05:00:00,34.6033913888,12.3639796888
 12/03  06:00:00,38.6484501348,23.9289594352
 12/03  07:00:00,59.29526778100001,18.4493346051
 12/03  08:00:00,75.54051400770001,29.388937774200002
 12/03  09:00:00,97.55847967209999,42.5482919784
 12/03  10:00:00,82.7483167275,52.725554247
 12/03  11:00:00,56.8062444804,53.371780929799996
 12/03  12:00:00,54.216035323199996,46.7495130474
 12/03  13:00:00,54.4646194853,45.56209226439999
 12/03  14:00:00,54.3498668493,43.1610206984
 12/03  15:00:00,54.188816967600005,43.935876508199996
 12/03  16:00:00,53.7573995004,40.5910287396
 12/03  17:00:00,57.408123418500004,29.2989485417
 12/03  18:00:00,72.6806943684,11.3437465904
 12/03  19:00:00,88.41289790409999,19.4970299473
 12/03  20:00:00,90.1673409563,14.159536156
 12/03  21:00:00,97.36693049819999,20.7803763235
 12/03  22:00:00,95.3378875387,20.9345755127
 12/03  23:00:00,71.3986448387,20.536135201
 12/03  24:00:00,46.2516786412,21.649449846
 12/04  01:00:00,37.8476120451,16.587705221300002
 12/04  02:00:00,35.790098172,10.979782840499999
 12/04  03:00:00,33.6424937866,16.9059432796
 12/04  04:00:00,33.4941343825,17.0452312892
 12/04  05:00:00,35.001067046399996,11.4340860327
 12/04  06:00:00,42.7655361579,22.202605501100003
 12/04  07:00:00,75.2921508174,21.4529398157
 12/04  08:00:00,95.3250154076,31.648799594499998
 12/04  09:00:00,76.3913118442,33.0273444388
 12/04  10:00:00,73.3346561545,49.2091676173
 12/04  11:00:00,54.2646999637,44.051019137299996
 12/04  12:00:00,54.1620245511,43.5506240704
 12/04  13:00:00,54.224051107799994,44.2891640814
 12/04  14:00:00,54.7375178867,41.5095848963
 12/04  15:00:00,54.641170582700006,35.7322028485
 12/04  16:00:00,54.830585795299996,42.9947065745
 12/04  17:00:00,58.5728812093,25.4554803734
 12/04  18:00:00,78.33866133789999,7.469498192580001
 12/04  19:00:00,86.267685238,20.3015383668
 12/04  20:00:00,90.1118742791,9.3210664243
 12/04  21:00:00,100.36774647799999,16.2922467082
 12/04  22:00:00,95.2808939992,22.3783140404
 12/04  23:00:00,67.9661445552,17.603721299500002
 12/04  24:00:00,45.4651486706,12.0157305601
 12/05  01:00:00,39.3815118729,5.960028049959999
 12/05  02:00:00,37.0690014113,11.8773726753
 12/05  03:00:00,34.6119812476,12.0096843433
 12/05  04:00:00,34.2669255308,6.391632800909999
 12/05  05:00:00,35.574406923299996,13.178524981099999
 12/05  06:00:00,43.3276278166,18.932971597999998
 12/05  07:00:00,76.6964106379,18.2251104407
 12/05  08:00:00,96.81809176760001,28.7817220863
 12/05  09:00:00,77.1896712325,31.8607249665
 12/05  10:00:00,73.3508706544,50.7805421551
 12/05  11:00:00,53.9352324738,46.669089433
 12/05  12:00:00,53.6048942847,46.81331954109999
 12/05  13:00:00,53.482171543599996,46.7971212001
 12/05  14:00:00,53.4057948747,45.085144305200004
 12/05  15:00:00,53.550956139200004,38.3477627168
 12/05  16:00:00,53.33013496069999,44.942793539700006
 12/05  17:00:00,57.140957707,27.3290140808
 12/05  18:00:00,76.3495426743,10.0693343295
 12/05  19:00:00,84.1630652277,24.934902024499998
 12/05  20:00:00,87.1685105105,16.2599982528
 12/05  21:00:00,96.5562406106,25.7152761392
 12/05  22:00:00,91.3331600892,32.6531718345
 12/05  23:00:00,64.3322457804,28.658977190799998
 12/05  24:00:00,42.3170406518,27.462948945100003
 12/06  01:00:00,36.5063583962,30.9072299298
 12/06  02:00:00,34.529778456399995,27.40531591
 12/06  03:00:00,32.3427256867,34.0803531026
 12/06  04:00:00,32.1573699561,34.3911581416
 12/06  05:00:00,33.582099878,30.2155459721
 12/06  06:00:00,41.2515690357,41.830662543
 12/06  07:00:00,72.9234780815,40.8136942684
 12/06  08:00:00,91.14646949899999,49.4161161057
 12/06  09:00:00,72.556253529,49.1892827015
 12/06  10:00:00,69.26435147859999,66.75447795560001
 12/06  11:00:00,50.7546053581,61.9890653329
 12/06  12:00:00,50.754286346499995,61.3163323625
 12/06  13:00:00,50.6349173571,59.6868709034
 12/06  14:00:00,50.8394161951,59.0124504233
 12/06  15:00:00,50.8054188587,58.8054147054
 12/06  16:00:00,50.521212282600004,60.0167749305
 12/06  17:00:00,54.2415452071,36.6007894331
 12/06  18:00:00,73.1748996418,30.2954528106
 12/06  19:00:00,80.4340840676,33.6693668047
 12/06  20:00:00,83.3787014008,34.4414275096
 12/06  21:00:00,92.48561587610001,31.4592626599
 12/06  22:00:00,87.1267568959,44.2132413951
 12/06  23:00:00,61.690449620200006,40.583858523800004
 12/06  24:00:00,40.9819239682,37.788400333
 12/07  01:00:00,35.9255497092,40.2608432134
 12/07  02:00:00,34.4022923746,36.0920755845
 12/07  03:00:00,33.7777143611,44.05712855149999
 12/07  04:00:00,35.1525574366,45.566403496499994
 12/07  05:00:00,37.7349766807,46.1212385045
 12/07  06:00:00,45.698759366400004,45.3832990265
 12/07  07:00:00,73.18311158770001,55.795900419300004
 12/07  08:00:00,90.7356336528,53.2317957115
 12/07  09:00:00,73.3961464546,57.279763768100004
 12/07  10:00:00,70.636742913,72.0517422329
 12/07  11:00:00,53.249171144499996,62.275848466099994
 12/07  12:00:00,53.111178690600006,60.151904127200005
 12/07  13:00:00,52.6357994466,57.4484155607
 12/07  14:00:00,52.1406533183,55.4521954562
 12/07  15:00:00,51.798392773100005,52.259436040699995
 12/07  16:00:00,51.430100825,52.906698677899996
 12/07  17:00:00,54.9266692762,36.1274055127
 12/07  18:00:00,73.371130995,20.769751764200002
 12/07  19:00:00,80.44134644020001,32.277545833000005
 12/07  20:00:00,83.28597584100001,33.9666748872
 12/07  21:00:00,92.4862881415,35.8080429779
 12/07  22:00:00,87.1737376215,36.402184066
 12/07  23:00:00,61.7284249168,37.5517441136
 12/07  24:00:00,41.1049087302,34.0751453248
 12/08  01:00:00,36.0903684346,35.3472240551
 12/08  02:00:00,34.9154068827,35.8277822672
 12/08  03:00:00,33.4362034296,36.2434780859
 12/08  04:00:00,33.783966608,31.177639096700002
 12/08  05:00:00,36.2177845044,38.7017532459
 12/08  06:00:00,44.044057773199995,44.461463351499994
 12/08  07:00:00,72.79356101270001,42.0227758863
 12/08  08:00:00,90.566923302,50.808080510500005
 12/08  09:00:00,72.5781188055,49.7953817067
 12/08  10:00:00,69.9955491821,63.4504452661
 12/08  11:00:00,52.654508769399996,53.7115740215
 12/08  12:00:00,52.6258691962,50.2752540692
 12/08  13:00:00,52.6149160292,48.3941325858
 12/08  14:00:00,52.9355921054,44.317363817
 12/08  15:00:00,53.043265832799996,37.4447930893
 12/08  16:00:00,52.7217611073,44.699926176700004
 12/08  17:00:00,55.9435718326,29.1990076438
 12/08  18:00:00,74.55610657220001,19.8354647988
 12/08  19:00:00,81.7367125878,24.5365109735
 12/08  20:00:00,84.6941445773,25.6251675369
 12/08  21:00:00,94.1195147367,21.5869427281
 12/08  22:00:00,88.8491248409,33.8441720496
 12/08  23:00:00,62.6600982881,32.5051058665
 12/08  24:00:00,41.4616667074,29.7543053483
 12/09  01:00:00,37.2246870337,32.537174491500004
 12/09  02:00:00,37.1701143713,26.410774156
 12/09  03:00:00,32.400703671399995,33.636225594
 12/09  04:00:00,32.4672842135,33.203119254
 12/09  05:00:00,34.233162924,31.0354471021
 12/09  06:00:00,38.5976500059,29.9024329835
 12/09  07:00:00,58.7552573589,29.2580659398
 12/09  08:00:00,74.27154562140001,40.5546742342
 12/09  09:00:00,95.0239873523,52.6009014263
 12/09  10:00:00,80.9492324979,64.47616262529999
 12/09  11:00:00,56.1542896987,53.7436018029
 12/09  12:00:00,53.2534231442,56.2441127874
 12/09  13:00:00,53.527141260200004,42.8546189395
 12/09  14:00:00,53.308822457299996,46.5320419472
 12/09  15:00:00,53.3683371576,46.02778646350001
 12/09  16:00:00,53.337308667100004,46.440877030299994
 12/09  17:00:00,56.9776784926,28.8791245134
 12/09  18:00:00,71.82937829939999,12.860835962100001
 12/09  19:00:00,87.0390846086,16.4239336531
 12/09  20:00:00,88.4904386942,21.574360636599998
 12/09  21:00:00,95.3332226415,21.9501562365
 12/09  22:00:00,93.32501780700001,23.1600116434
 12/09  23:00:00,69.2741484108,24.670933426399998
 12/09  24:00:00,44.600010411999996,25.631821380799998
 12/10  01:00:00,37.965650925,21.1117412485
 12/10  02:00:00,37.6949323444,16.1889255676
 12/10  03:00:00,32.7079994129,22.186682851399997
 12/10  04:00:00,32.5492860314,22.4196576717
 12/10  05:00:00,34.053597589,20.6977788694
 12/10  06:00:00,38.3364184564,23.7718307883
 12/10  07:00:00,58.7728372004,22.4345696412
 12/10  08:00:00,74.8997820897,34.339802431799995
 12/10  09:00:00,96.1437472735,49.974613041000005
 12/10  10:00:00,81.7483581779,61.8744617842
 12/10  11:00:00,56.419172958599994,62.1124589516
 12/10  12:00:00,54.0320917073,54.9790095139
 12/10  13:00:00,53.984293335,53.90740197109999
 12/10  14:00:00,54.2796139502,51.3794632581
 12/10  15:00:00,54.2529530825,50.92429633890001
 12/10  16:00:00,53.623513198400005,52.8809210649
 12/10  17:00:00,56.579580434700006,38.148264132899996
 12/10  18:00:00,71.1840140928,24.1317810444
 12/10  19:00:00,86.0276525116,31.2052853333
 12/10  20:00:00,86.85031247629999,40.383863497600004
 12/10  21:00:00,93.1576354334,42.4068806675
 12/10  22:00:00,90.7339152543,43.0074934712
 12/10  23:00:00,67.5240870762,45.298370866400006
 12/10  24:00:00,43.7828380366,48.348260716000006
 12/11  01:00:00,36.25470622,44.5173863665
 12/11  02:00:00,35.0619857401,41.3612330375
 12/11  03:00:00,34.3305527012,50.1538480593
 12/11  04:00:00,34.9882569385,50.4412539895
 12/11  05:00:00,37.9058436072,45.8375534525
 12/11  06:00:00,46.3297941344,57.452322366800004
 12/11  07:00:00,74.3056348949,62.141025549
 12/11  08:00:00,91.2128982345,60.9890737276
 12/11  09:00:00,74.7387619987,62.7604319084
 12/11  10:00:00,71.5987584682,74.21323171510001
 12/11  11:00:00,54.5024225287,64.9334698537
 12/11  12:00:00,54.150519037399995,61.7602642803
 12/11  13:00:00,53.6662109859,57.2650298738
 12/11  14:00:00,53.203907023199996,54.46151009770001
 12/11  15:00:00,52.646035082299996,53.3960464856
 12/11  16:00:00,51.9359898414,54.474333323100005
 12/11  17:00:00,55.135755962,38.2422436443
 12/11  18:00:00,73.4729943745,25.8549319447
 12/11  19:00:00,80.55453319850001,43.1484306416
 12/11  20:00:00,83.4824889472,30.715233545900002
 12/11  21:00:00,92.6280624366,37.6487433274
 12/11  22:00:00,87.30168203219999,44.110532076000005
 12/11  23:00:00,61.9784410563,38.2642260055
 12/11  24:00:00,41.3405324923,32.9254537844
 12/12  01:00:00,36.3082270359,33.4820110466
 12/12  02:00:00,35.1551216754,28.304996495
 12/12  03:00:00,33.578725114899996,34.365395223
 12/12  04:00:00,33.7297189004,34.5904709064
 12/12  05:00:00,35.4413267406,29.3676753852
 12/12  06:00:00,43.023365874899994,40.0090877932
 12/12  07:00:00,72.9207239262,44.8583299217
 12/12  08:00:00,90.7656701113,42.832394397399995
 12/12  09:00:00,72.61012785359999,49.058942486499994
 12/12  10:00:00,69.5478918054,66.5632878043
 12/12  11:00:00,52.07689378520001,60.5533694986
 12/12  12:00:00,52.0316338876,60.25198687939999
 12/12  13:00:00,51.816721235100005,58.96320029140001
 12/12  14:00:00,51.8468410932,58.3845462763
 12/12  15:00:00,51.7267851264,58.236269252700005
 12/12  16:00:00,51.341989519399995,59.3973181085
 12/12  17:00:00,54.843353832,41.6572719257
 12/12  18:00:00,73.1939780557,23.7525378092
 12/12  19:00:00,80.34026984260001,38.644431296
 12/12  20:00:00,83.1525432649,27.759207736300002
 12/12  21:00:00,92.31512218510001,35.0742662404
 12/12  22:00:00,87.0234048764,41.2819290064
 12/12  23:00:00,61.6238758449,36.4109416063
 12/12  24:00:00,41.0980972054,31.63753168
 12/13  01:00:00,35.9269767882,32.1688188116
 12/13  02:00:00,34.4891707149,27.902681582600003
 12/13  03:00:00,33.0053511533,34.6390016439
 12/13  04:00:00,33.4660445918,34.8817741459
 12/13  05:00:00,35.4542621457,35.1158433636
 12/13  06:00:00,42.9733618133,34.393049929899995
 12/13  07:00:00,72.6735655692,45.0581143977
 12/13  08:00:00,92.4347914468,44.2115886933
 12/13  09:00:00,72.272148122,55.2207010542
 12/13  10:00:00,69.66826397220001,62.0181491682
 12/13  11:00:00,52.229036011400005,63.7197961504
 12/13  12:00:00,52.4247449374,56.113109979700006
 12/13  13:00:00,52.2294197517,54.254574466499996
 12/13  14:00:00,51.7636053838,48.3627940699
 12/13  15:00:00,51.267056139,55.1324036113
 12/13  16:00:00,50.8450061608,57.40587859
 12/13  17:00:00,54.453462493,40.2181684788
 12/13  18:00:00,73.1223101186,28.2820316079
 12/13  19:00:00,80.3727782604,31.7338285268
 12/13  20:00:00,83.28980377100001,32.6006576979
 12/13  21:00:00,92.529143015,28.5087568227
 12/13  22:00:00,87.24840009729999,40.570374049099996
 12/13  23:00:00,61.781977445900004,35.7661292002
 12/13  24:00:00,40.9989494402,31.1328437561
 12/14  01:00:00,35.7866691927,31.9159987988
 12/14  02:00:00,34.2183572212,32.3630550613
 12/14  03:00:00,32.5170572293,26.985363932600002
 12/14  04:00:00,32.7359076287,33.0294393578
 12/14  05:00:00,34.452870519899996,33.1496339484
 12/14  06:00:00,41.9569568741,32.176348415999996
 12/14  07:00:00,72.5024749425,42.027213839299996
 12/14  08:00:00,92.4693509242,40.3941252947
 12/14  09:00:00,72.3557035356,53.119369076000005
 12/14  10:00:00,69.291894472,64.7429993054
 12/14  11:00:00,51.1337821504,59.915281229399994
 12/14  12:00:00,51.1957497094,59.1673580637
 12/14  13:00:00,51.0791703858,56.439336608199994
 12/14  14:00:00,51.1735433447,55.009281907200005
 12/14  15:00:00,51.0879627975,55.932113352600005
 12/14  16:00:00,50.7644756832,57.5092521367
 12/14  17:00:00,54.4328733737,39.621832084
 12/14  18:00:00,73.1165758204,21.8860820194
 12/14  19:00:00,80.2611364247,31.7423446327
 12/14  20:00:00,83.1066922719,33.157586064600004
 12/14  21:00:00,92.3349620433,34.7504626917
 12/14  22:00:00,87.04871841159999,34.9408493924
 12/14  23:00:00,61.566125245200006,36.2101613858
 12/14  24:00:00,40.9274626442,31.5143469867
 12/15  01:00:00,35.828230889000004,33.016548041
 12/15  02:00:00,34.2250412379,32.9454762327
 12/15  03:00:00,32.400911320700004,32.5772267224
 12/15  04:00:00,32.6711690655,27.1303836889
 12/15  05:00:00,34.701284133499996,34.3177932914
 12/15  06:00:00,42.2179612742,38.867180149
 12/15  07:00:00,72.6359270133,37.3261525689
 12/15  08:00:00,92.5359290781,45.7346875741
 12/15  09:00:00,72.4478291855,44.693277295200005
 12/15  10:00:00,69.4678079336,60.6953644963
 12/15  11:00:00,51.2026628608,55.4753484778
 12/15  12:00:00,51.1012829645,55.7474448766
 12/15  13:00:00,51.0452964987,54.4893308912
 12/15  14:00:00,51.1178759402,55.7280194956
 12/15  15:00:00,51.191782243999995,57.736804886099996
 12/15  16:00:00,50.924252511000006,59.5138873425
 12/15  17:00:00,54.6172271005,42.7507474023
 12/15  18:00:00,72.8770744075,25.5151593452
 12/15  19:00:00,80.07717758689999,40.6048342761
 12/15  20:00:00,82.812764659,36.7042115842
 12/15  21:00:00,91.84029570889999,33.186003699299995
 12/15  22:00:00,86.4949130988,45.2003282545
 12/15  23:00:00,61.294571992200005,40.3650223734
 12/15  24:00:00,40.957640986,35.6092805637
 12/16  01:00:00,37.3044159735,37.2626671584
 12/16  02:00:00,38.1008892184,38.351869223099996
 12/16  03:00:00,34.541292556500004,33.216715688
 12/16  04:00:00,35.1714418411,39.5907562806
 12/16  05:00:00,37.173840392399995,39.9956946837
 12/16  06:00:00,41.6582249828,39.421992366
 12/16  07:00:00,60.8918404688,45.009354407
 12/16  08:00:00,75.83355615640001,44.2850734243
 12/16  09:00:00,94.04887503040001,68.07417376810001
 12/16  10:00:00,79.49100064,74.6239414524
 12/16  11:00:00,56.7582182767,76.6111857104
 12/16  12:00:00,55.269435668199996,71.0653380793
 12/16  13:00:00,55.582803669899995,71.4677457167
 12/16  14:00:00,55.872396396800006,69.3318246994
 12/16  15:00:00,55.805886695,69.0594903973
 12/16  16:00:00,55.430424962,70.0668510158
 12/16  17:00:00,59.3096785279,53.4108747427
 12/16  18:00:00,73.40003078149999,38.129066867
 12/16  19:00:00,85.8755069835,43.7610062637
 12/16  20:00:00,85.6713711849,50.7133112868
 12/16  21:00:00,91.67197341459999,52.968341369899996
 12/16  22:00:00,89.59671380379999,52.929958291999995
 12/16  23:00:00,67.9088166941,53.3222877474
 12/16  24:00:00,49.0594753605,56.299307131199996
 12/17  01:00:00,44.2574907748,51.0753317487
 12/17  02:00:00,44.8864981326,45.3047317542
 12/17  03:00:00,41.1080580376,50.316626870200004
 12/17  04:00:00,41.3101483935,48.659637145299996
 12/17  05:00:00,43.101738429799994,48.1819848756
 12/17  06:00:00,47.4912847966,47.5287699171
 12/17  07:00:00,65.8268969993,46.358491709
 12/17  08:00:00,79.5715642863,55.8167872441
 12/17  09:00:00,94.1069787064,66.0659984133
 12/17  10:00:00,80.8530907768,81.3470048114
 12/17  11:00:00,59.2275820266,74.7387818908
 12/17  12:00:00,56.6189648563,67.1200140322
 12/17  13:00:00,54.840799232399995,63.7077363618
 12/17  14:00:00,53.9344597109,59.002733979300004
 12/17  15:00:00,53.3896743581,58.336530547399995
 12/17  16:00:00,52.6286619022,60.436211863000004
 12/17  17:00:00,56.2394871714,44.4104796783
 12/17  18:00:00,70.0631623277,28.5567463612
 12/17  19:00:00,84.4063451453,34.938677933200005
 12/17  20:00:00,85.2605784029,42.6567116008
 12/17  21:00:00,91.36286341459999,44.855950926999995
 12/17  22:00:00,88.9923139383,45.9161418125
 12/17  23:00:00,66.5716568878,46.9653929207
 12/17  24:00:00,44.1145360901,47.960632000000004
 12/18  01:00:00,38.4346497204,42.9004537139
 12/18  02:00:00,38.0976988221,38.0880126078
 12/18  03:00:00,37.395730737600005,45.7895653036
 12/18  04:00:00,38.1328358145,47.092981943199995
 12/18  05:00:00,40.1508675765,47.4589211189
 12/18  06:00:00,47.6230673927,46.5847329806
 12/18  07:00:00,73.7580090566,56.9075179605
 12/18  08:00:00,92.2957762468,54.310263410699996
 12/18  09:00:00,74.5131672353,65.5027076717
 12/18  10:00:00,72.2817588367,75.091049481
 12/18  11:00:00,56.814185360500005,73.2711809452
 12/18  12:00:00,57.1827950634,71.7984363139
 12/18  13:00:00,56.7831725834,69.88287629
 12/18  14:00:00,56.7469806191,68.0721241974
 12/18  15:00:00,56.65613295520001,67.8496275018
 12/18  16:00:00,56.1932270409,68.9908715536
 12/18  17:00:00,59.502037767299996,51.2245245979
 12/18  18:00:00,75.9010970704,34.3988589661
 12/18  19:00:00,81.14647003399999,44.2689045725
 12/18  20:00:00,82.4386492738,43.6144727981
 12/18  21:00:00,91.3319284562,44.4093632942
 12/18  22:00:00,86.0643274901,50.5982214329
 12/18  23:00:00,61.2737695942,45.680896306
 12/18  24:00:00,43.9422161475,40.5292058323
 12/19  01:00:00,40.4394643398,42.9400325765
 12/19  02:00:00,40.066573839,39.925258364899996
 12/19  03:00:00,39.2046938322,47.077333341599996
 12/19  04:00:00,40.2278543016,48.891838262200004
 12/19  05:00:00,42.664205392,50.1370589893
 12/19  06:00:00,50.2486398909,49.3099959249
 12/19  07:00:00,75.7458352605,59.6766921842
 12/19  08:00:00,92.5848302905,57.115271676300004
 12/19  09:00:00,76.6283093949,66.8485527601
 12/19  10:00:00,73.09575822720001,73.8456592303
 12/19  11:00:00,55.7247629786,62.691888987700004
 12/19  12:00:00,53.5190363616,55.781332721999995
 12/19  13:00:00,52.716443811000005,49.9548461888
 12/19  14:00:00,52.0275232655,47.7795402162
 12/19  15:00:00,51.3535266507,48.2411152888
 12/19  16:00:00,50.7394077429,51.3436578393
 12/19  17:00:00,54.25515980350001,35.7301824634
 12/19  18:00:00,72.7299679243,18.4571036339
 12/19  19:00:00,79.87879156609999,33.8855864288
 12/19  20:00:00,82.7701113821,23.510776109400002
 12/19  21:00:00,92.0334583832,30.9550056394
 12/19  22:00:00,86.68118284120001,38.4129208774
 12/19  23:00:00,61.260763475299996,34.2911164394
 12/19  24:00:00,40.659923300500004,29.5563530786
 12/20  01:00:00,35.6315095452,30.0363212188
 12/20  02:00:00,34.0652622826,23.5241373171
 12/20  03:00:00,32.1778015414,27.7265674661
 12/20  04:00:00,32.1896794428,27.271381659499998
 12/20  05:00:00,33.853366281999996,27.4682808069
 12/20  06:00:00,41.3960730803,26.644299279200002
 12/20  07:00:00,72.6139704405,37.3169284152
 12/20  08:00:00,92.73070569129999,35.2129039875
 12/20  09:00:00,72.4531245315,48.0663870625
 12/20  10:00:00,69.2773891362,63.43508071270001
 12/20  11:00:00,51.106237631400006,64.2538763718
 12/20  12:00:00,51.4892204717,66.0400706378
 12/20  13:00:00,51.91226001850001,63.75751478390001
 12/20  14:00:00,52.316805530299995,62.2786410288
 12/20  15:00:00,52.4707030291,62.94067417350001
 12/20  16:00:00,52.2850830177,65.8322537074
 12/20  17:00:00,55.7860446887,49.3098864575
 12/20  18:00:00,73.7588857266,34.4073401458
 12/20  19:00:00,80.2293849111,51.4096832136
 12/20  20:00:00,82.8576572556,46.495036215
 12/20  21:00:00,91.7027611767,43.731017488999996
 12/20  22:00:00,86.3779354492,57.8429205262
 12/20  23:00:00,62.3407648248,55.22062583979999
 12/20  24:00:00,44.854856376899995,53.3863208462
 12/21  01:00:00,42.1443320432,55.455706606999996
 12/21  02:00:00,42.0874812037,56.462559714399994
 12/21  03:00:00,41.890072496799995,52.8395275135
 12/21  04:00:00,43.183519024700004,60.5570879697
 12/21  05:00:00,45.903089236999996,62.309354828000004
 12/21  06:00:00,53.8099528855,67.75959613229999
 12/21  07:00:00,79.3078210667,66.53218267310001
 12/21  08:00:00,96.4608620218,76.9852179701
 12/21  09:00:00,81.23531459770001,75.40461976520001
 12/21  10:00:00,77.9903098231,91.0185461265
 12/21  11:00:00,61.5682571039,83.7522313614
 12/21  12:00:00,60.9871268997,82.3954117847
 12/21  13:00:00,59.6998149125,79.024998779
 12/21  14:00:00,58.9843696355,76.6428626734
 12/21  15:00:00,57.8473267037,74.4820699387
 12/21  16:00:00,56.3717228283,74.5163812974
 12/21  17:00:00,60.2627317209,58.701521085799996
 12/21  18:00:00,77.8658868158,50.798790337700005
 12/21  19:00:00,83.9727190878,57.9048539744
 12/21  20:00:00,86.36815031290001,61.237612504
 12/21  21:00:00,93.8276804808,64.0293245696
 12/21  22:00:00,88.4284345089,64.8242000764
 12/21  23:00:00,68.15254255800001,66.7292822439
 12/21  24:00:00,52.556101303999995,62.7696015037
 12/22  01:00:00,50.5820131999,66.637047441
 12/22  02:00:00,50.87129717569999,67.9391739821
 12/22  03:00:00,50.762903072700006,69.30297224430001
 12/22  04:00:00,51.6008082124,69.3855613125
 12/22  05:00:00,54.2197687031,64.6890692038
 12/22  06:00:00,62.2333837232,76.3152153736
 12/22  07:00:00,86.5536105666,80.9394517624
 12/22  08:00:00,101.501108879,76.96538353359999
 12/22  09:00:00,86.83368305200001,83.8246799122
 12/22  10:00:00,83.4428687277,86.1450117274
 12/22  11:00:00,66.4661663469,88.2395842947
 12/22  12:00:00,64.2470426761,78.9684760739
 12/22  13:00:00,63.5530962647,77.1022271018
 12/22  14:00:00,62.519259805299995,75.188485399
 12/22  15:00:00,61.0504670992,72.9786947411
 12/22  16:00:00,59.8666094541,73.434073905
 12/22  17:00:00,62.7028883537,55.5834253954
 12/22  18:00:00,78.6732521387,38.8571008198
 12/22  19:00:00,83.426198899,54.534680046700004
 12/22  20:00:00,84.6927495843,43.3900762326
 12/22  21:00:00,91.53722145120001,50.7696719315
 12/22  22:00:00,86.0029431044,56.9800422457
 12/22  23:00:00,64.3296041558,52.094520084799996
 12/22  24:00:00,47.9433892746,47.903174460500004
 12/23  01:00:00,45.8227052258,50.2815466081
 12/23  02:00:00,47.2412852684,53.254692219300004
 12/23  03:00:00,44.033008906300005,48.981451814799996
 12/23  04:00:00,45.13482911770001,56.6378915957
 12/23  05:00:00,47.4142543869,57.8348123925
 12/23  06:00:00,52.420869109499996,58.623400078500005
 12/23  07:00:00,71.47510819600001,65.4753527945
 12/23  08:00:00,84.9889512792,65.61659597229999
 12/23  09:00:00,97.7592073063,87.8460082201
 12/23  10:00:00,85.76555586079999,91.3355515148
 12/23  11:00:00,64.1989662137,90.31250084979999
 12/23  12:00:00,61.0864075418,88.79992064620001
 12/23  13:00:00,60.0086713136,81.3725412862
 12/23  14:00:00,58.9730520955,77.4651998387
 12/23  15:00:00,57.778708889499995,75.502455486
 12/23  16:00:00,56.9930668005,76.2433493509
 12/23  17:00:00,61.18470128,60.166613561999995
 12/23  18:00:00,75.47993575470001,44.3431531152
 12/23  19:00:00,87.3824523292,48.1832671162
 12/23  20:00:00,87.11613244370001,54.602563747
 12/23  21:00:00,92.21661681139999,55.8321556075
 12/23  22:00:00,90.3001405529,52.17277798439999
 12/23  23:00:00,70.3848578993,66.2046546141
 12/23  24:00:00,51.19641628189999,60.717040160699995
 12/24  01:00:00,46.4445607337,55.2065485214
 12/24  02:00:00,47.4102217716,50.2791867302
 12/24  03:00:00,44.0597891796,56.6838553675
 12/24  04:00:00,44.8750906754,57.2183218401
 12/24  05:00:00,47.023473914200004,57.6032559408
 12/24  06:00:00,51.995730513999995,58.3770339916
 12/24  07:00:00,72.3112543728,63.5693839417
 12/24  08:00:00,87.2539866303,79.1457061501
 12/24  09:00:00,100.347680322,95.6544201358
 12/24  10:00:00,87.8594686309,95.9915342465
 12/24  11:00:00,67.03182057069999,91.99640155809999
 12/24  12:00:00,64.8769167356,83.8012826084
 12/24  13:00:00,63.716987879399994,81.549598148
 12/24  14:00:00,62.3213480868,78.2289316971
 12/24  15:00:00,61.640822425900005,77.8989881263
 12/24  16:00:00,60.537090489200004,79.3504809638
 12/24  17:00:00,64.3717940552,61.6501066203
 12/24  18:00:00,78.4094182003,52.9966000074
 12/24  19:00:00,90.25389020540001,52.7931693839
 12/24  20:00:00,90.0550459823,62.7175756761
 12/24  21:00:00,95.1810115474,61.3107110113
 12/24  22:00:00,93.0364328677,67.3095165365
 12/24  23:00:00,75.0435059032,75.31535555079999
 12/24  24:00:00,57.426941996000004,72.0960601586
 12/25  01:00:00,53.5342912185,61.77327466
 12/25  02:00:00,55.4553481267,69.78168543390001
 12/25  03:00:00,52.9262337319,71.304425863
 12/25  04:00:00,54.061179526400004,71.8840324805
 12/25  05:00:00,57.1181821887,68.10802001229999
 12/25  06:00:00,62.522752011499996,79.8847745786
 12/25  07:00:00,80.8360516776,73.1225040711
 12/25  08:00:00,93.5471454524,82.75685560859999
 12/25  09:00:00,104.91967169799999,90.2630771863
 12/25  10:00:00,92.7330755235,103.96124274600001
 12/25  11:00:00,70.592203359,93.61284701860001
 12/25  12:00:00,65.0350341654,81.9634023375
 12/25  13:00:00,62.193297136800005,77.26905522850001
 12/25  14:00:00,60.824135194499995,73.7505074147
 12/25  15:00:00,59.8148990499,72.51181426229999
 12/25  16:00:00,57.9223682601,72.1165024635
 12/25  17:00:00,61.3753343633,54.4596005327
 12/25  18:00:00,75.35559019850001,38.9299594839
 12/25  19:00:00,87.3837569076,50.4008430933
 12/25  20:00:00,86.59159665370001,51.554537927700004
 12/25  21:00:00,91.80535079180001,46.8550055101
 12/25  22:00:00,89.43473584709999,53.0578613421
 12/25  23:00:00,69.257660273,60.280868187399996
 12/25  24:00:00,50.046243599099995,49.0032848392
 12/26  01:00:00,43.9536516064,49.208485549399995
 12/26  02:00:00,43.1453570957,48.648946581400004
 12/26  03:00:00,41.584411328099996,47.0724131216
 12/26  04:00:00,41.8553875347,46.691401842299996
 12/26  05:00:00,43.7128676066,41.2706418217
 12/26  06:00:00,50.845046841700004,51.8613902666
 12/26  07:00:00,75.685236392,56.2917283245
 12/26  08:00:00,92.0575142906,53.631096827200004
 12/26  09:00:00,76.3244173711,64.6475475778
 12/26  10:00:00,72.38393876949999,71.9118655519
 12/26  11:00:00,55.0903007715,63.3005219158
 12/26  12:00:00,54.3777152333,61.2598015457
 12/26  13:00:00,53.9818154751,59.053785894700006
 12/26  14:00:00,53.6519984934,58.0509567492
 12/26  15:00:00,53.250266905,61.066972118500004
 12/26  16:00:00,52.9689122207,64.7030031366
 12/26  17:00:00,56.613953018400004,48.5709697536
 12/26  18:00:00,72.41071114649999,38.626805127
 12/26  19:00:00,80.6829350327,44.281797034499995
 12/26  20:00:00,83.0561402392,46.9503923477
 12/26  21:00:00,91.24787881459999,50.6677506356
 12/26  22:00:00,85.9828347392,53.0684090685
 12/26  23:00:00,63.048327731899995,55.012832025200005
 12/26  24:00:00,46.2264381593,56.8021940427
 12/27  01:00:00,43.1745661679,46.5068149442
 12/27  02:00:00,43.1719050972,54.4683427479
 12/27  03:00:00,42.5836822764,55.92839141899999
 12/27  04:00:00,43.4247870843,56.479486980299995
 12/27  05:00:00,45.732127134399995,51.1487138113
 12/27  06:00:00,53.2639519384,61.8971590159
 12/27  07:00:00,78.2367521684,66.43231490630001
 12/27  08:00:00,94.7240400171,63.8339835004
 12/27  09:00:00,79.1780217926,73.8683610766
 12/27  10:00:00,76.1002922899,83.6932617755
 12/27  11:00:00,61.230402968199996,78.07006771520001
 12/27  12:00:00,61.323361352,77.1761168088
 12/27  13:00:00,61.296600125699996,76.4090044033
 12/27  14:00:00,61.122735562299994,75.1642246198
 12/27  15:00:00,60.4158093992,73.2748394683
 12/27  16:00:00,58.62940995020001,72.8180115554
 12/27  17:00:00,61.654926261899995,54.8267006222
 12/27  18:00:00,76.0352242063,44.1512939727
 12/27  19:00:00,83.3063918185,50.747659327600005
 12/27  20:00:00,85.1874396298,53.8324382004
 12/27  21:00:00,91.9320209125,54.8806925899
 12/27  22:00:00,86.4561970668,55.9675671458
 12/27  23:00:00,65.271729907,64.0857982284
 12/27  24:00:00,49.1504382858,54.2056493113
 12/28  01:00:00,45.8854540595,55.326706067299995
 12/28  02:00:00,45.5667374585,50.491254461800004
 12/28  03:00:00,45.150306604099995,58.2228568066
 12/28  04:00:00,46.5089325966,60.9265351835
 12/28  05:00:00,48.9056504349,62.1576460721
 12/28  06:00:00,56.339353270699995,61.344611163100005
 12/28  07:00:00,81.1712082423,73.0388648319
 12/28  08:00:00,96.6038074826,69.7695881467
 12/28  09:00:00,82.4615993484,80.0357163778
 12/28  10:00:00,80.1710261523,90.93528104709999
 12/28  11:00:00,65.0354846493,83.85173700909999
 12/28  12:00:00,65.4253351458,83.46450864180001
 12/28  13:00:00,64.9245422864,86.6989421886
 12/28  14:00:00,64.4703425021,79.3619769433
 12/28  15:00:00,63.925952229399996,77.9626312543
 12/28  16:00:00,62.2194404517,76.8974342694
 12/28  17:00:00,65.02539909939999,58.458797302600004
 12/28  18:00:00,78.4941157073,40.503117286999995
 12/28  19:00:00,84.3292245123,48.3591288461
 12/28  20:00:00,84.9915153253,47.9454770572
 12/28  21:00:00,91.2938440309,49.296835950100004
 12/28  22:00:00,85.41841649220001,55.4877969274
 12/28  23:00:00,64.0891288603,50.5894628215
 12/28  24:00:00,47.2328683971,44.7214885103
 12/29  01:00:00,43.2840761946,44.901308952
 12/29  02:00:00,42.4702045694,45.5728678395
 12/29  03:00:00,41.3750280108,41.0027550987
 12/29  04:00:00,41.9518334737,48.271112886000004
 12/29  05:00:00,43.923508386099996,48.985488519700006
 12/29  06:00:00,51.138378719399995,53.8326263321
 12/29  07:00:00,76.16552058229999,53.8510313961
 12/29  08:00:00,91.922044155,62.216615016599995
 12/29  09:00:00,76.77035987069999,60.6729252963
 12/29  10:00:00,74.18306451800001,76.7599145346
 12/29  11:00:00,58.332772919700005,75.2521641335
 12/29  12:00:00,56.9641304388,66.93262863439999
 12/29  13:00:00,55.075492357600005,63.4893609676
 12/29  14:00:00,53.486109507200005,58.8169324088
 12/29  15:00:00,52.868752981099995,57.714554139899995
 12/29  16:00:00,52.021737091000006,57.7171270641
 12/29  17:00:00,55.2204088056,39.5060048194
 12/29  18:00:00,70.6668461313,23.300026209899997
 12/29  19:00:00,79.1659024274,39.2533742395
 12/29  20:00:00,81.85155918859999,34.2401974941
 12/29  21:00:00,90.79667401379999,30.1239130692
 12/29  22:00:00,85.5135880455,43.3706189752
 12/29  23:00:00,60.6556078575,38.0677917242
 12/29  24:00:00,41.0499988072,33.7745370351
 12/30  01:00:00,37.7989948836,33.761834895599996
 12/30  02:00:00,38.071677312,33.4023555271
 12/30  03:00:00,34.3623543601,33.678615312199994
 12/30  04:00:00,35.1223665494,29.438285830399998
 12/30  05:00:00,37.2149618824,36.420442638400004
 12/30  06:00:00,41.6679730015,36.3688378468
 12/30  07:00:00,60.573991749899996,40.0492927122
 12/30  08:00:00,75.3622203824,44.941785388
 12/30  09:00:00,93.7155514474,57.138397198999996
 12/30  10:00:00,79.80141545949999,72.54110361949999
 12/30  11:00:00,55.6103159937,64.1181465104
 12/30  12:00:00,53.0982816001,57.0970377003
 12/30  13:00:00,52.671591995600004,57.874930538
 12/30  14:00:00,52.4055941986,61.474720511499996
 12/30  15:00:00,52.185588189499995,55.436626952
 12/30  16:00:00,51.7874258896,57.687347294700004
 12/30  17:00:00,55.3982455154,40.4482825453
 12/30  18:00:00,68.1937591505,25.245693384099997
 12/30  19:00:00,84.71552362439999,31.032949246399998
 12/30  20:00:00,85.4873493943,38.1608760887
 12/30  21:00:00,91.50771813959999,41.5833378073
 12/30  22:00:00,89.31253112569999,44.5376188866
 12/30  23:00:00,66.806718302,45.1974972785
 12/30  24:00:00,43.866042728900005,45.575296468599994
 12/31  01:00:00,38.6160971978,41.5874112415
 12/31  02:00:00,39.5354463775,43.1837635038
 12/31  03:00:00,36.7654616367,40.7467453007
 12/31  04:00:00,38.0035651577,48.6700367059
 12/31  05:00:00,39.984667938899996,47.7730798766
 12/31  06:00:00,44.7340754533,47.768197881899994
 12/31  07:00:00,63.6968571646,53.2513061516
 12/31  08:00:00,78.2519140486,51.308876416000004
 12/31  09:00:00,94.27061278049999,73.2438824028
 12/31  10:00:00,80.359809325,81.05819078489999
 12/31  11:00:00,57.0538678,64.5059446847
 12/31  12:00:00,54.832808147200005,65.2833966925
 12/31  13:00:00,54.5577682044,57.6145814453
 12/31  14:00:00,53.9937517191,52.516855243500004
 12/31  15:00:00,53.5434078967,50.75365638270001
 12/31  16:00:00,53.0017718534,51.950075266000006
 12/31  17:00:00,56.2104502844,36.6143250115
 12/31  18:00:00,68.7013427607,23.156506225900003
 12/31  19:00:00,85.2291116452,36.1167643184
 12/31  20:00:00,86.0431081991,39.5719793217
 12/31  21:00:00,92.29294683100001,34.7051544339
 12/31  22:00:00,89.9925027031,39.2368494846
 12/31  23:00:00,67.0875204127,45.589595809399995
 12/31  24:00:00,43.721230543000004,40.899834257600006
