Date/Time,Electricity:Facility [kW](Hourly),Gas:Facility [kW](Hourly)
 01/01  01:00:00,262.700225456,504.647299156
 01/01  02:00:00,258.451650519,382.084629346
 01/01  03:00:00,263.721293,583.357929244
 01/01  04:00:00,258.537777532,446.254897671
 01/01  05:00:00,276.083952827,677.485193421
 01/01  06:00:00,295.31308124099996,514.1448809230001
 01/01  07:00:00,349.57231374800006,760.349056783
 01/01  08:00:00,360.186255482,546.2660084309999
 01/01  09:00:00,322.58677735099997,609.191042686
 01/01  10:00:00,280.521649655,330.055446186
 01/01  11:00:00,236.77183762299998,406.573456997
 01/01  12:00:00,231.498361343,236.36321387
 01/01  13:00:00,236.52130304599999,250.527772962
 01/01  14:00:00,231.392688696,176.511976167
 01/01  15:00:00,236.449149607,217.410361294
 01/01  16:00:00,231.34865652,152.884486886
 01/01  17:00:00,311.072410667,298.181839761
 01/01  18:00:00,368.330213411,277.657171987
 01/01  19:00:00,373.571342313,455.509565914
 01/01  20:00:00,343.966426251,346.06119567
 01/01  21:00:00,349.166386641,495.66440484099996
 01/01  22:00:00,319.522343937,354.345905581
 01/01  23:00:00,300.34829052,557.895780854
 01/01  24:00:00,270.723085763,421.90911333699995
 01/02  01:00:00,313.557880592,576.936267981
 01/02  02:00:00,308.329878192,403.008545321
 01/02  03:00:00,313.590195888,585.610700072
 01/02  04:00:00,308.397223882,444.387136585
 01/02  05:00:00,326.01065615,703.608761194
 01/02  06:00:00,370.105423041,501.62885088300004
 01/02  07:00:00,435.087081582,3166.31552638
 01/02  08:00:00,556.082706435,4028.67897594
 01/02  09:00:00,1059.43537129,2485.69222927
 01/02  10:00:00,1022.11984044,1975.69492271
 01/02  11:00:00,971.638082615,1533.47740295
 01/02  12:00:00,968.282292774,1000.09337142
 01/02  13:00:00,917.7905220560001,761.0834364939999
 01/02  14:00:00,967.2699952080001,658.381705367
 01/02  15:00:00,966.039175195,700.762093545
 01/02  16:00:00,966.095470152,763.6691234230001
 01/02  17:00:00,1040.87208325,943.2369887360001
 01/02  18:00:00,954.0065871989999,1140.76218741
 01/02  19:00:00,754.957245017,1297.49930066
 01/02  20:00:00,730.750168144,1389.20799978
 01/02  21:00:00,581.390969026,1431.38810097
 01/02  22:00:00,556.870614519,1404.80575409
 01/02  23:00:00,349.356979629,2.1909877509599998
 01/02  24:00:00,301.1837472,7.728907576339999
 01/03  01:00:00,291.056282081,14.8525088402
 01/03  02:00:00,310.895840745,62.5184442751
 01/03  03:00:00,306.304833341,76.9632397626
 01/03  04:00:00,310.96172722299997,113.061913477
 01/03  05:00:00,318.59832847900003,132.579357667
 01/03  06:00:00,373.01068751199995,168.93142378
 01/03  07:00:00,431.98475990599997,1754.21366746
 01/03  08:00:00,549.7583010230001,2685.35882291
 01/03  09:00:00,1054.42386886,1617.16421218
 01/03  10:00:00,1016.91357416,1139.89220325
 01/03  11:00:00,967.470988151,972.5099236169999
 01/03  12:00:00,967.15243775,882.763956389
 01/03  13:00:00,917.1813369480001,914.643441721
 01/03  14:00:00,966.947620587,898.958669521
 01/03  15:00:00,966.915562943,846.678965017
 01/03  16:00:00,966.890726596,821.871462243
 01/03  17:00:00,1041.6871377999998,942.637864832
 01/03  18:00:00,955.023350523,1127.55852231
 01/03  19:00:00,755.904822371,1171.85146697
 01/03  20:00:00,731.230146584,1128.47655708
 01/03  21:00:00,581.9093358519999,1301.15244395
 01/03  22:00:00,557.7896649859999,1443.2894643
 01/03  23:00:00,349.953252846,3.6188784349699996
 01/03  24:00:00,301.587585446,8.347946340439998
 01/04  01:00:00,310.936352417,67.4432459306
 01/04  02:00:00,306.357141793,84.1547920049
 01/04  03:00:00,313.05482640400004,181.95892003900002
 01/04  04:00:00,308.0906673,177.09381299700001
 01/04  05:00:00,325.58578564,350.364925912
 01/04  06:00:00,369.834108469,289.89308987
 01/04  07:00:00,432.573787579,1819.75349872
 01/04  08:00:00,554.0435988419999,3176.15850547
 01/04  09:00:00,1058.54334791,1772.70424939
 01/04  10:00:00,1021.53232465,1370.68324143
 01/04  11:00:00,971.48122798,1117.55060189
 01/04  12:00:00,968.753304971,849.42055294
 01/04  13:00:00,917.9219945860001,831.137056806
 01/04  14:00:00,967.2065973460001,761.968960769
 01/04  15:00:00,966.881048389,716.720618232
 01/04  16:00:00,967.063499719,809.2396769589999
 01/04  17:00:00,1042.46640552,1058.32972705
 01/04  18:00:00,956.5946481310001,1268.94670084
 01/04  19:00:00,759.1909393130001,1430.00002715
 01/04  20:00:00,735.770592653,1367.34467278
 01/04  21:00:00,586.716047606,1463.9703470000002
 01/04  22:00:00,562.405096494,1561.54692293
 01/04  23:00:00,350.35515412,4.21247998552
 01/04  24:00:00,314.290986442,21.0850404868
 01/05  01:00:00,306.771849816,52.367443486999996
 01/05  02:00:00,311.577400004,95.7796980194
 01/05  03:00:00,308.847497785,129.454808539
 01/05  04:00:00,312.426290027,188.39432798099998
 01/05  05:00:00,321.332560486,252.542354065
 01/05  06:00:00,374.201668705,316.914101713
 01/05  07:00:00,432.26868439199995,1518.31298535
 01/05  08:00:00,554.14534637,3217.80707141
 01/05  09:00:00,1058.77213105,1923.95644694
 01/05  10:00:00,1021.65235689,1504.28755551
 01/05  11:00:00,972.583600747,1278.49740099
 01/05  12:00:00,971.6026389460001,1125.08374038
 01/05  13:00:00,920.201550259,1045.5192675
 01/05  14:00:00,968.677824748,905.73091661
 01/05  15:00:00,968.276761492,905.352841822
 01/05  16:00:00,968.4911071619999,940.615939807
 01/05  17:00:00,1044.65113626,1198.49446412
 01/05  18:00:00,959.72026965,1344.04684316
 01/05  19:00:00,760.608201734,1346.60216998
 01/05  20:00:00,736.190410564,1374.14979639
 01/05  21:00:00,586.791801205,1481.30465199
 01/05  22:00:00,562.391997526,1542.52193755
 01/05  23:00:00,350.355527295,4.24680477759
 01/05  24:00:00,301.61502633,12.9247410097
 01/06  01:00:00,306.732740408,35.3511648726
 01/06  02:00:00,310.641689799,69.3741960559
 01/06  03:00:00,307.935918426,105.699997914
 01/06  04:00:00,312.813700893,166.61370364
 01/06  05:00:00,320.868940688,208.456172957
 01/06  06:00:00,374.53065823,269.526705527
 01/06  07:00:00,432.098316579,1422.42773678
 01/06  08:00:00,553.94489316,3091.45524233
 01/06  09:00:00,1058.50425879,1717.65631953
 01/06  10:00:00,1021.49561601,1313.84475055
 01/06  11:00:00,971.137381256,1070.91856195
 01/06  12:00:00,969.4099728010001,775.106710114
 01/06  13:00:00,919.91312267,638.91007389
 01/06  14:00:00,970.102357249,490.071753838
 01/06  15:00:00,968.94245668,460.301825565
 01/06  16:00:00,966.9642700119999,604.470517038
 01/06  17:00:00,1041.25484365,871.4104928710001
 01/06  18:00:00,954.47164942,984.140646402
 01/06  19:00:00,755.8952697289999,1215.13523541
 01/06  20:00:00,732.0356257139999,1225.49032712
 01/06  21:00:00,583.34328989,1352.21046444
 01/06  22:00:00,558.802727061,1227.29472189
 01/06  23:00:00,349.557243624,5.15639702911
 01/06  24:00:00,301.983372555,6.65905633758
 01/07  01:00:00,239.54246833099998,12.1593585992
 01/07  02:00:00,239.95066979900002,18.5934158988
 01/07  03:00:00,259.874218272,54.3073859256
 01/07  04:00:00,256.938799653,74.8387052641
 01/07  05:00:00,273.053409433,117.07124308700001
 01/07  06:00:00,293.680986348,129.97764539
 01/07  07:00:00,431.74549009,1167.84112091
 01/07  08:00:00,451.24354894699997,2547.6090532
 01/07  09:00:00,656.799404825,1613.22719762
 01/07  10:00:00,619.017932913,1363.83894503
 01/07  11:00:00,568.903876522,1052.97157432
 01/07  12:00:00,568.385203027,1001.41800881
 01/07  13:00:00,567.9219591259999,848.623266888
 01/07  14:00:00,567.387047232,640.301059313
 01/07  15:00:00,318.293386448,796.262774609
 01/07  16:00:00,318.52502461299997,1036.98026608
 01/07  17:00:00,393.379033162,1297.75269116
 01/07  18:00:00,381.331989,1521.91410993
 01/07  19:00:00,347.930106891,4.36612106236
 01/07  20:00:00,325.475824188,13.4240749512
 01/07  21:00:00,328.46649307,25.3422527687
 01/07  22:00:00,322.20465094400004,96.3739976756
 01/07  23:00:00,293.165929392,107.115593893
 01/07  24:00:00,273.412827788,175.88665762
 01/08  01:00:00,257.470533938,180.78604968099998
 01/08  02:00:00,263.23163825299997,271.172189702
 01/08  03:00:00,258.318300421,285.041918614
 01/08  04:00:00,263.452559008,383.846737904
 01/08  05:00:00,270.63784542900004,357.094733396
 01/08  06:00:00,300.208664356,443.836247249
 01/08  07:00:00,344.07361644800005,420.174942747
 01/08  08:00:00,365.07918888300003,479.04718943800003
 01/08  09:00:00,317.258413522,400.30546821900003
 01/08  10:00:00,285.647405483,427.041729197
 01/08  11:00:00,231.62823109400003,338.03858226799997
 01/08  12:00:00,236.66986453799998,361.56175431300005
 01/08  13:00:00,231.492739062,241.46953927299998
 01/08  14:00:00,236.541012082,272.780554407
 01/08  15:00:00,231.449734115,212.898168438
 01/08  16:00:00,236.56662420599997,285.54674458200003
 01/08  17:00:00,306.152864653,327.66007646400004
 01/08  18:00:00,373.67171881400003,465.323845995
 01/08  19:00:00,368.63191233199996,443.292356928
 01/08  20:00:00,349.360755445,544.059120077
 01/08  21:00:00,344.360166195,535.1154107230001
 01/08  22:00:00,325.132295722,644.903769514
 01/08  23:00:00,295.52807611400004,532.255271478
 01/08  24:00:00,276.264177865,621.820563644
 01/09  01:00:00,308.79083307400003,557.594059381
 01/09  02:00:00,313.989859254,650.334451757
 01/09  03:00:00,308.872376739,576.446747384
 01/09  04:00:00,314.074540899,666.985076995
 01/09  05:00:00,321.107453422,560.669273459
 01/09  06:00:00,375.60179628699996,626.029234278
 01/09  07:00:00,434.52197152800005,2516.53649634
 01/09  08:00:00,555.321740428,3506.14140049
 01/09  09:00:00,1059.23463238,2222.85974573
 01/09  10:00:00,1020.68919655,1700.23761156
 01/09  11:00:00,969.490522175,1371.49712816
 01/09  12:00:00,967.768215916,1029.99136968
 01/09  13:00:00,917.218460625,935.678894359
 01/09  14:00:00,966.531503267,779.4309971069999
 01/09  15:00:00,966.196573392,652.668184557
 01/09  16:00:00,965.9228341119999,528.613453056
 01/09  17:00:00,1040.50893824,602.311455069
 01/09  18:00:00,953.316607625,651.664227804
 01/09  19:00:00,754.45121329,1043.40455666
 01/09  20:00:00,730.885066805,1488.5093957999998
 01/09  21:00:00,581.247783017,1274.14280719
 01/09  22:00:00,556.31313127,1090.72044432
 01/09  23:00:00,349.356988918,2.19104005758
 01/09  24:00:00,301.183882495,8.03984323374
 01/10  01:00:00,289.36407736900003,10.4870145973
 01/10  02:00:00,289.765713613,14.6447441853
 01/10  03:00:00,302.059763665,55.1442274446
 01/10  04:00:00,306.74404242599996,108.281498522
 01/10  05:00:00,322.854962407,164.8163648
 01/10  06:00:00,368.375373197,149.81830443799998
 01/10  07:00:00,431.544910024,1504.06277524
 01/10  08:00:00,547.556651475,1810.80310488
 01/10  09:00:00,1051.6904465,790.289111674
 01/10  10:00:00,1014.53540917,485.51516061
 01/10  11:00:00,965.573976321,451.383227793
 01/10  12:00:00,965.46541402,375.05972946800006
 01/10  13:00:00,915.591658388,360.078036475
 01/10  14:00:00,965.3108694919999,258.219743257
 01/10  15:00:00,965.211349153,169.935290533
 01/10  16:00:00,965.2015592089999,164.69952364
 01/10  17:00:00,1031.22147089,212.151974707
 01/10  18:00:00,952.5775389639999,252.24617248799998
 01/10  19:00:00,753.270088286,316.399219873
 01/10  20:00:00,728.8447464239999,344.874394075
 01/10  21:00:00,579.454459401,494.125485917
 01/10  22:00:00,555.064227413,564.681297609
 01/10  23:00:00,349.356990278,4.3618090054100005
 01/10  24:00:00,299.992231023,2.19100043067
 01/11  01:00:00,287.770034252,2.19080688875
 01/11  02:00:00,287.770034625,4.3618143386
 01/11  03:00:00,288.167345157,4.38699708504
 01/11  04:00:00,289.756945077,13.5718019227
 01/11  05:00:00,301.585648149,17.793856306
 01/11  06:00:00,351.352443101,23.542915719299998
 01/11  07:00:00,430.79719477,1329.51077518
 01/11  08:00:00,538.020847661,1437.0223049
 01/11  09:00:00,1051.64028385,931.003287135
 01/11  10:00:00,1014.78911326,737.519149363
 01/11  11:00:00,965.807213118,647.43972499
 01/11  12:00:00,965.4101262889999,323.252797309
 01/11  13:00:00,915.493008872,269.45505897
 01/11  14:00:00,965.3284520860001,274.829428839
 01/11  15:00:00,965.331419594,283.71185154200003
 01/11  16:00:00,965.457555078,410.07372549300004
 01/11  17:00:00,1031.54607446,518.032950385
 01/11  18:00:00,953.1979463839999,807.5672723639999
 01/11  19:00:00,754.796067112,1442.88089027
 01/11  20:00:00,731.3533209230001,1579.86491194
 01/11  21:00:00,582.8860814440001,1542.02809308
 01/11  22:00:00,558.806671843,1353.01637991
 01/11  23:00:00,349.35699147099996,2.19093024874
 01/11  24:00:00,301.983788543,6.888082239189999
 01/12  01:00:00,289.37089142900004,10.6189923002
 01/12  02:00:00,302.468554408,32.4468402674
 01/12  03:00:00,306.310606846,45.4415972585
 01/12  04:00:00,310.9960999,85.75595908529999
 01/12  05:00:00,318.61037025900004,91.6738624847
 01/12  06:00:00,372.647063569,134.903999579
 01/12  07:00:00,431.510747461,1148.51017842
 01/12  08:00:00,541.7466420630001,2414.38069857
 01/12  09:00:00,1054.62981499,1402.99496568
 01/12  10:00:00,1017.34616044,1128.34586388
 01/12  11:00:00,967.5214290280001,868.644146263
 01/12  12:00:00,966.7562760139999,706.459724648
 01/12  13:00:00,916.498063603,611.742173974
 01/12  14:00:00,966.166230195,585.566154094
 01/12  15:00:00,966.072101442,557.949598483
 01/12  16:00:00,965.8774980889999,472.02740125300005
 01/12  17:00:00,1031.89786756,519.7046448369999
 01/12  18:00:00,953.39246534,638.322345408
 01/12  19:00:00,753.891940075,589.3979498690001
 01/12  20:00:00,729.3990596389999,607.696890018
 01/12  21:00:00,579.959432034,696.936287724
 01/12  22:00:00,555.661747862,825.832926656
 01/12  23:00:00,349.356992662,4.3618392447000005
 01/12  24:00:00,299.99223339900004,2.19102333776
 01/13  01:00:00,289.756593389,9.527714473089999
 01/13  02:00:00,289.362072284,12.3247195423
 01/13  03:00:00,289.766930393,17.2895797028
 01/13  04:00:00,289.372619905,18.0921854169
 01/13  05:00:00,302.01131865599996,36.124767548200005
 01/13  06:00:00,350.970574661,27.362202448
 01/13  07:00:00,431.060618544,1124.04075699
 01/13  08:00:00,540.1353354190001,2150.92307175
 01/13  09:00:00,1053.55201782,1260.01494549
 01/13  10:00:00,1015.77055905,809.1001449239999
 01/13  11:00:00,966.4427930139999,694.4955550760001
 01/13  12:00:00,966.250124307,668.0930665019999
 01/13  13:00:00,916.254056547,630.475974707
 01/13  14:00:00,965.9023491239999,553.810980915
 01/13  15:00:00,965.781142554,501.033686003
 01/13  16:00:00,965.7369377680001,492.155481305
 01/13  17:00:00,1032.00006804,701.439396803
 01/13  18:00:00,953.8402028419999,998.9311803060001
 01/13  19:00:00,754.869418185,1123.75568983
 01/13  20:00:00,730.3472850539999,997.6568192289999
 01/13  21:00:00,580.782332418,976.908949321
 01/13  22:00:00,556.217155703,926.32656685
 01/13  23:00:00,349.356993665,2.1910585454
 01/13  24:00:00,299.992234854,4.36193761369
 01/14  01:00:00,237.929310693,2.1908839770599995
 01/14  02:00:00,239.91770996099999,8.86638089711
 01/14  03:00:00,239.52284020099998,11.3396419827
 01/14  04:00:00,239.92672997,14.1384462603
 01/14  05:00:00,251.749007192,11.555687646900001
 01/14  06:00:00,276.596244099,17.2734877676
 01/14  07:00:00,430.70819160199994,746.446164446
 01/14  08:00:00,437.872322493,769.0793022360001
 01/14  09:00:00,652.5894244269999,596.356540289
 01/14  10:00:00,615.634959478,381.533498142
 01/14  11:00:00,566.61309124,279.046831188
 01/14  12:00:00,566.923333456,242.215235817
 01/14  13:00:00,568.207509665,203.04573812400002
 01/14  14:00:00,566.514150148,199.409422232
 01/14  15:00:00,317.42965574,335.56189967299997
 01/14  16:00:00,317.45708176700003,375.553256759
 01/14  17:00:00,383.47211643,432.289203141
 01/14  18:00:00,379.64771125699997,552.529539529
 01/14  19:00:00,347.930118396,2.19326476525
 01/14  20:00:00,323.48572272900003,4.36606842602
 01/14  21:00:00,323.485723016,4.36599448191
 01/14  22:00:00,299.042354571,4.37033789078
 01/14  23:00:00,274.595904524,4.36193547523
 01/14  24:00:00,250.15150851099997,2.190882411
 01/15  01:00:00,237.92879800400001,2.18985507277
 01/15  02:00:00,237.92879808599997,2.19002691569
 01/15  03:00:00,237.928798062,2.18987631143
 01/15  04:00:00,237.928798173,2.1897256736200004
 01/15  05:00:00,250.15099595700002,4.35964572177
 01/15  06:00:00,276.184752836,9.59867149828
 01/15  07:00:00,325.468804088,11.274304255899999
 01/15  08:00:00,332.032190361,10.0093459265
 01/15  09:00:00,296.666578355,2.18996583722
 01/15  10:00:00,260.396906016,4.00393620901
 01/15  11:00:00,212.697985086,8.425876724630001
 01/15  12:00:00,211.50880398099997,3.61946787869
 01/15  13:00:00,211.112221558,4.36428583354
 01/15  14:00:00,211.11376313,4.3702615623400005
 01/15  15:00:00,211.11222154799998,4.36393873512
 01/15  16:00:00,211.111193614,2.18996686586
 01/15  17:00:00,278.27758705900004,7.0689142486300005
 01/15  18:00:00,349.917241866,15.911609563699999
 01/15  19:00:00,349.521421985,15.3586674584
 01/15  20:00:00,325.47800813,21.8219307989
 01/15  21:00:00,325.07948853700003,18.1746718495
 01/15  22:00:00,301.03862691,27.961780497800003
 01/15  23:00:00,276.193081155,20.8861554848
 01/15  24:00:00,252.151264405,31.319024822800003
 01/16  01:00:00,239.53161399599998,26.7027645231
 01/16  02:00:00,239.948856348,51.558899377399996
 01/16  03:00:00,239.552910338,50.579189256499994
 01/16  04:00:00,248.42450372099998,111.812014725
 01/16  05:00:00,268.695810477,137.51469987299998
 01/16  06:00:00,297.806413088,204.789212009
 01/16  07:00:00,342.048190668,158.246797732
 01/16  08:00:00,354.085276617,239.75204783799998
 01/16  09:00:00,315.218443366,143.065277504
 01/16  10:00:00,283.178567669,163.622638323
 01/16  11:00:00,216.96119863400003,64.50165449
 01/16  12:00:00,213.136603896,55.1639465439
 01/16  13:00:00,212.71846955200002,30.8106541975
 01/16  14:00:00,213.11831294400002,33.9506450938
 01/16  15:00:00,212.71070376,20.3897111648
 01/16  16:00:00,213.107871839,25.6041759662
 01/16  17:00:00,278.687739505,22.4576104888
 01/16  18:00:00,362.602923941,72.0642518356
 01/16  19:00:00,366.446231287,101.980871957
 01/16  20:00:00,346.667235258,165.196468716
 01/16  21:00:00,342.046888002,149.66999454700002
 01/16  22:00:00,322.265047551,209.415190413
 01/16  23:00:00,293.20537420700003,197.66195569099997
 01/16  24:00:00,273.454626533,286.54549070400003
 01/17  01:00:00,306.448748426,262.796659826
 01/17  02:00:00,312.285132039,365.925237447
 01/17  03:00:00,308.528403676,321.643669022
 01/17  04:00:00,312.708501562,368.407087966
 01/17  05:00:00,320.67785586400004,317.901653551
 01/17  06:00:00,374.423411319,398.58238364199997
 01/17  07:00:00,432.67124451300003,2249.85369434
 01/17  08:00:00,541.589266202,2845.60089358
 01/17  09:00:00,1055.1703644,1787.00778749
 01/17  10:00:00,1016.90690399,1073.08121646
 01/17  11:00:00,966.274839047,563.274721487
 01/17  12:00:00,965.69967254,378.29539012099997
 01/17  13:00:00,915.770236569,380.460949384
 01/17  14:00:00,965.543857515,367.680735827
 01/17  15:00:00,965.651221046,457.621338825
 01/17  16:00:00,965.685212867,485.912066574
 01/17  17:00:00,1031.72691325,539.750971095
 01/17  18:00:00,953.561610955,892.689431308
 01/17  19:00:00,754.442283813,979.691259496
 01/17  20:00:00,729.890234829,897.3557495360001
 01/17  21:00:00,580.636466864,1079.31149683
 01/17  22:00:00,556.249937502,1108.83871442
 01/17  23:00:00,349.35699783800004,2.1910313820200003
 01/17  24:00:00,300.787512265,7.381649736010001
 01/18  01:00:00,289.362947385,9.7960085651
 01/18  02:00:00,289.769775992,17.4105391772
 01/18  03:00:00,289.374123837,19.4193494047
 01/18  04:00:00,289.78955483,30.6021820356
 01/18  05:00:00,318.533428728,81.2904538891
 01/18  06:00:00,372.575913945,134.727396178
 01/18  07:00:00,431.373971164,1322.48412576
 01/18  08:00:00,540.184841109,2215.09025604
 01/18  09:00:00,1053.58374404,1395.06536843
 01/18  10:00:00,1015.88991398,871.0112093160001
 01/18  11:00:00,966.167565539,581.715773395
 01/18  12:00:00,965.885095638,509.34625984300004
 01/18  13:00:00,916.016017885,537.520701248
 01/18  14:00:00,965.7791292239999,507.831620515
 01/18  15:00:00,965.711563958,474.27387249699996
 01/18  16:00:00,965.7580417969999,521.2845561309999
 01/18  17:00:00,1023.36364388,655.155870276
 01/18  18:00:00,953.49410833,825.4425438760001
 01/18  19:00:00,754.311223963,917.356598764
 01/18  20:00:00,729.90034217,916.0958628489999
 01/18  21:00:00,580.468657702,963.918039445
 01/18  22:00:00,556.153518779,1042.24682107
 01/18  23:00:00,349.35699907199995,2.19108066587
 01/18  24:00:00,300.787627292,5.22551972714
 01/19  01:00:00,289.36244749900004,11.498237216500002
 01/19  02:00:00,289.768777924,16.4778071406
 01/19  03:00:00,289.374074648,16.9434112994
 01/19  04:00:00,289.79607727900003,36.507615841799996
 01/19  05:00:00,317.674026185,68.2934361531
 01/19  06:00:00,372.564022347,124.344561829
 01/19  07:00:00,431.32375267199996,1253.66361299
 01/19  08:00:00,539.889553557,2050.77186303
 01/19  09:00:00,1053.23071611,1253.6098792
 01/19  10:00:00,1015.99037247,891.2708548960001
 01/19  11:00:00,966.5320758810001,625.340855585
 01/19  12:00:00,968.0218953269999,330.63740761400004
 01/19  13:00:00,919.9419980819999,205.61106670700002
 01/19  14:00:00,970.640784538,178.694029319
 01/19  15:00:00,969.673525356,159.500102096
 01/19  16:00:00,967.7377954,197.770783965
 01/19  17:00:00,1023.26228832,490.198578746
 01/19  18:00:00,953.696893552,908.171918422
 01/19  19:00:00,754.906386515,1103.56132203
 01/19  20:00:00,730.903564733,1158.98408764
 01/19  21:00:00,581.3002863190001,1018.6355451
 01/19  22:00:00,556.901561636,1051.97074531
 01/19  23:00:00,349.35700019999996,4.3621717899
 01/19  24:00:00,301.184055022,4.73540590831
 01/20  01:00:00,289.369172028,10.025281122200001
 01/20  02:00:00,289.772827007,15.9473532737
 01/20  03:00:00,289.39525827299997,21.8061772049
 01/20  04:00:00,299.945138588,46.479970843000004
 01/20  05:00:00,318.568027277,74.3826480164
 01/20  06:00:00,372.59489974800005,108.860236365
 01/20  07:00:00,431.32918444300003,1025.91952654
 01/20  08:00:00,542.5051787819999,2460.94752692
 01/20  09:00:00,1054.55741049,1143.0746167000002
 01/20  10:00:00,1016.36442809,769.9208259339999
 01/20  11:00:00,966.822024102,456.529560919
 01/20  12:00:00,969.0859974460001,215.50924060900002
 01/20  13:00:00,920.85504829,170.650650388
 01/20  14:00:00,971.4863571019999,143.39963010600002
 01/20  15:00:00,970.430595467,106.301496014
 01/20  16:00:00,968.2658974189999,92.8474832356
 01/20  17:00:00,1023.05325868,192.32576545599997
 01/20  18:00:00,952.7724728769999,325.59364092
 01/20  19:00:00,753.481778269,395.11936916699995
 01/20  20:00:00,729.0676598069999,435.88731696599996
 01/20  21:00:00,579.579052684,479.490198039
 01/20  22:00:00,555.1833005359999,537.537807554
 01/20  23:00:00,349.35700107099996,4.36207141911
 01/20  24:00:00,299.99224163900004,2.19112767265
 01/21  01:00:00,237.929317962,4.36173151107
 01/21  02:00:00,237.929317929,2.1910014093
 01/21  03:00:00,239.914128603,9.200633652130001
 01/21  04:00:00,239.52020405,12.59948419
 01/21  05:00:00,252.14580033299998,17.4123697356
 01/21  06:00:00,276.193807823,17.36537956
 01/21  07:00:00,430.575376999,904.113395483
 01/21  08:00:00,437.83336652599996,860.183537842
 01/21  09:00:00,652.664199276,706.741556354
 01/21  10:00:00,615.936822158,667.566873248
 01/21  11:00:00,566.970646701,603.696571813
 01/21  12:00:00,566.843078603,498.39299676699994
 01/21  13:00:00,566.718272405,388.699979018
 01/21  14:00:00,566.669725546,320.933001656
 01/21  15:00:00,317.514730621,400.14894266
 01/21  16:00:00,317.562024738,460.65665112
 01/21  17:00:00,375.17831363,644.572551285
 01/21  18:00:00,380.126035361,946.2095767239999
 01/21  19:00:00,347.930128084,3.7558401831
 01/21  20:00:00,323.48573258,4.366072509049999
 01/21  21:00:00,325.47049650599996,12.1972531229
 01/21  22:00:00,300.632553734,12.9425028658
 01/21  23:00:00,276.58803238400003,19.342196820799998
 01/21  24:00:00,251.746883535,15.8061964547
 01/22  01:00:00,239.928405298,24.450683097
 01/22  02:00:00,239.53171667799998,23.1301807711
 01/22  03:00:00,251.77313250900002,77.7779404291
 01/22  04:00:00,256.456500933,103.405968255
 01/22  05:00:00,273.342692948,162.745661145
 01/22  06:00:00,293.159622967,138.46383581700002
 01/22  07:00:00,346.71771125099997,204.43988430000002
 01/22  08:00:00,349.450700588,184.17566156599997
 01/22  09:00:00,319.874817953,176.159327618
 01/22  10:00:00,278.53599361,110.565762131
 01/22  11:00:00,221.592085012,81.8389758343
 01/22  12:00:00,212.73064593200002,39.7272091925
 01/22  13:00:00,213.12965466900002,40.9261465561
 01/22  14:00:00,212.712885765,23.424323673000004
 01/22  15:00:00,213.10691791099998,19.3234132063
 01/22  16:00:00,212.706279969,15.2812040627
 01/22  17:00:00,270.543687518,24.478985296999998
 01/22  18:00:00,349.531027512,22.363976193200003
 01/22  19:00:00,349.934351735,32.213089482600004
 01/22  20:00:00,325.084839895,20.7133855699
 01/22  21:00:00,325.481790423,22.3074975204
 01/22  22:00:00,300.639495986,20.569217888900003
 01/22  23:00:00,276.594264117,23.617673343699998
 01/22  24:00:00,251.75073931900002,19.9933589066
 01/23  01:00:00,289.768511347,23.319423861300002
 01/23  02:00:00,289.369504496,21.964505763600002
 01/23  03:00:00,289.773602823,28.3497537967
 01/23  04:00:00,289.373178949,23.432558610700003
 01/23  05:00:00,301.99900495599996,33.7294623857
 01/23  06:00:00,350.963960675,27.8983578083
 01/23  07:00:00,431.18875449800004,1535.33747465
 01/23  08:00:00,537.816604918,1184.12296926
 01/23  09:00:00,1051.26116332,631.266045596
 01/23  10:00:00,1014.37379965,432.618545578
 01/23  11:00:00,965.498736339,456.87720505699997
 01/23  12:00:00,965.623912333,577.491769785
 01/23  13:00:00,915.791245584,583.426483401
 01/23  14:00:00,965.463774748,422.45165343300005
 01/23  15:00:00,965.484650835,448.383192736
 01/23  16:00:00,965.540179848,500.17373542
 01/23  17:00:00,1023.04273178,566.242760578
 01/23  18:00:00,952.98563935,632.46684823
 01/23  19:00:00,753.65816159,659.55918453
 01/23  20:00:00,729.2382867939999,680.317702335
 01/23  21:00:00,579.771516183,729.896734145
 01/23  22:00:00,555.315148021,731.1529015880001
 01/23  23:00:00,349.35700358400004,2.1911497579700003
 01/23  24:00:00,299.992244277,2.19097808656
 01/24  01:00:00,287.770047734,4.361845944700001
 01/24  02:00:00,288.961490274,7.424047582719999
 01/24  03:00:00,289.36052126,10.989141666099998
 01/24  04:00:00,289.76028997599997,17.446233354
 01/24  05:00:00,301.587406188,15.5357148803
 01/24  06:00:00,351.352555064,21.1194249309
 01/24  07:00:00,430.799560498,1194.63419129
 01/24  08:00:00,537.7553195969999,1129.53181702
 01/24  09:00:00,1051.35520342,697.380549605
 01/24  10:00:00,1014.55458939,582.776696865
 01/24  11:00:00,965.5916271880001,518.839482483
 01/24  12:00:00,965.558901182,496.501593656
 01/24  13:00:00,915.736291212,517.7919076109999
 01/24  14:00:00,965.4882545080001,436.811390198
 01/24  15:00:00,965.439258846,392.948343327
 01/24  16:00:00,965.461403555,418.41899604400004
 01/24  17:00:00,1022.92578314,452.44551321
 01/24  18:00:00,952.8495170389999,513.607402998
 01/24  19:00:00,753.6034979469999,624.126176421
 01/24  20:00:00,729.1971774739999,655.071702133
 01/24  21:00:00,580.016221194,949.183549456
 01/24  22:00:00,555.8550123030001,1096.54251539
 01/24  23:00:00,349.35700443400003,4.36198015431
 01/24  24:00:00,299.99224521900004,2.1910837860099996
 01/25  01:00:00,288.96265265700004,7.476985730580001
 01/25  02:00:00,289.763216722,17.6009254727
 01/25  03:00:00,289.366979917,14.7345580427
 01/25  04:00:00,289.76986355900004,20.8459954767
 01/25  05:00:00,301.592607514,19.7222792486
 01/25  06:00:00,351.367879144,30.7607648664
 01/25  07:00:00,430.849096968,1057.29196396
 01/25  08:00:00,538.0797685709999,1235.85267714
 01/25  09:00:00,1051.62489546,809.211805367
 01/25  10:00:00,1014.58500467,529.91543864
 01/25  11:00:00,965.339954698,259.430409095
 01/25  12:00:00,965.331268438,169.612900788
 01/25  13:00:00,916.39143946,172.72223556900002
 01/25  14:00:00,965.201674367,146.17309944
 01/25  15:00:00,965.1660167560001,127.38519119700001
 01/25  16:00:00,965.166638222,130.783169913
 01/25  17:00:00,1022.61973041,154.293814406
 01/25  18:00:00,952.5353586189999,207.432878903
 01/25  19:00:00,753.2328998419999,275.994672169
 01/25  20:00:00,728.7962413930001,289.12206891200003
 01/25  21:00:00,579.323738816,346.90497886800006
 01/25  22:00:00,554.881241813,356.112015213
 01/25  23:00:00,349.357005006,2.19097276246
 01/25  24:00:00,299.992246341,4.36180960894
 01/26  01:00:00,287.770048959,2.19086993095
 01/26  02:00:00,287.77004892400004,2.19110303026
 01/26  03:00:00,287.77004928,4.36210470972
 01/26  04:00:00,287.770048831,2.19100172818
 01/26  05:00:00,301.978418596,12.566451839800001
 01/26  06:00:00,350.94841680800005,15.860094515899998
 01/26  07:00:00,430.374148244,926.24097619
 01/26  08:00:00,528.802392436,843.74267059
 01/26  09:00:00,1050.94129127,360.090504066
 01/26  10:00:00,1014.10610009,190.941039011
 01/26  11:00:00,965.3570281010001,165.016913197
 01/26  12:00:00,967.236946686,155.340237285
 01/26  13:00:00,919.326506067,173.56134585599997
 01/26  14:00:00,969.5470112989999,140.126773588
 01/26  15:00:00,967.712450227,98.1762232643
 01/26  16:00:00,965.8579468219999,88.0015392614
 01/26  17:00:00,1014.03819971,130.388334922
 01/26  18:00:00,952.536481932,232.59441977400002
 01/26  19:00:00,753.2850782830001,359.18170715599996
 01/26  20:00:00,728.916971819,437.644704646
 01/26  21:00:00,579.558340026,608.920050105
 01/26  22:00:00,555.182648623,659.378979654
 01/26  23:00:00,349.35700581,2.1911533104700003
 01/26  24:00:00,299.99224698,4.36180540189
 01/27  01:00:00,287.77004985400004,2.19105551856
 01/27  02:00:00,287.770049594,2.19088974306
 01/27  03:00:00,289.357955865,11.1160798681
 01/27  04:00:00,289.75696491900004,12.7323049504
 01/27  05:00:00,301.585177934,14.1312164899
 01/27  06:00:00,351.350637802,20.2509133519
 01/27  07:00:00,430.38896462599996,891.7607503989999
 01/27  08:00:00,528.855869046,852.6016861039999
 01/27  09:00:00,1051.042619,436.781803491
 01/27  10:00:00,1014.11182843,186.85473159999998
 01/27  11:00:00,965.1673682310001,134.145971094
 01/27  12:00:00,965.3914693139999,117.315713046
 01/27  13:00:00,935.235609252,122.862975443
 01/27  14:00:00,1053.14532366,84.17045296939999
 01/27  15:00:00,1054.90613913,51.74180042850001
 01/27  16:00:00,1030.01358475,42.798641712
 01/27  17:00:00,1014.2705679,58.321137990100006
 01/27  18:00:00,952.4320752030001,110.182984634
 01/27  19:00:00,753.118913077,167.017101581
 01/27  20:00:00,728.676366395,167.99464417
 01/27  21:00:00,579.205768777,230.137748808
 01/27  22:00:00,554.77922306,251.917328144
 01/27  23:00:00,349.357006551,2.19116543025
 01/27  24:00:00,299.9922477,4.36183390606
 01/28  01:00:00,237.92932347099998,2.19107211718
 01/28  02:00:00,237.92932321700002,2.1909077113900004
 01/28  03:00:00,237.929323571,4.362124211909999
 01/28  04:00:00,237.929323427,2.19061075374
 01/28  05:00:00,250.15152102,2.19105221152
 01/28  06:00:00,274.597465263,4.36854213941
 01/28  07:00:00,430.056445944,634.0601751290001
 01/28  08:00:00,428.74959838800004,504.85565423599996
 01/28  09:00:00,652.17382022,346.06043063
 01/28  10:00:00,615.465328945,302.202909819
 01/28  11:00:00,566.562682603,291.194318204
 01/28  12:00:00,566.538508243,266.630224343
 01/28  13:00:00,566.521019862,248.90209314700002
 01/28  14:00:00,566.522183245,253.222838252
 01/28  15:00:00,317.382895668,329.495800674
 01/28  16:00:00,317.429010779,390.792975665
 01/28  17:00:00,366.37126399,455.30479331099997
 01/28  18:00:00,379.610252432,547.3227948040001
 01/28  19:00:00,347.930136196,4.36677998075
 01/28  20:00:00,323.485740323,4.3664828984
 01/28  21:00:00,323.485740512,4.36597043979
 01/28  22:00:00,299.042376826,4.37064747872
 01/28  23:00:00,274.595916885,4.3619204528
 01/28  24:00:00,250.151521217,2.19111483476
 01/29  01:00:00,237.92880766099998,2.19002265871
 01/29  02:00:00,237.928807664,2.18989546755
 01/29  03:00:00,237.928807745,2.19009576141
 01/29  04:00:00,237.92880774099999,2.18996869245
 01/29  05:00:00,250.151005648,2.1898416055500003
 01/29  06:00:00,274.596949875,4.36663348986
 01/29  07:00:00,323.48419244900003,2.18978893667
 01/29  08:00:00,323.091659879,8.49038826036
 01/29  09:00:00,298.253665442,9.15675905474
 01/29  10:00:00,261.19039259,7.52485405411
 01/29  11:00:00,212.30140826,7.29081578095
 01/29  12:00:00,211.112235928,2.19220015768
 01/29  13:00:00,211.11223591799998,4.36431273498
 01/29  14:00:00,211.11378506900002,4.37097158888
 01/29  15:00:00,211.112235981,4.36417615699
 01/29  16:00:00,211.507601903,3.4817818511800005
 01/29  17:00:00,261.982820437,9.66053339366
 01/29  18:00:00,349.517572958,11.4764810288
 01/29  19:00:00,349.91510470699995,16.3142476075
 01/29  20:00:00,325.075267631,14.015674406099999
 01/29  21:00:00,325.474268805,18.468689278299998
 01/29  22:00:00,300.635541725,19.9791255338
 01/29  23:00:00,276.58790651099997,21.407620535899998
 01/29  24:00:00,251.745893415,18.6303024835
 01/30  01:00:00,289.759839096,18.0990593021
 01/30  02:00:00,289.36328465,18.7888136105
 01/30  03:00:00,289.762499412,21.3188327543
 01/30  04:00:00,289.366279409,20.238099823699997
 01/30  05:00:00,301.98951519599996,29.3050768972
 01/30  06:00:00,350.959608839,28.2214263347
 01/30  07:00:00,430.628562675,1263.92183409
 01/30  08:00:00,528.8403767980001,911.908544714
 01/30  09:00:00,1051.03845394,473.644397852
 01/30  10:00:00,1014.18388221,281.58367122
 01/30  11:00:00,965.213266608,194.82648365400001
 01/30  12:00:00,965.196525093,181.170163778
 01/30  13:00:00,915.365906308,193.218025052
 01/30  14:00:00,965.1728727210001,156.721909614
 01/30  15:00:00,965.254637976,250.631481602
 01/30  16:00:00,965.5467116110001,572.0038526769999
 01/30  17:00:00,1014.76377519,865.1839610569999
 01/30  18:00:00,953.578521017,1117.19040964
 01/30  19:00:00,754.7526067360001,1305.22493421
 01/30  20:00:00,730.7083569810001,1271.7997927000001
 01/30  21:00:00,581.54706385,1236.72303429
 01/30  22:00:00,557.3205973940001,1179.8482127999998
 01/30  23:00:00,349.35700882199995,4.36238396309
 01/30  24:00:00,301.187081282,5.811846521970001
 01/31  01:00:00,289.775479356,16.2718016862
 01/31  02:00:00,289.383216253,15.5174623983
 01/31  03:00:00,289.82112725900004,33.5868428175
 01/31  04:00:00,305.480650782,60.562587148
 01/31  05:00:00,323.24303516099997,106.143114154
 01/31  06:00:00,367.989222588,109.126998894
 01/31  07:00:00,431.41865189999993,1065.4167767000001
 01/31  08:00:00,535.929614173,2711.56402361
 01/31  09:00:00,1058.34999952,1563.76035166
 01/31  10:00:00,1021.1188648,1339.94677266
 01/31  11:00:00,970.9574773310001,1171.22763039
 01/31  12:00:00,969.6438083730001,1048.82204864
 01/31  13:00:00,920.005762305,1191.8977299
 01/31  14:00:00,969.8653915289999,1113.17065508
 01/31  15:00:00,969.457405217,1025.50087988
 01/31  16:00:00,969.431885235,1035.86066193
 01/31  17:00:00,1018.91835494,1162.22445915
 01/31  18:00:00,958.6366206280001,1299.1001210000002
 01/31  19:00:00,760.1606034519999,1358.91286474
 01/31  20:00:00,736.153949771,1381.71631122
 01/31  21:00:00,586.740822626,1432.86319239
 01/31  22:00:00,562.336017862,1475.81863297
 01/31  23:00:00,350.28841253800005,3.91649052107
 01/31  24:00:00,308.786816623,20.8327662612
 02/01  01:00:00,306.355235985,41.1159178762
 02/01  02:00:00,311.126342474,100.54838069799999
 02/01  03:00:00,308.514513562,118.407380464
 02/01  04:00:00,312.951531524,234.081362672
 02/01  05:00:00,320.915076764,235.29874069599998
 02/01  06:00:00,374.846848332,433.664707279
 02/01  07:00:00,432.329976859,1484.32680063
 02/01  08:00:00,537.1446627290001,3194.70939348
 02/01  09:00:00,1058.68244465,1853.27433179
 02/01  10:00:00,1021.61824327,1442.40380988
 02/01  11:00:00,972.6235691210001,1320.75008569
 02/01  12:00:00,972.7101711539999,1278.21576799
 02/01  13:00:00,923.232641707,1130.86495337
 02/01  14:00:00,972.192590006,1005.69308383
 02/01  15:00:00,971.873832285,1075.03174337
 02/01  16:00:00,971.363302805,1101.92098322
 02/01  17:00:00,1021.21346045,1118.25785262
 02/01  18:00:00,959.889883617,1232.50162424
 02/01  19:00:00,760.670814195,1403.78266123
 02/01  20:00:00,736.266302605,1460.19752753
 02/01  21:00:00,586.942915615,1629.42972251
 02/01  22:00:00,562.584100923,1757.12807649
 02/01  23:00:00,350.427374428,7.99318605847
 02/01  24:00:00,323.20320285400004,47.8995844512
 02/02  01:00:00,307.455669614,69.71051351199999
 02/02  02:00:00,313.224059334,151.30957787399998
 02/02  03:00:00,308.190465102,163.180870147
 02/02  04:00:00,313.434173826,289.025897092
 02/02  05:00:00,320.538487909,253.38638302599998
 02/02  06:00:00,375.24931838300006,434.110626733
 02/02  07:00:00,432.281864658,1474.34091278
 02/02  08:00:00,536.804353854,2983.83105259
 02/02  09:00:00,1057.97556847,1531.09249958
 02/02  10:00:00,1017.51732451,836.1726750319999
 02/02  11:00:00,967.0910456280001,664.72959606
 02/02  12:00:00,967.211990416,482.77273266199995
 02/02  13:00:00,918.615802508,421.483957544
 02/02  14:00:00,969.457821868,366.710974136
 02/02  15:00:00,968.3340392680001,406.99586654300003
 02/02  16:00:00,966.909437633,580.77420251
 02/02  17:00:00,1015.35192061,835.202992304
 02/02  18:00:00,946.260422634,1186.03521676
 02/02  19:00:00,756.676474548,1325.08853584
 02/02  20:00:00,732.892460995,1259.94133919
 02/02  21:00:00,584.4451215830001,1366.38897135
 02/02  22:00:00,561.954849181,1493.74758484
 02/02  23:00:00,350.35120862900004,3.3039647557200005
 02/02  24:00:00,309.214060703,16.675331763800003
 02/03  01:00:00,306.731544552,35.4195291257
 02/03  02:00:00,310.635893188,69.9204233216
 02/03  03:00:00,306.839063991,86.2257295781
 02/03  04:00:00,312.697102853,144.78130836
 02/03  05:00:00,320.827593018,185.81489852400003
 02/03  06:00:00,374.627657926,306.102320849
 02/03  07:00:00,432.103331702,1372.00934452
 02/03  08:00:00,536.741376091,2980.0944654
 02/03  09:00:00,1058.40746608,1615.53813261
 02/03  10:00:00,1020.28775411,1202.61540728
 02/03  11:00:00,968.52485533,895.445626365
 02/03  12:00:00,967.389545079,804.116702824
 02/03  13:00:00,916.444826232,535.154911041
 02/03  14:00:00,965.752813774,386.83502447
 02/03  15:00:00,965.703997253,403.934697052
 02/03  16:00:00,965.483506377,295.19063712
 02/03  17:00:00,1014.36977415,324.93874734
 02/03  18:00:00,944.53883115,568.144350199
 02/03  19:00:00,753.939805556,746.376069592
 02/03  20:00:00,729.5612931239999,793.8654260589999
 02/03  21:00:00,580.271408546,956.766209535
 02/03  22:00:00,555.965930598,1022.21365628
 02/03  23:00:00,349.357010766,2.19113347084
 02/03  24:00:00,300.39010036900004,6.15426491298
 02/04  01:00:00,239.92174787,13.443818101400002
 02/04  02:00:00,239.53560697700001,20.0708630162
 02/04  03:00:00,250.932034016,61.0170389493
 02/04  04:00:00,256.489346683,102.931945509
 02/04  05:00:00,273.354128828,133.790941759
 02/04  06:00:00,293.224130776,165.044468296
 02/04  07:00:00,431.48733657,1488.45217901
 02/04  08:00:00,425.687676987,2834.94848193
 02/04  09:00:00,657.5296894090001,1743.63836408
 02/04  10:00:00,620.091350282,1442.65494735
 02/04  11:00:00,570.241358394,1284.93489456
 02/04  12:00:00,569.716021466,1217.82579396
 02/04  13:00:00,569.528906334,1184.05532182
 02/04  14:00:00,569.6719013,1226.71723306
 02/04  15:00:00,320.959090405,1411.13933111
 02/04  16:00:00,321.387387064,1535.0016024
 02/04  17:00:00,370.803422133,1633.0833559
 02/04  18:00:00,375.774539779,1686.46468284
 02/04  19:00:00,348.72630773300006,3.9947864171199994
 02/04  20:00:00,325.082753195,9.55376938787
 02/04  21:00:00,338.195001488,39.574911094499996
 02/04  22:00:00,321.872730856,83.660246631
 02/04  23:00:00,294.716163125,116.97613486899999
 02/04  24:00:00,274.71570458599996,163.896721364
 02/05  01:00:00,259.14027815099996,212.99832795700001
 02/05  02:00:00,262.64159980700003,280.258232771
 02/05  03:00:00,259.274872976,319.16523767
 02/05  04:00:00,262.765081782,373.54949071699997
 02/05  05:00:00,271.607354741,399.71810368
 02/05  06:00:00,299.520985875,434.696515166
 02/05  07:00:00,344.999048248,436.003460761
 02/05  08:00:00,338.729020206,461.11094586900003
 02/05  09:00:00,318.21491149400003,451.617837764
 02/05  10:00:00,289.889908362,433.653838595
 02/05  11:00:00,232.571049635,391.293432845
 02/05  12:00:00,235.84256923700002,305.867210708
 02/05  13:00:00,232.395371825,286.385058932
 02/05  14:00:00,235.771704504,262.678491871
 02/05  15:00:00,232.32953595700002,247.40841278599999
 02/05  16:00:00,235.75774891,252.925974254
 02/05  17:00:00,281.267642891,271.13550071099996
 02/05  18:00:00,364.181385335,341.416544762
 02/05  19:00:00,369.421649076,417.117490594
 02/05  20:00:00,348.49112876,480.899865365
 02/05  21:00:00,345.13665516300006,517.905946169
 02/05  22:00:00,324.208159553,569.930971473
 02/05  23:00:00,296.383368489,578.9461187009999
 02/05  24:00:00,275.419893931,600.074386682
 02/06  01:00:00,309.60728006200003,582.766827473
 02/06  02:00:00,313.038458466,575.662170003
 02/06  03:00:00,309.629009902,576.566587334
 02/06  04:00:00,313.071139204,578.275602976
 02/06  05:00:00,321.862776994,569.141189964
 02/06  06:00:00,374.63749273199994,561.955987509
 02/06  07:00:00,434.50801649,2566.20409021
 02/06  08:00:00,529.531610409,3471.10280791
 02/06  09:00:00,1058.91586071,2115.07162824
 02/06  10:00:00,1019.00448335,1411.96594785
 02/06  11:00:00,967.646986677,990.077368612
 02/06  12:00:00,966.2883949630001,629.549056728
 02/06  13:00:00,916.0269940530001,529.5900587919999
 02/06  14:00:00,965.6674696030001,469.112840904
 02/06  15:00:00,965.389938073,282.605745138
 02/06  16:00:00,965.2180826389999,158.98886214200002
 02/06  17:00:00,1014.11624465,169.199407892
 02/06  18:00:00,944.1764828260001,351.20909994699997
 02/06  19:00:00,753.5693103369999,564.49633623
 02/06  20:00:00,729.235749433,698.726469167
 02/06  21:00:00,579.815338162,818.2211873130001
 02/06  22:00:00,555.292690536,764.345842579
 02/06  23:00:00,349.357012201,2.19095828713
 02/06  24:00:00,299.992253188,2.1912069861099996
 02/07  01:00:00,287.770055994,4.36195242332
 02/07  02:00:00,288.167265723,4.15890606129
 02/07  03:00:00,289.75635784599996,12.2979052304
 02/07  04:00:00,289.36280486,16.3482661844
 02/07  05:00:00,301.985937334,20.0671838608
 02/07  06:00:00,350.95700835900004,22.3451030865
 02/07  07:00:00,431.04313830300003,1492.17957509
 02/07  08:00:00,521.391826516,1757.79328705
 02/07  09:00:00,1052.40449618,1344.31085372
 02/07  10:00:00,1015.41769125,967.0225733860001
 02/07  11:00:00,966.151688595,707.414249386
 02/07  12:00:00,965.608192063,386.303284059
 02/07  13:00:00,915.6293534560001,323.714059484
 02/07  14:00:00,965.3348055069999,238.63001715099998
 02/07  15:00:00,965.2989417619999,218.760226455
 02/07  16:00:00,965.287302977,219.389029151
 02/07  17:00:00,1014.15112059,204.988797533
 02/07  18:00:00,944.0283641760001,223.72773909900002
 02/07  19:00:00,753.2493922460001,269.89952516700004
 02/07  20:00:00,728.808442808,284.09539260900004
 02/07  21:00:00,579.3823748369999,392.883968831
 02/07  22:00:00,554.9848019,453.77056219699995
 02/07  23:00:00,349.35701256,2.19104376333
 02/07  24:00:00,299.992253685,2.19088985024
 02/08  01:00:00,287.770056283,4.362127786449999
 02/08  02:00:00,287.770056015,2.19123765936
 02/08  03:00:00,287.770056252,4.36201557683
 02/08  04:00:00,287.77005618,2.1911817576700003
 02/08  05:00:00,299.99225375099996,2.19102852632
 02/08  06:00:00,350.947469434,12.4234059261
 02/08  07:00:00,430.511789019,1045.09615101
 02/08  08:00:00,520.315570801,905.7621681060001
 02/08  09:00:00,1051.11287386,538.953581789
 02/08  10:00:00,1014.3855060000001,476.436190582
 02/08  11:00:00,965.4199036760001,401.28768431099996
 02/08  12:00:00,965.34153623,323.63707272700003
 02/08  13:00:00,915.474068858,298.475574787
 02/08  14:00:00,965.266123857,249.388953414
 02/08  15:00:00,965.248219823,231.42742256900002
 02/08  16:00:00,965.25514929,241.522357966
 02/08  17:00:00,1014.30419692,406.71538084900004
 02/08  18:00:00,944.441924465,668.533329936
 02/08  19:00:00,753.791671202,789.975633612
 02/08  20:00:00,729.3293730380001,734.477440576
 02/08  21:00:00,579.981154993,857.235637471
 02/08  22:00:00,555.627636129,881.525142774
 02/08  23:00:00,349.35701289300005,2.19123490845
 02/08  24:00:00,299.992254058,4.36200842075
 02/09  01:00:00,287.770056511,2.1911795777200003
 02/09  02:00:00,289.360055673,9.12820262233
 02/09  03:00:00,289.76100492,15.8223396145
 02/09  04:00:00,289.36847271,15.9318778152
 02/09  05:00:00,301.989860358,19.0670906703
 02/09  06:00:00,350.96401415099996,26.011422619
 02/09  07:00:00,430.74019850800005,977.796911964
 02/09  08:00:00,521.15855378,1336.49491395
 02/09  09:00:00,1051.86741885,934.944477731
 02/09  10:00:00,1015.45015928,1051.05099785
 02/09  11:00:00,967.612276255,1414.21699392
 02/09  12:00:00,968.730263743,1407.93791421
 02/09  13:00:00,920.023140258,1348.16930195
 02/09  14:00:00,970.271650264,1202.68644113
 02/09  15:00:00,970.4418271669999,1169.27961169
 02/09  16:00:00,970.983044971,1193.28951963
 02/09  17:00:00,1020.1154675,1188.6603377999998
 02/09  18:00:00,941.525752292,1221.25098546
 02/09  19:00:00,759.914908472,1353.31460831
 02/09  20:00:00,735.977578858,1371.22059951
 02/09  21:00:00,586.673539257,1417.92987333
 02/09  22:00:00,562.284706935,1429.75216727
 02/09  23:00:00,350.356134063,4.20315678209
 02/09  24:00:00,301.618755382,13.0563709274
 02/10  01:00:00,306.754377332,38.785612935900005
 02/10  02:00:00,310.653639407,71.6351557581
 02/10  03:00:00,306.853033542,93.0489630712
 02/10  04:00:00,310.744237308,135.753413226
 02/10  05:00:00,320.73311468599996,180.162970748
 02/10  06:00:00,374.49378861300005,247.31608782900003
 02/10  07:00:00,431.963981245,1337.04611798
 02/10  08:00:00,528.274995292,3008.71603442
 02/10  09:00:00,1058.64980414,1768.08254314
 02/10  10:00:00,1021.69004622,1507.71852284
 02/10  11:00:00,972.614207932,1345.59032938
 02/10  12:00:00,972.185204061,1215.62477867
 02/10  13:00:00,922.153601706,1294.02067172
 02/10  14:00:00,971.3457783839999,1176.42137917
 02/10  15:00:00,969.622953591,993.2330333310001
 02/10  16:00:00,969.168362546,1050.92815975
 02/10  17:00:00,1018.52577995,1164.77526363
 02/10  18:00:00,940.542098633,1257.71145056
 02/10  19:00:00,759.1147443189999,1359.00684621
 02/10  20:00:00,734.703295724,1313.38405803
 02/10  21:00:00,585.142550904,1357.47266324
 02/10  22:00:00,560.487007426,1359.89617632
 02/10  23:00:00,350.15475334900003,6.0599327584200005
 02/10  24:00:00,301.594702529,7.33707765374
 02/11  01:00:00,239.963864721,16.680383939000002
 02/11  02:00:00,251.396795691,29.9652575756
 02/11  03:00:00,261.147983145,60.1444050925
 02/11  04:00:00,256.511860395,58.190984628100004
 02/11  05:00:00,273.42689681400003,102.390156935
 02/11  06:00:00,293.208469328,87.58387772180001
 02/11  07:00:00,431.54556193900004,1057.96522966
 02/11  08:00:00,421.957176621,1413.67223051
 02/11  09:00:00,653.242415759,959.220622685
 02/11  10:00:00,616.068749939,681.206546461
 02/11  11:00:00,566.895592704,507.546299029
 02/11  12:00:00,566.744539914,404.686869145
 02/11  13:00:00,566.658385485,346.38390744099996
 02/11  14:00:00,566.616315148,313.418520238
 02/11  15:00:00,317.558032239,480.85022715
 02/11  16:00:00,317.563918838,508.10472837099996
 02/11  17:00:00,366.487049362,561.0647127230001
 02/11  18:00:00,362.64819734,672.144672151
 02/11  19:00:00,347.930145037,4.366691057930001
 02/11  20:00:00,323.485749531,4.3662298791600005
 02/11  21:00:00,323.485749619,4.3668777388199995
 02/11  22:00:00,299.042388685,4.37054690468
 02/11  23:00:00,274.595923373,2.1909768845400004
 02/11  24:00:00,250.15152778,4.36230770073
 02/12  01:00:00,237.92881253299998,2.18998925444
 02/12  02:00:00,237.928812569,2.18987417477
 02/12  03:00:00,237.92881259799998,2.19008918725
 02/12  04:00:00,239.120063383,8.35750505021
 02/12  05:00:00,252.137043527,13.1947472397
 02/12  06:00:00,276.185536213,12.880203488900001
 02/12  07:00:00,325.472128961,15.4336279498
 02/12  08:00:00,306.80026973900004,14.561769440299999
 02/12  09:00:00,298.649511116,9.53548051442
 02/12  10:00:00,261.58487804,6.35250737392
 02/12  11:00:00,211.11120819599998,2.19009680127
 02/12  12:00:00,220.336715218,4.3646164997
 02/12  13:00:00,229.59701150599997,2.19216337454
 02/12  14:00:00,233.491851922,6.54683844885
 02/12  15:00:00,225.84940385099998,2.19238816753
 02/12  16:00:00,211.111208251,2.19006542712
 02/12  17:00:00,259.99999954,2.1901146851199997
 02/12  18:00:00,330.841259608,4.35988442689
 02/12  19:00:00,348.72098663,4.21803693467
 02/12  20:00:00,325.069046708,6.31967009416
 02/12  21:00:00,324.672895987,5.36015716005
 02/12  22:00:00,300.230092183,7.582731271489999
 02/12  23:00:00,275.784756498,6.12779318767
 02/12  24:00:00,252.134715735,10.4667058488
 02/13  01:00:00,289.357300343,9.141455987999999
 02/13  02:00:00,289.754898129,13.9776875833
 02/13  03:00:00,289.359859696,12.157441543900001
 02/13  04:00:00,289.762683399,23.1439490356
 02/13  05:00:00,301.587314117,18.3378753651
 02/13  06:00:00,351.354936825,27.5337146594
 02/13  07:00:00,430.76588483300003,1382.28601596
 02/13  08:00:00,511.651310514,808.702551508
 02/13  09:00:00,1050.90394022,339.748269869
 02/13  10:00:00,1014.15077086,252.945209347
 02/13  11:00:00,965.189481321,175.28595331900001
 02/13  12:00:00,965.179311988,163.274730401
 02/13  13:00:00,915.3641450060001,194.61096532599998
 02/13  14:00:00,965.1839237319999,174.02245082099998
 02/13  15:00:00,965.1679075110001,155.09368476
 02/13  16:00:00,965.160822163,148.505339933
 02/13  17:00:00,1014.05602152,156.975410855
 02/13  18:00:00,935.4189116030001,211.44939795099998
 02/13  19:00:00,753.218953155,301.229626711
 02/13  20:00:00,728.7874569689999,320.019793963
 02/13  21:00:00,579.314005811,378.79768414800003
 02/13  22:00:00,554.878794525,394.46344185099997
 02/13  23:00:00,349.357014286,2.19091813271
 02/13  24:00:00,299.99225513700003,2.19117207705
 02/14  01:00:00,287.77005787,4.3618933888099995
 02/14  02:00:00,287.770057395,2.19112599902
 02/14  03:00:00,287.770057687,2.19097569504
 02/14  04:00:00,288.167200745,6.540054991799999
 02/14  05:00:00,301.978675995,13.930693492
 02/14  06:00:00,350.950897454,17.6079718172
 02/14  07:00:00,430.51192253199997,1129.1384137
 02/14  08:00:00,512.071866859,1219.84696779
 02/14  09:00:00,1051.4153354,792.5309703539999
 02/14  10:00:00,1014.50845158,545.559928024
 02/14  11:00:00,965.390543038,335.460761475
 02/14  12:00:00,965.3265727439999,279.722245365
 02/14  13:00:00,915.4671829439999,264.49447382299996
 02/14  14:00:00,966.753978971,160.25509048799998
 02/14  15:00:00,966.9460965239999,104.157694562
 02/14  16:00:00,966.213259655,94.8968073851
 02/14  17:00:00,1014.03352361,114.05052508700001
 02/14  18:00:00,935.5060189019999,264.624616625
 02/14  19:00:00,753.4521084539999,482.709393602
 02/14  20:00:00,729.1022899469999,563.863111775
 02/14  21:00:00,579.71821782,679.682478546
 02/14  22:00:00,555.266657322,657.154585633
 02/14  23:00:00,349.357014498,2.19116026091
 02/14  24:00:00,299.99225571,4.3622721034500005
 02/15  01:00:00,287.770057556,2.19111333788
 02/15  02:00:00,287.770057833,2.1909633039500003
 02/15  03:00:00,287.770057839,4.36228571286
 02/15  04:00:00,287.770057598,2.19091782402
 02/15  05:00:00,301.183035225,8.73096764772
 02/15  06:00:00,350.549508273,8.888451048119999
 02/15  07:00:00,430.131638389,594.93356827
 02/15  08:00:00,511.28421091900003,379.5775156
 02/15  09:00:00,1050.75347296,165.237182082
 02/15  10:00:00,1014.02010221,102.13436717299999
 02/15  11:00:00,965.134683753,103.758583837
 02/15  12:00:00,965.133456905,106.051537528
 02/15  13:00:00,915.306934823,120.864516513
 02/15  14:00:00,965.141093344,114.419607509
 02/15  15:00:00,965.1472160110001,123.582819126
 02/15  16:00:00,965.1591676910001,135.661712334
 02/15  17:00:00,1014.07228804,163.310674063
 02/15  18:00:00,935.4244304289999,201.460279374
 02/15  19:00:00,753.197773552,255.79463190200002
 02/15  20:00:00,728.7610501989999,268.856554808
 02/15  21:00:00,579.300842632,340.616382924
 02/15  22:00:00,555.091669245,603.557445633
 02/15  23:00:00,349.35701491599997,4.362085324030001
 02/15  24:00:00,299.992255275,2.19114066075
 02/16  01:00:00,287.770057895,2.19099093379
 02/16  02:00:00,287.77005789599997,4.36234153696
 02/16  03:00:00,288.961372415,8.016427596389999
 02/16  04:00:00,289.36118366799997,15.103102013800001
 02/16  05:00:00,301.98282383099996,17.4470593743
 02/16  06:00:00,350.95227148199996,17.9503015688
 02/16  07:00:00,430.362148975,916.308515015
 02/16  08:00:00,511.607445311,737.1887155789999
 02/16  09:00:00,1051.0558475,476.09286063699994
 02/16  10:00:00,1014.31937269,405.249240744
 02/16  11:00:00,965.3883446880001,365.621514466
 02/16  12:00:00,965.33020123,305.004799478
 02/16  13:00:00,915.506845156,325.219851864
 02/16  14:00:00,965.291869575,270.89958602400003
 02/16  15:00:00,965.201177452,175.00541588099998
 02/16  16:00:00,965.152467805,127.918568977
 02/16  17:00:00,1014.08836411,175.710338843
 02/16  18:00:00,927.048639949,365.76232508199996
 02/16  19:00:00,753.671967077,711.536377765
 02/16  20:00:00,729.36983305,798.2400998969999
 02/16  21:00:00,580.030661298,907.110746742
 02/16  22:00:00,555.7370579359999,953.1191662860001
 02/16  23:00:00,349.35701463099997,2.1912069832700003
 02/16  24:00:00,299.992255805,4.36196457371
 02/17  01:00:00,287.770058016,2.19116269852
 02/17  02:00:00,289.360806128,9.4795562578
 02/17  03:00:00,289.76081997200004,15.3033073154
 02/17  04:00:00,289.3666696,14.0845230645
 02/17  05:00:00,301.991460347,19.7768015601
 02/17  06:00:00,350.972503833,32.0139155866
 02/17  07:00:00,430.68676764,902.475199807
 02/17  08:00:00,512.736798583,1319.68957472
 02/17  09:00:00,1051.95138412,860.290937953
 02/17  10:00:00,1014.82845829,543.671945626
 02/17  11:00:00,965.7299963830001,310.46023244
 02/17  12:00:00,967.705364768,150.51991115299998
 02/17  13:00:00,919.10474592,137.802976143
 02/17  14:00:00,968.099994946,103.32327691299999
 02/17  15:00:00,969.0590122000001,60.2922107295
 02/17  16:00:00,967.59841265,51.8338022263
 02/17  17:00:00,1014.43313354,75.9038607568
 02/17  18:00:00,926.896837565,161.00836114
 02/17  19:00:00,753.401855319,351.782791536
 02/17  20:00:00,728.9210053769999,330.800283891
 02/17  21:00:00,579.451114288,388.04724420900004
 02/17  22:00:00,555.01334458,405.09512064800003
 02/17  23:00:00,349.357014954,4.36224539561
 02/17  24:00:00,299.992255703,2.1912348151299996
 02/18  01:00:00,237.929330683,2.19108529025
 02/18  02:00:00,237.92933112400002,4.36212661448
 02/18  03:00:00,237.92933070700002,2.19104132877
 02/18  04:00:00,237.92933094400001,2.19089175253
 02/18  05:00:00,252.135628465,10.9945383272
 02/18  06:00:00,276.18621233700003,10.9827203182
 02/18  07:00:00,430.21098794,646.3898258869999
 02/18  08:00:00,411.744523979,499.41179705900004
 02/18  09:00:00,652.282078986,402.03013748800004
 02/18  10:00:00,615.51946054,318.98780925799997
 02/18  11:00:00,566.578991895,275.119342072
 02/18  12:00:00,566.56695045,267.64804436400004
 02/18  13:00:00,566.616130924,254.257640646
 02/18  14:00:00,566.6250853619999,237.976113181
 02/18  15:00:00,318.01275614599996,241.82735138700002
 02/18  16:00:00,317.393151439,224.102378345
 02/18  17:00:00,366.237404824,265.687522975
 02/18  18:00:00,354.082665932,599.96782219
 02/18  19:00:00,347.930146516,4.36695490476
 02/18  20:00:00,323.485750779,4.36661142194
 02/18  21:00:00,323.485750965,4.36616091023
 02/18  22:00:00,300.629058797,10.076232900099999
 02/18  23:00:00,276.58022656099996,12.531940968699999
 02/18  24:00:00,251.741075986,10.9861442172
 02/19  01:00:00,239.91814376099998,15.758522676300002
 02/19  02:00:00,239.522358181,15.2805839152
 02/19  03:00:00,239.919241175,16.9469513389
 02/19  04:00:00,239.52219257299998,15.113841106099999
 02/19  05:00:00,252.142555297,20.3284785622
 02/19  06:00:00,276.192764484,17.7323900446
 02/19  07:00:00,325.47882926,23.6542011922
 02/19  08:00:00,298.262329909,17.6595147223
 02/19  09:00:00,298.65594746700003,15.8164180018
 02/19  10:00:00,261.587978148,9.32449146237
 02/19  11:00:00,213.094005853,8.770639024400001
 02/19  12:00:00,212.698725962,9.892709125689999
 02/19  13:00:00,213.095001614,8.73398549643
 02/19  14:00:00,212.69977229,11.5334424842
 02/19  15:00:00,212.89499291799999,6.21843312491
 02/19  16:00:00,212.69683717900003,6.80586960784
 02/19  17:00:00,261.98316370599997,11.346145021300002
 02/19  18:00:00,323.885861038,9.651312280820001
 02/19  19:00:00,349.91503240599997,12.7096338096
 02/19  20:00:00,325.074529981,11.8809667757
 02/19  21:00:00,325.472018003,14.205370971099999
 02/19  22:00:00,300.63379105,16.334664695
 02/19  23:00:00,276.58698680000003,18.275910518699998
 02/19  24:00:00,251.745905093,16.826602943
 02/20  01:00:00,239.924089605,22.2898049491
 02/20  02:00:00,239.528705536,22.2460411562
 02/20  03:00:00,239.929423521,30.244743545100004
 02/20  04:00:00,239.531990211,25.8116331334
 02/20  05:00:00,252.153362004,29.9746615981
 02/20  06:00:00,276.200950548,28.8868424626
 02/20  07:00:00,325.488197357,31.7820826854
 02/20  08:00:00,298.27048864799997,26.627405972800002
 02/20  09:00:00,298.665823393,26.647213252800004
 02/20  10:00:00,261.597474111,19.7032137136
 02/20  11:00:00,213.10427183599998,19.9997973794
 02/20  12:00:00,212.703838621,15.5208100684
 02/20  13:00:00,213.099938982,16.3648423547
 02/20  14:00:00,211.11379747700002,4.37135848518
 02/20  15:00:00,212.303234019,9.79694697811
 02/20  16:00:00,212.697901648,8.02562744377
 02/20  17:00:00,261.784556696,8.24183434704
 02/20  18:00:00,323.686608337,8.01913075166
 02/20  19:00:00,349.916342964,14.280063755799999
 02/20  20:00:00,325.075229613,12.7776312183
 02/20  21:00:00,325.47480789400004,17.4252352171
 02/20  22:00:00,300.634908886,17.7303584934
 02/20  23:00:00,276.589293343,21.038278218
 02/20  24:00:00,251.748434958,19.8161254211
 02/21  01:00:00,289.765664082,25.1230418764
 02/21  02:00:00,289.368851339,21.3429552329
 02/21  03:00:00,289.768792207,26.410763657199997
 02/21  04:00:00,289.370968706,25.8586411766
 02/21  05:00:00,301.99074890400004,26.172901367199998
 02/21  06:00:00,350.95834576699997,24.6497135546
 02/21  07:00:00,430.51248285300005,1064.30014425
 02/21  08:00:00,502.99657224599997,670.174682508
 02/21  09:00:00,1050.90431276,331.942922672
 02/21  10:00:00,1014.14405832,237.44666835599998
 02/21  11:00:00,983.111941085,170.355867803
 02/21  12:00:00,1115.17004246,127.32946481
 02/21  13:00:00,1096.39585914,133.847204744
 02/21  14:00:00,1125.34048573,92.39761364879999
 02/21  15:00:00,1057.97856782,59.906350643
 02/21  16:00:00,965.8227528130001,49.2088229584
 02/21  17:00:00,1014.03503986,56.2857216875
 02/21  18:00:00,926.758876732,69.95337281260001
 02/21  19:00:00,753.090102122,144.957210105
 02/21  20:00:00,728.6595609510001,161.225211187
 02/21  21:00:00,579.186005859,217.88158914299999
 02/21  22:00:00,554.769864207,254.20438555099997
 02/21  23:00:00,349.35701487,2.19124889006
 02/21  24:00:00,299.9922559,4.362048697330001
 02/22  01:00:00,287.77005766599996,2.1912042134
 02/22  02:00:00,287.77005794400003,4.36195887494
 02/22  03:00:00,287.77005789099996,2.19115945643
 02/22  04:00:00,287.770057645,2.19100959715
 02/22  05:00:00,301.18307288,10.0199261302
 02/22  06:00:00,350.948345047,14.290897188099999
 02/22  07:00:00,430.296377418,911.97774939
 02/22  08:00:00,503.206913265,917.647504087
 02/22  09:00:00,1051.14908784,574.88123424
 02/22  10:00:00,1014.33892562,422.793604
 02/22  11:00:00,965.403909458,368.834454158
 02/22  12:00:00,965.3862688360001,350.85673907
 02/22  13:00:00,915.5685225130001,370.76932192699996
 02/22  14:00:00,965.3671803780001,327.26043972599996
 02/22  15:00:00,965.3945138189999,350.581631038
 02/22  16:00:00,965.42693808,369.545284017
 02/22  17:00:00,1014.37101474,410.793755089
 02/22  18:00:00,927.264613107,503.510314708
 02/22  19:00:00,753.7379693260001,661.907683792
 02/22  20:00:00,729.490905692,790.491249508
 02/22  21:00:00,580.138140004,872.7445435230001
 02/22  22:00:00,555.745705844,870.3459556480001
 02/22  23:00:00,349.357014895,4.36222610801
 02/22  24:00:00,299.992255475,2.19125150616
 02/23  01:00:00,288.961894674,8.53615958002
 02/23  02:00:00,289.762073725,13.2007030193
 02/23  03:00:00,289.367003701,13.4263021771
 02/23  04:00:00,289.77383314400004,23.9284722285
 02/23  05:00:00,301.59560216,18.1204631132
 02/23  06:00:00,351.37371796,32.260448233299996
 02/23  07:00:00,430.701389989,862.4660117669999
 02/23  08:00:00,504.013770489,1186.49125384
 02/23  09:00:00,1051.8166734,834.060110475
 02/23  10:00:00,1014.70784738,529.1815711630001
 02/23  11:00:00,965.615188997,404.724295621
 02/23  12:00:00,966.943921681,339.796658499
 02/23  13:00:00,918.965422229,252.58243935599998
 02/23  14:00:00,970.097188223,181.882006545
 02/23  15:00:00,969.659853568,123.359985312
 02/23  16:00:00,967.835244286,108.652996185
 02/23  17:00:00,1014.34159329,117.582875396
 02/23  18:00:00,918.360573206,177.227368992
 02/23  19:00:00,753.308109794,297.81058632099996
 02/23  20:00:00,729.1414476860001,543.7118160690001
 02/23  21:00:00,579.878613107,745.751882883
 02/23  22:00:00,555.489165089,765.1442962230001
 02/23  23:00:00,349.35701448199995,2.1910799127000002
 02/23  24:00:00,299.99225564200003,4.362111813389999
 02/24  01:00:00,288.564127007,4.92028023545
 02/24  02:00:00,289.360583207,9.57415396179
 02/24  03:00:00,289.767722246,21.2577090771
 02/24  04:00:00,289.373053402,19.6376104909
 02/24  05:00:00,302.02000996099997,43.253509551499995
 02/24  06:00:00,350.98664422800005,43.907219932299995
 02/24  07:00:00,430.836761813,1016.02296648
 02/24  08:00:00,505.164624926,1734.86218096
 02/24  09:00:00,1052.17230498,796.1952087410001
 02/24  10:00:00,1014.69654389,405.927372175
 02/24  11:00:00,966.132546326,244.295747784
 02/24  12:00:00,968.92504914,150.890165059
 02/24  13:00:00,920.321456461,146.14994272
 02/24  14:00:00,970.54102932,103.494255309
 02/24  15:00:00,970.1639903360001,60.480522326800006
 02/24  16:00:00,969.04773692,46.9567029367
 02/24  17:00:00,1014.98776834,56.0023535176
 02/24  18:00:00,918.24754383,74.5461856848
 02/24  19:00:00,753.174694477,166.099937369
 02/24  20:00:00,728.879695521,290.31606064700003
 02/24  21:00:00,579.462586927,386.57510399800003
 02/24  22:00:00,554.960775191,352.031219059
 02/24  23:00:00,349.35701459800003,4.36217220752
 02/24  24:00:00,299.992255355,2.19119701748
 02/25  01:00:00,237.92933009400002,2.19104605252
 02/25  02:00:00,237.929330546,4.36204456149
 02/25  03:00:00,237.929330151,2.19099849523
 02/25  04:00:00,238.326181577,3.52362022076
 02/25  05:00:00,252.13631899799998,11.4993625865
 02/25  06:00:00,276.18790309599996,12.3714926968
 02/25  07:00:00,421.71693779199995,679.0439474469999
 02/25  08:00:00,403.517690115,753.590739191
 02/25  09:00:00,652.2353900869999,328.635668037
 02/25  10:00:00,615.385771097,174.803663063
 02/25  11:00:00,567.868835656,140.755882276
 02/25  12:00:00,593.716016946,139.77502132
 02/25  13:00:00,706.0323620810001,124.31766908899999
 02/25  14:00:00,785.947386293,109.760607937
 02/25  15:00:00,579.276147617,108.18355968899999
 02/25  16:00:00,576.454751343,101.584620071
 02/25  17:00:00,484.81984921300005,110.201519873
 02/25  18:00:00,345.15826113099996,181.69802056900002
 02/25  19:00:00,347.930145645,4.36683361055
 02/25  20:00:00,323.485749994,4.3663762215499995
 02/25  21:00:00,323.485750212,4.36647459318
 02/25  22:00:00,299.042389296,4.37070286574
 02/25  23:00:00,274.59592379,4.361956344049999
 02/25  24:00:00,250.15152814599998,2.19115662648
 02/26  01:00:00,237.92881249099997,2.1900665939099997
 02/26  02:00:00,237.92881249200002,2.18995153786
 02/26  03:00:00,237.928812582,2.18983645051
 02/26  04:00:00,237.92881260599998,2.19005154676
 02/26  05:00:00,250.151010496,4.3597577869
 02/26  06:00:00,276.579776531,8.60298889185
 02/26  07:00:00,316.528080543,8.672644160499999
 02/26  08:00:00,298.649515704,10.8842882226
 02/26  09:00:00,297.062755147,3.0541320707499997
 02/26  10:00:00,259.99999935799997,2.19012659455
 02/26  11:00:00,255.144640234,2.19001168943
 02/26  12:00:00,344.214732529,4.36472964101
 02/26  13:00:00,320.742331925,2.19234094233
 02/26  14:00:00,231.206066827,6.54697592883
 02/26  15:00:00,326.112766538,2.1923234964500002
 02/26  16:00:00,324.674880249,2.19011125213
 02/26  17:00:00,302.61149862,2.19002882125
 02/26  18:00:00,313.753926285,4.36020741314
 02/26  19:00:00,347.928592874,2.1898476912200002
 02/26  20:00:00,323.48419718400004,2.19006269831
 02/26  21:00:00,323.484197132,2.1899475736
 02/26  22:00:00,299.43740428,5.11270950213
 02/26  23:00:00,276.57536085099997,5.6156258794000005
 02/26  24:00:00,251.73616849200002,6.17880652362
 02/27  01:00:00,289.752898739,8.6358205706
 02/27  02:00:00,289.358384315,11.6675679691
 02/27  03:00:00,289.756713782,12.6312265893
 02/27  04:00:00,289.36301866,16.5205437069
 02/27  05:00:00,301.983295989,17.223690372
 02/27  06:00:00,350.953565675,18.6639154482
 02/27  07:00:00,421.84516079699995,901.86268226
 02/27  08:00:00,503.01474734,660.045438244
 02/27  09:00:00,1050.83736767,247.668562031
 02/27  10:00:00,1014.07906445,142.697233138
 02/27  11:00:00,967.352972266,108.49776972299999
 02/27  12:00:00,1000.83263884,88.0676336048
 02/27  13:00:00,1134.72563044,91.7616538069
 02/27  14:00:00,1239.59876173,56.0433643466
 02/27  15:00:00,1247.54168508,20.8200496913
 02/27  16:00:00,1250.76425203,20.1803350711
 02/27  17:00:00,1290.34108524,29.507048295300002
 02/27  18:00:00,1119.82205889,34.1726335234
 02/27  19:00:00,762.2817425630001,76.7351734332
 02/27  20:00:00,728.6268223999999,114.03262924299999
 02/27  21:00:00,579.151230084,163.919005108
 02/27  22:00:00,554.722274939,185.638618599
 02/27  23:00:00,349.35701383099996,2.1912428482700004
 02/27  24:00:00,299.992254528,2.19109121261
 02/28  01:00:00,287.77005688099996,4.36212985741
 02/28  02:00:00,287.77005645599996,2.19103878245
 02/28  03:00:00,287.770056694,2.1908866363799997
 02/28  04:00:00,287.770056762,4.362125294649999
 02/28  05:00:00,299.992254302,2.19123837305
 02/28  06:00:00,349.35856591099997,4.36820107231
 02/28  07:00:00,421.351401988,454.568438039
 02/28  08:00:00,502.686367776,381.51020199699997
 02/28  09:00:00,1050.77593294,209.912518926
 02/28  10:00:00,1014.0672674000001,162.81106888600002
 02/28  11:00:00,965.1483715689999,131.617454376
 02/28  12:00:00,965.129499694,110.810971545
 02/28  13:00:00,915.29186401,113.57757516
 02/28  14:00:00,967.157611677,82.79681780439999
 02/28  15:00:00,968.270413152,44.5918589556
 02/28  16:00:00,966.8524126789999,45.3701804261
 02/28  17:00:00,1014.14389177,51.0664667999
 02/28  18:00:00,918.200480024,54.3863235581
 02/28  19:00:00,753.067078187,119.08199974
 02/28  20:00:00,728.6711319110001,177.836751303
 02/28  21:00:00,579.215870205,258.257337759
 02/28  22:00:00,554.80319934,295.606151483
 02/28  23:00:00,349.357013419,2.19119235939
 02/28  24:00:00,299.992254597,4.3619282012300005
 03/01  01:00:00,287.770056432,2.1911388208099996
 03/01  02:00:00,287.77005617599997,2.19098608951
 03/01  03:00:00,287.770056588,4.36232159001
 03/01  04:00:00,288.96101119,8.03407183973
 03/01  05:00:00,301.583662343,14.0768564156
 03/01  06:00:00,351.35223289699996,24.4221758358
 03/01  07:00:00,453.134110604,1066.55853433
 03/01  08:00:00,505.03860344099996,2148.14164559
 03/01  09:00:00,1053.06145693,1328.37275757
 03/01  10:00:00,1016.13536613,998.89523324
 03/01  11:00:00,967.0764154230001,880.507330962
 03/01  12:00:00,966.92369489,811.11172463
 03/01  13:00:00,917.031911835,811.9217449710001
 03/01  14:00:00,966.805792665,789.630189437
 03/01  15:00:00,966.7577402969999,766.258451712
 03/01  16:00:00,966.73961084,761.914945706
 03/01  17:00:00,1015.62528612,772.404458429
 03/01  18:00:00,920.00470429,839.0426069819999
 03/01  19:00:00,755.161166398,980.8535340289999
 03/01  20:00:00,730.896017668,1013.21769884
 03/01  21:00:00,581.510447711,1057.04186701
 03/01  22:00:00,557.261493727,1111.10326237
 03/01  23:00:00,349.357013129,2.19123812744
 03/01  24:00:00,301.586278293,9.47552715476
 03/02  01:00:00,289.769209057,11.3469734832
 03/02  02:00:00,289.38648347599997,16.6545364071
 03/02  03:00:00,289.79290476799997,23.6050036554
 03/02  04:00:00,289.417859413,30.1184274958
 03/02  05:00:00,302.04980536200003,38.5089768567
 03/02  06:00:00,367.09155734,70.2739998334
 03/02  07:00:00,422.553637175,780.875585598
 03/02  08:00:00,506.248581693,1791.81664771
 03/02  09:00:00,1053.38824798,1108.63209757
 03/02  10:00:00,1015.76257441,741.935664568
 03/02  11:00:00,966.376507541,581.8032616969999
 03/02  12:00:00,966.119807548,518.952765637
 03/02  13:00:00,916.0276227410001,442.657132853
 03/02  14:00:00,965.551015825,303.64409582900004
 03/02  15:00:00,965.2989061110001,171.412666498
 03/02  16:00:00,965.222563605,130.817621759
 03/02  17:00:00,1014.12016018,146.212593371
 03/02  18:00:00,909.859981224,186.65998884299998
 03/02  19:00:00,753.400848893,343.780947084
 03/02  20:00:00,729.0805149610001,458.733934294
 03/02  21:00:00,579.711053966,599.5258869930001
 03/02  22:00:00,555.247517849,591.894656349
 03/02  23:00:00,349.357012924,2.19118621047
 03/02  24:00:00,299.992254078,4.36191023567
 03/03  01:00:00,287.770055453,2.19112753759
 03/03  02:00:00,287.770055737,2.19097342922
 03/03  03:00:00,287.770055726,4.362291470400001
 03/03  04:00:00,287.770055478,2.1909145298299997
 03/03  05:00:00,299.99225360099996,4.36217389755
 03/03  06:00:00,349.35856408800004,4.36861503149
 03/03  07:00:00,412.89431754300006,443.723832847
 03/03  08:00:00,502.68862121800004,322.49506228
 03/03  09:00:00,1050.71749425,127.46803049
 03/03  10:00:00,1013.99781156,78.5167111741
 03/03  11:00:00,965.092068831,59.8073804722
 03/03  12:00:00,965.0907039719999,61.429011115
 03/03  13:00:00,915.272466392,83.3753558002
 03/03  14:00:00,965.102531748,72.46815650319999
 03/03  15:00:00,965.089572217,61.0437660926
 03/03  16:00:00,965.088511252,58.56129175979999
 03/03  17:00:00,1013.97476319,57.203149022299996
 03/03  18:00:00,956.243353044,69.0492242549
 03/03  19:00:00,760.535021359,111.067600039
 03/03  20:00:00,728.6456479560001,133.515339834
 03/03  21:00:00,584.7249988,176.94625879
 03/03  22:00:00,554.7279509169999,190.17011109
 03/03  23:00:00,349.357012582,2.19122355768
 03/03  24:00:00,299.992253649,4.36198462448
 03/04  01:00:00,237.92932799599998,2.19116323621
 03/04  02:00:00,237.929328293,4.23321699737
 03/04  03:00:00,237.929328251,2.3196707174099997
 03/04  04:00:00,237.92932798900003,2.19094718634
 03/04  05:00:00,250.151526163,4.3622362664
 03/04  06:00:00,274.59747284,4.36867059675
 03/04  07:00:00,412.705550113,349.51490145199995
 03/04  08:00:00,402.92179437199997,293.497402428
 03/04  09:00:00,652.028640947,190.115561982
 03/04  10:00:00,615.305664353,128.398987644
 03/04  11:00:00,653.2185913540001,92.3054082039
 03/04  12:00:00,803.8354022760001,83.3354604113
 03/04  13:00:00,825.380408341,71.1058142766
 03/04  14:00:00,831.020667629,65.6874479273
 03/04  15:00:00,580.413656826,77.3165354244
 03/04  16:00:00,577.7722286769999,108.749109751
 03/04  17:00:00,590.8221885730001,146.260321575
 03/04  18:00:00,510.568267281,222.84548749400003
 03/04  19:00:00,347.93014261699994,4.3667660336
 03/04  20:00:00,323.485746902,4.3662924394800005
 03/04  21:00:00,323.485747125,2.1929689229599996
 03/04  22:00:00,299.042385686,6.54650646148
 03/04  23:00:00,274.595921411,2.19124525462
 03/04  24:00:00,250.151526052,4.3620256466
 03/05  01:00:00,237.92881080700002,2.19009916308
 03/05  02:00:00,237.928810679,2.18997954678
 03/05  03:00:00,237.92881066400003,2.18985987161
 03/05  04:00:00,237.928810637,2.1900693154099997
 03/05  05:00:00,250.15100842299998,2.1899496186099996
 03/05  06:00:00,274.596955328,4.36669316984
 03/05  07:00:00,306.39686189400004,2.18992120449
 03/05  08:00:00,296.666590923,2.1901303755000003
 03/05  09:00:00,296.666590918,2.19001064968
 03/05  10:00:00,259.999997605,2.18989088349
 03/05  11:00:00,212.701111315,14.6572313478
 03/05  12:00:00,213.10073479,16.403241560799998
 03/05  13:00:00,212.704785455,17.8364105531
 03/05  14:00:00,213.104180118,20.8572434736
 03/05  15:00:00,212.704469266,17.453605284200002
 03/05  16:00:00,213.10433307099999,21.9623130238
 03/05  17:00:00,261.59934921,23.817685310199998
 03/05  18:00:00,307.20784275299997,27.2689171531
 03/05  19:00:00,349.53462359199995,31.7459641553
 03/05  20:00:00,325.486945645,33.3235200115
 03/05  21:00:00,325.095264582,39.7471378171
 03/05  22:00:00,301.052886333,43.508769006
 03/05  23:00:00,276.222816304,58.589322625600005
 03/05  24:00:00,252.185657555,69.7079847309
 03/06  01:00:00,289.418968393,79.7910317813
 03/06  02:00:00,289.820255696,85.2984978219
 03/06  03:00:00,303.829323138,117.25921225200001
 03/06  04:00:00,323.86566556400004,148.549541103
 03/06  05:00:00,337.17062356400004,192.08587295
 03/06  06:00:00,368.339815309,182.318108231
 03/06  07:00:00,414.367895127,1785.72215511
 03/06  08:00:00,504.29008235599997,1582.13532415
 03/06  09:00:00,1051.72984361,872.2936013310001
 03/06  10:00:00,1014.59221314,528.679037588
 03/06  11:00:00,965.478393613,366.67501875
 03/06  12:00:00,965.389885533,306.68803108099996
 03/06  13:00:00,915.547057815,314.21983293799997
 03/06  14:00:00,965.36656146,301.307582496
 03/06  15:00:00,965.365128775,300.791227845
 03/06  16:00:00,965.370971027,310.316294531
 03/06  17:00:00,1014.38755034,421.57574508199997
 03/06  18:00:00,910.353977767,644.534603458
 03/06  19:00:00,753.969945502,823.471895015
 03/06  20:00:00,729.847492127,1002.38218533
 03/06  21:00:00,580.625796133,1092.21165506
 03/06  22:00:00,556.234619703,1028.96595406
 03/06  23:00:00,349.357011196,2.19122710743
 03/06  24:00:00,299.99225224599996,2.19086805097
 03/07  01:00:00,289.758491847,11.3355748599
 03/07  02:00:00,289.363026253,9.118362394
 03/07  03:00:00,289.767711652,16.9178347294
 03/07  04:00:00,289.369247201,12.926946363499999
 03/07  05:00:00,302.003284179,22.950283615900002
 03/07  06:00:00,350.98251405400003,30.1746465105
 03/07  07:00:00,413.89708566699994,904.0256307230001
 03/07  08:00:00,504.31075413199994,1253.816715
 03/07  09:00:00,1051.82893585,754.392567241
 03/07  10:00:00,1014.55518178,401.087854146
 03/07  11:00:00,965.3867753310001,243.73816951400002
 03/07  12:00:00,965.732794686,175.879181935
 03/07  13:00:00,916.9412824230001,164.141635035
 03/07  14:00:00,966.278795293,140.742319912
 03/07  15:00:00,965.8867914660001,97.8954554331
 03/07  16:00:00,965.141011954,92.9335091776
 03/07  17:00:00,1014.07796719,136.824418062
 03/07  18:00:00,909.855235549,215.28920997
 03/07  19:00:00,753.337034855,330.419129392
 03/07  20:00:00,728.8922446560001,339.728850165
 03/07  21:00:00,579.447671055,421.506778596
 03/07  22:00:00,555.089283395,510.725240265
 03/07  23:00:00,349.357010986,4.362143058380001
 03/07  24:00:00,299.992251424,2.19115643182
 03/08  01:00:00,287.770053406,3.2725825097900003
 03/08  02:00:00,287.77005337599996,3.2800890562199996
 03/08  03:00:00,287.77005312200004,2.19092385438
 03/08  04:00:00,288.167036424,5.93568316607
 03/08  05:00:00,301.977745645,10.6179044888
 03/08  06:00:00,350.949275073,13.336262063900001
 03/08  07:00:00,405.640904174,775.0767896739999
 03/08  08:00:00,503.109228015,724.1391043369999
 03/08  09:00:00,1051.07172571,459.48369017
 03/08  10:00:00,1014.2694886,338.357507937
 03/08  11:00:00,965.258984924,220.26608523099998
 03/08  12:00:00,966.2528373480001,188.796241427
 03/08  13:00:00,917.618356778,187.061661399
 03/08  14:00:00,969.660547622,134.10836668
 03/08  15:00:00,969.1794036110001,75.2915063727
 03/08  16:00:00,966.9467924960001,70.83318445270001
 03/08  17:00:00,1014.02055172,92.8908832465
 03/08  18:00:00,909.7479960430001,145.172171877
 03/08  19:00:00,753.3245676160001,377.06149179
 03/08  20:00:00,729.13853646,624.68945109
 03/08  21:00:00,579.8524511759999,807.6487849680001
 03/08  22:00:00,555.401749613,754.35911504
 03/08  23:00:00,349.357010259,2.19121163487
 03/08  24:00:00,299.992251327,4.3619454304000005
 03/09  01:00:00,287.770052578,2.19113512354
 03/09  02:00:00,287.770052867,2.1909754173800002
 03/09  03:00:00,288.56360524900003,6.873047866960001
 03/09  04:00:00,289.358293504,8.20762959358
 03/09  05:00:00,301.980514036,14.4809943058
 03/09  06:00:00,350.950730048,13.8422097675
 03/09  07:00:00,404.7414998,759.69450872
 03/09  08:00:00,503.281332308,802.54181786
 03/09  09:00:00,1051.01336637,367.46516545699996
 03/09  10:00:00,1014.09375402,154.451480231
 03/09  11:00:00,965.38568257,103.75904302299999
 03/09  12:00:00,966.953030379,87.8570675164
 03/09  13:00:00,918.43312507,92.40608912379999
 03/09  14:00:00,970.347060375,59.693708611999995
 03/09  15:00:00,1018.81120185,27.185875504299997
 03/09  16:00:00,973.643808015,31.0057858235
 03/09  17:00:00,1014.15431308,40.310637578400005
 03/09  18:00:00,909.6599709610001,51.5591049238
 03/09  19:00:00,753.083188492,114.191820925
 03/09  20:00:00,728.666611567,143.982353425
 03/09  21:00:00,579.224578492,225.276210942
 03/09  22:00:00,554.791632025,244.06586394200002
 03/09  23:00:00,349.35700966800005,2.19119765867
 03/09  24:00:00,299.992250357,2.1910378649599997
 03/10  01:00:00,287.77005240299997,4.36199455448
 03/10  02:00:00,287.770052018,2.1909569864
 03/10  03:00:00,287.77005215400004,2.19119785858
 03/10  04:00:00,287.770052365,4.36191302828
 03/10  05:00:00,299.99224976700003,2.1911170983000003
 03/10  06:00:00,349.358558836,4.36851769486
 03/10  07:00:00,404.397197705,554.387436861
 03/10  08:00:00,502.65918563599996,329.760685122
 03/10  09:00:00,1050.72934544,150.55210082
 03/10  10:00:00,1014.00202991,75.2808089026
 03/10  11:00:00,966.962713177,63.83948215109999
 03/10  12:00:00,983.625357828,63.4035742912
 03/10  13:00:00,1047.47938771,71.2097681354
 03/10  14:00:00,1193.27295429,47.377690995500004
 03/10  15:00:00,1214.99862421,22.8126869229
 03/10  16:00:00,1215.02572114,20.8786374018
 03/10  17:00:00,1232.71609166,31.2070991759
 03/10  18:00:00,985.82103807,32.0306049856
 03/10  19:00:00,753.02288663,66.0990147096
 03/10  20:00:00,728.6240488880001,115.20556913
 03/10  21:00:00,579.1371759890001,154.108187306
 03/10  22:00:00,554.708960297,174.625636018
 03/10  23:00:00,349.357009051,2.19115148214
 03/10  24:00:00,299.992250274,4.36155044015
 03/11  01:00:00,237.92932429200002,2.19106832835
 03/11  02:00:00,237.929324554,2.1909062714300003
 03/11  03:00:00,237.929324592,4.362129450019999
 03/11  04:00:00,237.92932436400002,2.19122293237
 03/11  05:00:00,250.151522395,4.36195952507
 03/11  06:00:00,274.597466978,4.368329221780001
 03/11  07:00:00,404.34921917300005,554.453779717
 03/11  08:00:00,403.049141716,428.897609586
 03/11  09:00:00,652.063237919,223.591444332
 03/11  10:00:00,615.3325793490001,152.716343767
 03/11  11:00:00,566.4468294440001,158.336365382
 03/11  12:00:00,566.471992087,187.87666648799998
 03/11  13:00:00,566.495656521,215.876600223
 03/11  14:00:00,566.515303003,240.51213926
 03/11  15:00:00,317.390056172,332.809348413
 03/11  16:00:00,317.429785438,379.66405164199995
 03/11  17:00:00,366.37272079800005,445.055547638
 03/11  18:00:00,328.393426022,577.475167244
 03/11  19:00:00,347.93013743,2.1934234734099998
 03/11  20:00:00,323.485741725,4.36646872769
 03/11  21:00:00,323.485742037,4.36596533189
 03/11  22:00:00,299.042379225,4.370364728219999
 03/11  23:00:00,274.595917992,4.362223274230001
 03/11  24:00:00,251.343036774,8.56442505467
 03/12  01:00:00,239.520616846,14.3033416904
 03/12  02:00:00,239.92125022099998,20.4338053129
 03/12  03:00:00,239.52674372,23.55493714
 03/12  04:00:00,252.148327655,26.0541109585
 03/12  05:00:00,276.20431287099996,34.3908891029
 03/12  06:00:00,325.48937813,34.992278556900004
 03/12  07:00:00,323.913325347,41.6068988514
 03/12  08:00:00,298.67289681,35.9773816195
 03/12  09:00:00,261.600919615,24.433086419499997
 03/12  10:00:00,213.096971639,12.499277570599999
 03/12  11:00:00,212.698617262,10.0776288289
 03/12  12:00:00,213.093749643,7.67630627033
 03/12  13:00:00,212.104181514,8.880429636010001
 03/12  14:00:00,211.112235472,2.19225954666
 03/12  15:00:00,211.11120318599998,2.19001818142
 03/12  16:00:00,259.999994512,2.19005447991
 03/12  17:00:00,296.666587864,4.36005283105
 03/12  18:00:00,297.260581576,3.3134705554900004
 03/12  19:00:00,325.068980926,6.099293276930001
 03/12  20:00:00,325.46913364700004,11.561688183800001
 03/12  21:00:00,300.631803882,14.7032144604
 03/12  22:00:00,276.586560222,18.6066688917
 03/12  23:00:00,251.74570596900003,17.3295220695
 03/12  24:00:00,239.92727425,26.8643118329
 03/13  01:00:00,289.36947060200004,23.937589867899998
 03/13  02:00:00,289.78138879799997,42.1627179416
 03/13  03:00:00,289.38443689,39.3143856313
 03/13  04:00:00,302.029200787,71.563573743
 03/13  05:00:00,350.984003417,53.1233424198
 03/13  06:00:00,430.747936977,1261.84563078
 03/13  07:00:00,529.258093039,1157.07729052
 03/13  08:00:00,1051.16822378,510.274782706
 03/13  09:00:00,1014.17965628,233.51549736599998
 03/13  10:00:00,965.189368768,147.91695901100002
 03/13  11:00:00,965.4007705619999,112.159063254
 03/13  12:00:00,916.607078647,108.14716728299999
 03/13  13:00:00,968.8259345260001,81.4272726683
 03/13  14:00:00,969.997922329,50.95988581979999
 03/13  15:00:00,968.545613436,29.061866666300002
 03/13  16:00:00,1015.4172969,34.6603227132
 03/13  17:00:00,901.168460026,57.468882467700006
 03/13  18:00:00,701.7935235839999,90.6297188252
 03/13  19:00:00,728.639049155,120.282464914
 03/13  20:00:00,579.210520441,216.111348434
 03/13  21:00:00,554.831619524,287.618841331
 03/13  22:00:00,349.357007278,4.3619621187
 03/13  23:00:00,299.992248039,2.19106749645
 03/13  24:00:00,287.77005000099996,2.1909027413
 03/14  01:00:00,287.770049652,4.3621078432300004
 03/14  02:00:00,287.770049522,2.19120525845
 03/14  03:00:00,287.770049318,2.19103922224
 03/14  04:00:00,301.977063647,12.8178765626
 03/14  05:00:00,350.948979498,13.811129228299999
 03/14  06:00:00,430.27405391599996,795.52387749
 03/14  07:00:00,520.504246534,1025.87444327
 03/14  08:00:00,1051.25270116,598.0165954390001
 03/14  09:00:00,1014.20437803,254.50238902599997
 03/14  10:00:00,965.167069015,126.336694726
 03/14  11:00:00,965.606492191,89.1746110747
 03/14  12:00:00,917.0034554480001,89.37010578489999
 03/14  13:00:00,968.9034512239999,66.10728865899999
 03/14  14:00:00,968.347402665,45.9144596875
 03/14  15:00:00,967.230779505,27.1517220213
 03/14  16:00:00,1015.41757282,33.6879393217
 03/14  17:00:00,901.124508023,35.288751051
 03/14  18:00:00,701.76198382,58.5991686054
 03/14  19:00:00,728.631563778,110.199807825
 03/14  20:00:00,579.17363842,174.546604714
 03/14  21:00:00,554.7692921319999,218.909039954
 03/14  22:00:00,349.35700651400003,2.191129138
 03/14  23:00:00,299.992247362,4.36215822351
 03/14  24:00:00,287.770049343,2.1908299067
 03/15  01:00:00,287.77004886599997,4.36195745806
 03/15  02:00:00,287.770048788,2.19112772685
 03/15  03:00:00,287.770048568,2.19096024187
 03/15  04:00:00,299.992246805,4.36221796478
 03/15  05:00:00,349.35855306900004,4.36854051056
 03/15  06:00:00,430.08752787599997,611.614217873
 03/15  07:00:00,520.139146422,710.557518636
 03/15  08:00:00,1050.98926841,396.961879274
 03/15  09:00:00,1014.11198691,189.27889245
 03/15  10:00:00,965.151065554,120.916831001
 03/15  11:00:00,966.3356212130001,89.5318917352
 03/15  12:00:00,917.995311663,84.3553604747
 03/15  13:00:00,970.128759687,63.805700727
 03/15  14:00:00,970.14255289,35.9383297525
 03/15  15:00:00,967.06881268,21.0113616474
 03/15  16:00:00,1014.26815895,33.8930585439
 03/15  17:00:00,901.09750901,33.5764123008
 03/15  18:00:00,701.763132925,65.5208265023
 03/15  19:00:00,728.633918117,119.94333042299999
 03/15  20:00:00,579.16640047,178.015495208
 03/15  21:00:00,554.753619444,215.219326053
 03/15  22:00:00,349.357005564,2.19104307124
 03/15  23:00:00,299.992246848,4.3619836282
 03/15  24:00:00,287.77004864400004,2.1909405644
 03/16  01:00:00,287.770048008,2.19117058367
 03/16  02:00:00,287.770048231,4.36183435755
 03/16  03:00:00,287.7700478,2.1910636542099997
 03/16  04:00:00,299.992245869,2.19089464653
 03/16  05:00:00,349.35855213400004,6.54237565642
 03/16  06:00:00,430.08334558300004,635.389313271
 03/16  07:00:00,519.982594808,585.173678224
 03/16  08:00:00,1050.88810484,314.058623158
 03/16  09:00:00,1014.05070601,135.779831819
 03/16  10:00:00,965.110168926,83.99595561470001
 03/16  11:00:00,965.87683778,66.3736188586
 03/16  12:00:00,916.330347443,76.8380141929
 03/16  13:00:00,965.743837351,60.80554333600001
 03/16  14:00:00,965.078738918,52.2487095858
 03/16  15:00:00,965.086029046,58.550852300100004
 03/16  16:00:00,1013.97715231,61.880477428599995
 03/16  17:00:00,901.123844261,63.3937052345
 03/16  18:00:00,701.809853485,117.78516912
 03/16  19:00:00,728.674510305,172.096794702
 03/16  20:00:00,579.241525338,274.137336747
 03/16  21:00:00,554.8129232819999,292.720734968
 03/16  22:00:00,349.35700487199995,2.1909235670099996
 03/16  23:00:00,299.992245848,2.19115418835
 03/16  24:00:00,287.770048295,4.36180119943
 03/17  01:00:00,287.770047024,2.19104407083
 03/17  02:00:00,287.770047278,2.1908735757900004
 03/17  03:00:00,287.770047333,4.3620344452
 03/17  04:00:00,299.992244865,2.19116066295
 03/17  05:00:00,349.358550885,4.36791179422
 03/17  06:00:00,429.99702221800004,579.375227923
 03/17  07:00:00,519.985511215,616.069455275
 03/17  08:00:00,1050.85519576,291.857273555
 03/17  09:00:00,1014.06216341,141.16671454299998
 03/17  10:00:00,965.1633270010001,82.2443481194
 03/17  11:00:00,966.102306598,69.1958270474
 03/17  12:00:00,916.604748084,70.1117229051
 03/17  13:00:00,965.9575637239999,51.2277099445
 03/17  14:00:00,965.142743098,38.738090865
 03/17  15:00:00,965.072266666,46.6302797613
 03/17  16:00:00,1013.97338692,56.9826902243
 03/17  17:00:00,901.131197581,75.43907104659999
 03/17  18:00:00,701.8051881639999,115.88970639799999
 03/17  19:00:00,720.103274455,145.54541031
 03/17  20:00:00,579.185639619,215.605548822
 03/17  21:00:00,554.765754875,247.05809331
 03/17  22:00:00,349.357004186,4.36210515131
 03/17  23:00:00,299.992244926,2.1906650348400003
 03/17  24:00:00,287.770046951,2.19102508717
 03/18  01:00:00,237.929319483,4.3619320804
 03/18  02:00:00,237.929319128,2.1909074241799997
 03/18  03:00:00,237.929319232,2.19113420075
 03/18  04:00:00,250.151517351,4.3614993902900006
 03/18  05:00:00,274.597458813,4.368832253469999
 03/18  06:00:00,451.223469481,658.947264593
 03/18  07:00:00,420.38147047800004,699.481641843
 03/18  08:00:00,652.195663001,363.791757601
 03/18  09:00:00,615.393346983,218.50957789900002
 03/18  10:00:00,566.429971358,135.214799932
 03/18  11:00:00,567.115141847,120.025817746
 03/18  12:00:00,569.582509192,106.69945346600001
 03/18  13:00:00,571.400658058,98.890422065
 03/18  14:00:00,353.50652724199995,129.224220665
 03/18  15:00:00,413.881942789,88.1662167778
 03/18  16:00:00,487.796551839,85.6945608235
 03/18  17:00:00,443.037512816,102.00445184200001
 03/18  18:00:00,307.194673531,4.366734767
 03/18  19:00:00,314.94206809900004,4.36667753641
 03/18  20:00:00,323.485734607,4.36634591654
 03/18  21:00:00,299.042369776,4.3702682836
 03/18  22:00:00,274.59591292,4.36184643593
 03/18  23:00:00,250.151516988,2.19086442453
 03/18  24:00:00,237.929319185,2.19109118508
 03/19  01:00:00,237.92880334900002,2.18981279933
 03/19  02:00:00,237.92880333,4.35986394452
 03/19  03:00:00,237.92880336,2.19005083354
 03/19  04:00:00,251.737242803,7.847885800710001
 03/19  05:00:00,276.582561628,14.6923881847
 03/19  06:00:00,325.075196679,13.352216842799999
 03/19  07:00:00,307.197432811,14.3222642022
 03/19  08:00:00,298.25329459,8.39142253866
 03/19  09:00:00,260.792420391,4.2224367242300005
 03/19  10:00:00,211.11119879700001,2.1899252959299997
 03/19  11:00:00,211.112229533,4.3644006738300005
 03/19  12:00:00,211.11222902400002,2.19190146764
 03/19  13:00:00,297.942559326,6.54639598399
 03/19  14:00:00,211.112229014,2.1922531595
 03/19  15:00:00,211.11119887799998,2.1900154395800002
 03/19  16:00:00,259.999990155,2.1898775662400003
 03/19  17:00:00,296.666583553,4.35999203505
 03/19  18:00:00,296.666583537,2.18978920986
 03/19  19:00:00,314.940521166,2.18997680671
 03/19  20:00:00,323.484187824,2.18983893583
 03/19  21:00:00,299.041338028,4.36621931458
 03/19  22:00:00,274.59539667,2.18958247216
 03/19  23:00:00,250.15100097200002,2.18993861645
 03/19  24:00:00,237.92880320700002,2.18980072675
 03/20  01:00:00,287.770044671,2.19083650018
 03/20  02:00:00,287.77004476400003,4.361943039180001
 03/20  03:00:00,287.770044449,2.19110633164
 03/20  04:00:00,301.578010934,7.304320526639999
 03/20  05:00:00,351.34239717199995,14.8297247515
 03/20  06:00:00,430.049543094,641.734342394
 03/20  07:00:00,511.26719943,430.650405676
 03/20  08:00:00,1053.84308301,197.487360941
 03/20  09:00:00,1014.02756074,120.34511497700001
 03/20  10:00:00,965.100956613,79.2484827993
 03/20  11:00:00,1009.91514713,61.4851518917
 03/20  12:00:00,1039.30874262,66.42101239649999
 03/20  13:00:00,1143.68570683,44.1481549238
 03/20  14:00:00,1179.96833059,23.167280116700002
 03/20  15:00:00,1180.04501562,21.8696246329
 03/20  16:00:00,1167.67938027,23.458292848699998
 03/20  17:00:00,1006.37030383,22.143697102199997
 03/20  18:00:00,736.4172053589999,48.3603152029
 03/20  19:00:00,720.045355746,81.2690957678
 03/20  20:00:00,579.105984229,126.18408019700001
 03/20  21:00:00,554.674485097,143.27111482700002
 03/20  22:00:00,349.35700163,4.36193982193
 03/20  23:00:00,299.99224241,2.19100483641
 03/20  24:00:00,287.770044391,2.19082919482
 03/21  01:00:00,287.770043789,4.36192126944
 03/21  02:00:00,287.7700437,2.19109240647
 03/21  03:00:00,287.77004349,2.19091511371
 03/21  04:00:00,299.992241708,4.36209333212
 03/21  05:00:00,349.35854495300003,4.36832821369
 03/21  06:00:00,429.934870227,417.65583539
 03/21  07:00:00,511.20697734199996,380.64818301699995
 03/21  08:00:00,1050.75755887,201.551279219
 03/21  09:00:00,1014.03215028,130.682731791
 03/21  10:00:00,965.0886541739999,67.23014070880001
 03/21  11:00:00,965.0839710289999,59.0750677875
 03/21  12:00:00,915.2666129889999,87.88922489209999
 03/21  13:00:00,965.097010447,75.1753513368
 03/21  14:00:00,965.086893575,64.1991993666
 03/21  15:00:00,965.0875970960001,67.989963836
 03/21  16:00:00,1013.98831697,78.0596753447
 03/21  17:00:00,901.1500988930001,103.952365896
 03/21  18:00:00,701.864253305,197.582008507
 03/21  19:00:00,720.134737787,195.95605825
 03/21  20:00:00,579.2086247359999,260.621217447
 03/21  21:00:00,554.768833878,268.698922065
 03/21  22:00:00,349.35700069300003,2.1911171610199998
 03/21  23:00:00,299.992241523,4.3620976482
 03/21  24:00:00,287.770043519,2.1907827068900003
 03/22  01:00:00,287.770042828,4.36182205604
 03/22  02:00:00,287.77004277099996,2.19103970426
 03/22  03:00:00,287.770042552,2.19086057344
 03/22  04:00:00,299.992240712,4.36197806672
 03/22  05:00:00,349.35854346199994,4.36819637548
 03/22  06:00:00,429.97606490000004,532.399228049
 03/22  07:00:00,511.262771435,462.802137109
 03/22  08:00:00,1050.822938,285.461208248
 03/22  09:00:00,1014.13104852,253.218109478
 03/22  10:00:00,965.209380395,215.031309385
 03/22  11:00:00,965.167837979,162.186039819
 03/22  12:00:00,915.3269069710001,163.04739792
 03/22  13:00:00,965.1301888789999,117.072973547
 03/22  14:00:00,965.1122931369999,96.6420642141
 03/22  15:00:00,965.10042445,82.784772178
 03/22  16:00:00,1013.96845954,56.8462694814
 03/22  17:00:00,901.123134445,72.1881658153
 03/22  18:00:00,701.815867027,140.552879994
 03/22  19:00:00,720.144167571,210.752647692
 03/22  20:00:00,579.2457877969999,310.46592888
 03/22  21:00:00,554.847374654,368.622753891
 03/22  22:00:00,349.35699950699995,2.19095682233
 03/22  23:00:00,299.992240828,4.36177329612
 03/22  24:00:00,287.770042709,2.19081647988
 03/23  01:00:00,287.770041647,2.1910314412900003
 03/23  02:00:00,287.770042019,4.36191674219
 03/23  03:00:00,287.770041638,2.19088524191
 03/23  04:00:00,299.992239541,2.1911008401800003
 03/23  05:00:00,349.35854202699994,4.368510572230001
 03/23  06:00:00,430.091636633,738.7073722660001
 03/23  07:00:00,511.315726672,508.38127244599997
 03/23  08:00:00,1050.76982563,213.36395442
 03/23  09:00:00,1014.02293974,118.165471845
 03/23  10:00:00,965.096614906,73.7053630793
 03/23  11:00:00,965.8657201289999,70.7067093843
 03/23  12:00:00,917.154561873,76.2542240667
 03/23  13:00:00,966.407906349,60.2203848748
 03/23  14:00:00,966.542557742,36.5041243321
 03/23  15:00:00,966.706771783,19.197820444
 03/23  16:00:00,1014.53522158,25.1957357933
 03/23  17:00:00,901.090683793,28.925927528899997
 03/23  18:00:00,701.7647080180001,73.8612351652
 03/23  19:00:00,720.05808201,98.8977742867
 03/23  20:00:00,579.124105978,151.79788533200002
 03/23  21:00:00,554.70656659,188.612339053
 03/23  22:00:00,349.356998741,2.1911016763299997
 03/23  23:00:00,299.99223941,2.19092057874
 03/23  24:00:00,287.770042027,4.36209087992
 03/24  01:00:00,287.770040773,2.1907701507499997
 03/24  02:00:00,287.770040601,2.1909837016
 03/24  03:00:00,287.770041009,4.36181490453
 03/24  04:00:00,299.99223847900004,2.19083116047
 03/24  05:00:00,349.358540299,4.3683900162
 03/24  06:00:00,430.049946692,568.471691239
 03/24  07:00:00,502.74801036900004,483.14337275099996
 03/24  08:00:00,1050.78025129,224.50179026799998
 03/24  09:00:00,1014.0229244999999,119.617420347
 03/24  10:00:00,965.097349223,75.6099238937
 03/24  11:00:00,966.553789085,66.0504345583
 03/24  12:00:00,918.975366333,72.477482811
 03/24  13:00:00,971.1812007210001,56.3986136543
 03/24  14:00:00,971.697665185,35.2913287753
 03/24  15:00:00,1026.51043386,19.1273424663
 03/24  16:00:00,1124.068816,22.7196427114
 03/24  17:00:00,942.345075312,19.867981662200002
 03/24  18:00:00,701.730112467,32.5859388032
 03/24  19:00:00,720.016461137,48.9073329597
 03/24  20:00:00,579.089116326,109.14064813700001
 03/24  21:00:00,554.666321346,136.856673715
 03/24  22:00:00,349.356997723,2.1909689979900002
 03/24  23:00:00,299.992238757,4.36178280275
 03/24  24:00:00,287.77004056,2.1910131231
 03/25  01:00:00,237.929312706,2.19082724835
 03/25  02:00:00,237.929312799,4.36189144334
 03/25  03:00:00,237.929312484,2.1910640308700002
 03/25  04:00:00,250.151510546,2.19087908318
 03/25  05:00:00,274.597448301,6.54211416222
 03/25  06:00:00,429.99483517699997,520.742391883
 03/25  07:00:00,403.094570547,514.000949582
 03/25  08:00:00,659.905521791,311.475759665
 03/25  09:00:00,615.3957976290001,234.927330443
 03/25  10:00:00,566.4127112000001,126.140261778
 03/25  11:00:00,566.613691255,99.76306511790001
 03/25  12:00:00,610.388110849,91.61809810129999
 03/25  13:00:00,689.234780313,74.5132800466
 03/25  14:00:00,508.899765998,106.366126862
 03/25  15:00:00,505.082970934,82.5910958919
 03/25  16:00:00,539.468592669,84.3255657351
 03/25  17:00:00,403.797600216,99.20915508459998
 03/25  18:00:00,296.668120879,4.3660080914499995
 03/25  19:00:00,306.398391973,2.1933191793
 03/25  20:00:00,323.485725168,4.36618794357
 03/25  21:00:00,299.04235787700003,6.545356921819999
 03/25  22:00:00,274.595906175,2.1910514368
 03/25  23:00:00,250.151510333,2.19086640507
 03/25  24:00:00,237.92931289400002,4.361968947619999
 03/26  01:00:00,237.928797931,2.18988779975
 03/26  02:00:00,237.92879778900001,2.18988809376
 03/26  03:00:00,237.928797805,2.1897372809299998
 03/26  04:00:00,250.15099553,2.18990935812
 03/26  05:00:00,274.596932927,4.36555948296
 03/26  06:00:00,323.48418234900004,2.18977847396
 03/26  07:00:00,297.856786292,7.29243614642
 03/26  08:00:00,298.254693175,10.4151222199
 03/26  09:00:00,261.985355848,12.748219338599998
 03/26  10:00:00,212.69986126,11.087531565499999
 03/26  11:00:00,213.09916008,16.8272157722
 03/26  12:00:00,212.706069668,17.3791433423
 03/26  13:00:00,213.10821733400002,28.1191316456
 03/26  14:00:00,212.702338385,12.8353298647
 03/26  15:00:00,213.098907892,15.574518648699998
 03/26  16:00:00,261.594400359,20.2094588422
 03/26  17:00:00,298.661054021,23.753014270300003
 03/26  18:00:00,298.267852341,26.307323383099998
 03/26  19:00:00,308.398326415,32.1398471124
 03/26  20:00:00,325.095022803,37.703686429899996
 03/26  21:00:00,301.050421942,43.2361648783
 03/26  22:00:00,276.217365099,50.6316803539
 03/26  23:00:00,252.17562205299998,58.921236727200004
 03/26  24:00:00,239.566541309,68.2768617178
 03/27  01:00:00,289.804835416,69.5679433902
 03/27  02:00:00,289.41784911900004,80.4773208341
 03/27  03:00:00,289.820690183,85.7004470536
 03/27  04:00:00,301.657065934,94.86502494950001
 03/27  05:00:00,351.42718202099996,104.556652712
 03/27  06:00:00,442.935494849,1514.70012933
 03/27  07:00:00,504.558991134,1690.21708298
 03/27  08:00:00,1051.8671581,899.9653069589999
 03/27  09:00:00,1014.76459891,612.6407223909999
 03/27  10:00:00,965.607169747,445.580712118
 03/27  11:00:00,965.545149222,422.698082565
 03/27  12:00:00,915.643847963,386.030824297
 03/27  13:00:00,965.27374022,216.278413485
 03/27  14:00:00,965.2010347739999,156.38275068299998
 03/27  15:00:00,965.1378177610001,99.6315103454
 03/27  16:00:00,1014.03735986,110.111476484
 03/27  17:00:00,901.20697462,137.54512109200002
 03/27  18:00:00,701.91615329,208.465912352
 03/27  19:00:00,711.681556207,249.973863677
 03/27  20:00:00,579.305555184,315.731274282
 03/27  21:00:00,554.905168709,369.704032531
 03/27  22:00:00,349.356994317,2.19099528522
 03/27  23:00:00,299.992235589,4.361817690980001
 03/27  24:00:00,287.770037448,2.19082241205
 03/28  01:00:00,287.770036337,2.19102434958
 03/28  02:00:00,287.770036675,4.36186937587
 03/28  03:00:00,289.359295719,10.5552522836
 03/28  04:00:00,301.980114719,14.034078361199999
 03/28  05:00:00,350.951376027,16.5337357954
 03/28  06:00:00,430.36761059300005,893.907993735
 03/28  07:00:00,502.985443234,644.653907104
 03/28  08:00:00,1050.86177037,277.04782200299996
 03/28  09:00:00,1014.09691244,183.38945535
 03/28  10:00:00,965.141334209,113.448934836
 03/28  11:00:00,965.122858001,96.8300026958
 03/28  12:00:00,915.91067356,110.659065901
 03/28  13:00:00,967.515053522,74.897948033
 03/28  14:00:00,968.3368609060001,46.9939663323
 03/28  15:00:00,967.705977312,27.320460527399998
 03/28  16:00:00,1014.90322863,34.5256594648
 03/28  17:00:00,901.0971006789999,34.2610038875
 03/28  18:00:00,701.756349047,60.896322644099996
 03/28  19:00:00,711.5231222780001,97.5066878951
 03/28  20:00:00,579.14019965,158.53021867799998
 03/28  21:00:00,554.7339799580001,201.290784146
 03/28  22:00:00,349.35699326699995,2.19092007965
 03/28  23:00:00,299.992234364,2.1907287371
 03/28  24:00:00,287.770036729,4.36167211272
 03/29  01:00:00,287.770035115,2.19093924195
 03/29  02:00:00,287.77003534799996,2.19074589385
 03/29  03:00:00,287.770035514,4.36169909814
 03/29  04:00:00,299.992232898,2.19095310699
 03/29  05:00:00,349.358531735,4.3685496838199995
 03/29  06:00:00,430.063406741,639.252861524
 03/29  07:00:00,502.859834368,565.335655889
 03/29  08:00:00,1050.89632163,335.000074543
 03/29  09:00:00,1014.17611561,279.44809189999995
 03/29  10:00:00,965.261216223,254.24690859
 03/29  11:00:00,965.240969303,231.088061594
 03/29  12:00:00,915.379429944,210.421523195
 03/29  13:00:00,965.146190833,120.205665734
 03/29  14:00:00,965.107861194,85.1993111332
 03/29  15:00:00,965.079423575,53.6462654488
 03/29  16:00:00,1013.97200606,58.3626016375
 03/29  17:00:00,901.116988321,58.5061620144
 03/29  18:00:00,701.782460515,92.05911335
 03/29  19:00:00,711.5476289789999,134.168120725
 03/29  20:00:00,579.307334652,358.791241758
 03/29  21:00:00,555.018138195,529.170974697
 03/29  22:00:00,349.356992315,4.3620056406800005
 03/29  23:00:00,299.992233016,2.1905810368900003
 03/29  24:00:00,287.770035028,2.19091189439
 03/30  01:00:00,287.77003429900003,4.36162900515
 03/30  02:00:00,287.770034067,2.1907177295099998
 03/30  03:00:00,287.77003389,2.19091530507
 03/30  04:00:00,300.389110309,6.0953560290799995
 03/30  05:00:00,351.34275810199995,12.856249959100001
 03/30  06:00:00,421.62067396699996,741.919960372
 03/30  07:00:00,502.87837201199994,574.900562995
 03/30  08:00:00,1050.80305074,231.392655434
 03/30  09:00:00,1014.04307919,131.370700889
 03/30  10:00:00,965.108028767,81.6540721666
 03/30  11:00:00,965.517104734,71.1113843628
 03/30  12:00:00,916.939489615,75.92461297050001
 03/30  13:00:00,968.8842213280001,58.7428503512
 03/30  14:00:00,969.7092235010001,32.0682618103
 03/30  15:00:00,1035.6042707000001,19.1692085594
 03/30  16:00:00,1094.25403526,25.4824534915
 03/30  17:00:00,979.34616334,17.6763809037
 03/30  18:00:00,712.4185347389999,37.6697745721
 03/30  19:00:00,711.4885498680001,61.143496127700004
 03/30  20:00:00,579.127080797,146.453934383
 03/30  21:00:00,554.725851241,195.00596397
 03/30  22:00:00,349.35699112099996,2.19071715686
 03/30  23:00:00,299.992231799,2.19091456734
 03/30  24:00:00,287.770034404,4.361634967440001
 03/31  01:00:00,287.770032922,2.19071610981
 03/31  02:00:00,287.770032735,2.19091087854
 03/31  03:00:00,287.770033157,4.36162056388
 03/31  04:00:00,299.992230709,2.19070962387
 03/31  05:00:00,349.358527686,4.3680250869099995
 03/31  06:00:00,421.39453529900004,517.643913823
 03/31  07:00:00,502.67255482800005,373.949661711
 03/31  08:00:00,1050.88390244,153.239976077
 03/31  09:00:00,1015.17447104,82.4706257662
 03/31  10:00:00,1036.77111132,59.226364976099994
 03/31  11:00:00,1168.14306585,50.5487510308
 03/31  12:00:00,1171.34672712,54.321279196599995
 03/31  13:00:00,1235.46893996,39.6574786901
 03/31  14:00:00,1244.52007684,21.6637806783
 03/31  15:00:00,1246.14589191,17.6301066062
 03/31  16:00:00,1296.08099277,22.156065692
 03/31  17:00:00,1179.92483253,15.375847054600001
 03/31  18:00:00,972.1506264489999,11.5811141422
 03/31  19:00:00,865.577325354,19.7810905078
 03/31  20:00:00,588.285269851,49.593147671400004
 03/31  21:00:00,554.631344624,90.55002333280001
 03/31  22:00:00,349.356989713,2.19098837657
 03/31  23:00:00,299.99223082,2.19079033001
 03/31  24:00:00,287.770033107,4.36177127698
 04/01  01:00:00,237.92930443400002,2.19097657138
 04/01  02:00:00,237.92930466400003,2.19077637921
 04/01  03:00:00,237.929304782,4.36173571742
 04/01  04:00:00,250.151502215,2.19095927363
 04/01  05:00:00,274.59743537599996,4.36850639809
 04/01  06:00:00,421.465941451,306.486709222
 04/01  07:00:00,402.854302576,229.75887331599998
 04/01  08:00:00,651.974401648,130.972756388
 04/01  09:00:00,615.2743200880001,95.12777042649999
 04/01  10:00:00,566.363795544,66.5917043962
 04/01  11:00:00,566.8410381880001,56.411556214799994
 04/01  12:00:00,566.82949802,49.0603288322
 04/01  13:00:00,566.380867611,50.061009455
 04/01  14:00:00,318.341728197,49.1715449616
 04/01  15:00:00,351.10977930300004,36.7570846751
 04/01  16:00:00,429.65044127699997,42.806978071399996
 04/01  17:00:00,383.430276348,84.5942081075
 04/01  18:00:00,296.668109543,4.36625101268
 04/01  19:00:00,306.39838060799997,2.1928755031400002
 04/01  20:00:00,323.485713896,4.36632382529
 04/01  21:00:00,299.04234330599996,6.5453611899699995
 04/01  22:00:00,274.595898057,2.19106088747
 04/01  23:00:00,250.151502227,2.1908605300599997
 04/01  24:00:00,237.92930483,4.36190311117
 04/02  01:00:00,237.92879128599998,2.18998998496
 04/02  02:00:00,237.92879116,2.18982370062
 04/02  03:00:00,237.928791189,2.189976658
 04/02  04:00:00,250.150988909,2.18981020803
 04/02  05:00:00,274.596921261,4.36593605749
 04/02  06:00:00,314.940509115,2.18994693465
 04/02  07:00:00,296.666571333,2.18978030695
 04/02  08:00:00,296.66657134900004,2.1899330788999998
 04/02  09:00:00,259.99997792799996,2.18976640636
 04/02  10:00:00,211.111186746,2.1899191825499997
 04/02  11:00:00,211.11221144700002,4.364198645280001
 04/02  12:00:00,211.112210882,2.1917583592099996
 04/02  13:00:00,211.113747652,6.5453729871899995
 04/02  14:00:00,211.112210903,2.1919709805900003
 04/02  15:00:00,212.69821885099998,9.02743147026
 04/02  16:00:00,261.985058012,12.2885263502
 04/02  17:00:00,298.256570889,12.595302766300001
 04/02  18:00:00,298.655130251,18.639782625
 04/02  19:00:00,299.446012891,16.0055835626
 04/02  20:00:00,325.474835455,18.9924289324
 04/02  21:00:00,300.635279521,19.529377518
 04/02  22:00:00,276.587400318,20.6136994071
 04/02  23:00:00,251.74644010400002,19.1313306268
 04/02  24:00:00,239.922319128,22.415300186
 04/03  01:00:00,289.366083502,19.8425191597
 04/03  02:00:00,289.76448870400003,23.515236721599997
 04/03  03:00:00,289.367959005,24.240921435100002
 04/03  04:00:00,301.988290481,25.4063981165
 04/03  05:00:00,350.95751061199996,25.4808173525
 04/03  06:00:00,421.889610185,1056.68988908
 04/03  07:00:00,502.904171618,601.681897386
 04/03  08:00:00,1050.89248691,326.597469107
 04/03  09:00:00,1014.14361753,242.318446161
 04/03  10:00:00,965.207946651,195.354397744
 04/03  11:00:00,965.1827884789999,167.080953941
 04/03  12:00:00,915.349217914,175.46725291299998
 04/03  13:00:00,965.122402586,101.567803796
 04/03  14:00:00,965.3324332510001,58.020311396800004
 04/03  15:00:00,1026.76542862,34.397214913
 04/03  16:00:00,1183.99345649,37.282842329
 04/03  17:00:00,1077.56931143,35.7362892416
 04/03  18:00:00,841.5758179110001,53.483714721000005
 04/03  19:00:00,752.6050775780001,84.3125014634
 04/03  20:00:00,579.145015416,171.294806622
 04/03  21:00:00,554.738590795,218.45769615700002
 04/03  22:00:00,349.356986204,4.3619553916000005
 04/03  23:00:00,299.99222679900004,2.1907081274799998
 04/03  24:00:00,287.770028885,2.1908935929199997
 04/04  01:00:00,287.770027984,4.36155343319
 04/04  02:00:00,287.770027766,2.1910502957199998
 04/04  03:00:00,287.770027558,2.19084278514
 04/04  04:00:00,299.992225778,4.36184234046
 04/04  05:00:00,349.35851947599997,4.36780718633
 04/04  06:00:00,412.981590225,674.9307594969999
 04/04  07:00:00,502.760862156,475.266833318
 04/04  08:00:00,1050.79771954,180.708457468
 04/04  09:00:00,1014.83037842,92.8797186316
 04/04  10:00:00,1027.73845638,59.79895524609999
 04/04  11:00:00,1220.31088298,49.9562357636
 04/04  12:00:00,1220.84564788,52.224536713
 04/04  13:00:00,1299.07409395,35.757024536399996
 04/04  14:00:00,1309.56531695,18.6630071461
 04/04  15:00:00,1301.59130974,17.6295707629
 04/04  16:00:00,1346.71377418,22.1526658609
 04/04  17:00:00,1231.88646044,15.3756474397
 04/04  18:00:00,1018.82233796,11.3306454524
 04/04  19:00:00,987.120492197,17.5721372072
 04/04  20:00:00,765.975559809,57.7461330154
 04/04  21:00:00,645.969866828,68.0901155121
 04/04  22:00:00,349.35698476,2.19101190408
 04/04  23:00:00,299.992225427,2.1908042374
 04/04  24:00:00,287.770027993,4.36176503112
 04/05  01:00:00,287.770026466,2.1909555381
 04/05  02:00:00,287.770026262,2.19074552595
 04/05  03:00:00,287.77002659,4.361639501569999
 04/05  04:00:00,299.992224292,2.19089396057
 04/05  05:00:00,349.35851760300005,4.36751524612
 04/05  06:00:00,413.08958144300004,190.414216488
 04/05  07:00:00,502.457316441,136.3019581
 04/05  08:00:00,1051.68185107,52.8457723353
 04/05  09:00:00,1123.41683244,39.8135915584
 04/05  10:00:00,1201.12064101,31.722623532600004
 04/05  11:00:00,1255.19646363,29.325346978000002
 04/05  12:00:00,1213.79445746,36.8973167406
 04/05  13:00:00,1265.45362674,29.152033946
 04/05  14:00:00,1272.84810063,17.636237598
 04/05  15:00:00,1279.47248559,17.6291008319
 04/05  16:00:00,1335.28817567,22.147294614499998
 04/05  17:00:00,1211.03230293,15.3733519255
 04/05  18:00:00,997.4553843360001,10.9589565627
 04/05  19:00:00,897.578811598,7.3206503296
 04/05  20:00:00,579.023484134,32.3590692181
 04/05  21:00:00,554.598057935,53.6615856118
 04/05  22:00:00,349.356983357,2.19072305333
 04/05  23:00:00,299.99222417,2.1909021779
 04/05  24:00:00,287.770026727,4.36156307204
 04/06  01:00:00,287.770025099,2.19065605078
 04/06  02:00:00,287.770024885,2.19083237155
 04/06  03:00:00,287.770025288,4.3618037976599995
 04/06  04:00:00,299.992222874,2.19097141911
 04/06  05:00:00,349.35851524300006,4.36765104682
 04/06  06:00:00,413.93917729300006,215.68936249400002
 04/06  07:00:00,502.460699878,143.321270274
 04/06  08:00:00,1051.72740264,51.174414114399994
 04/06  09:00:00,1086.0082493,37.0617769935
 04/06  10:00:00,1232.9767348,25.8112813785
 04/06  11:00:00,1271.17663733,25.187761716399997
 04/06  12:00:00,1237.91404922,31.522589118000003
 04/06  13:00:00,1312.29833346,28.9369897348
 04/06  14:00:00,1325.35920678,17.6350062783
 04/06  15:00:00,1319.94793083,17.627048060499998
 04/06  16:00:00,1364.68602356,22.150497386599998
 04/06  17:00:00,1235.75393242,13.1807243997
 04/06  18:00:00,1013.40450925,13.1457511869
 04/06  19:00:00,999.5223160730001,6.56402563639
 04/06  20:00:00,863.954428239,11.278744123900001
 04/06  21:00:00,679.106885701,36.9196566792
 04/06  22:00:00,349.356982076,4.3618492915
 04/06  23:00:00,299.99222270900003,2.19099316268
 04/06  24:00:00,287.770025118,2.19078039815
 04/07  01:00:00,287.770023794,4.36169082307
 04/07  02:00:00,287.77002345200003,2.1909106617200003
 04/07  03:00:00,287.77002368,2.19069540591
 04/07  04:00:00,299.992221689,4.3615210683
 04/07  05:00:00,349.358512974,4.3681951235600005
 04/07  06:00:00,414.718659189,142.164358026
 04/07  07:00:00,502.448454641,130.6722521
 04/07  08:00:00,1050.70469766,48.2233325744
 04/07  09:00:00,1016.09794318,36.1348752751
 04/07  10:00:00,967.708109208,27.6565436685
 04/07  11:00:00,970.89932895,27.5447206517
 04/07  12:00:00,958.4325724939999,38.2541743063
 04/07  13:00:00,1078.45704118,27.4669910761
 04/07  14:00:00,1132.68199018,17.7828337883
 04/07  15:00:00,1175.00826576,17.6280489193
 04/07  16:00:00,1233.22777414,24.362130679899998
 04/07  17:00:00,1110.21707906,13.1765301131
 04/07  18:00:00,852.824594036,11.061596151500002
 04/07  19:00:00,733.5469330980001,15.382368341500001
 04/07  20:00:00,579.029966812,38.9156867941
 04/07  21:00:00,554.599954946,57.830027690200005
 04/07  22:00:00,349.356980565,2.19092491926
 04/07  23:00:00,299.992221588,4.36158941203
 04/07  24:00:00,287.770023408,2.1908596338
 04/08  01:00:00,237.929295145,2.19064038308
 04/08  02:00:00,237.929295353,4.36178950948
 04/08  03:00:00,237.929294963,2.1907615029599996
 04/08  04:00:00,250.151492842,2.1909307791900003
 04/08  05:00:00,274.59742000200004,4.36788186204
 04/08  06:00:00,414.020485001,258.163248558
 04/08  07:00:00,402.812692777,191.294995882
 04/08  08:00:00,652.2382483519999,82.54791720850001
 04/08  09:00:00,615.658595894,53.9158982973
 04/08  10:00:00,566.3460848359999,47.480759468
 04/08  11:00:00,659.608390997,40.9064796097
 04/08  12:00:00,756.1181113519999,31.683883358800003
 04/08  13:00:00,825.525075972,21.806768841300002
 04/08  14:00:00,530.048922072,25.9513877146
 04/08  15:00:00,352.232701116,59.4427549754
 04/08  16:00:00,366.07133755300003,100.91721776700001
 04/08  17:00:00,328.003878466,135.145783046
 04/08  18:00:00,296.668096288,2.1930415804799996
 04/08  19:00:00,297.854700917,4.36552897753
 04/08  20:00:00,323.485700902,4.36584913444
 04/08  21:00:00,299.04232612,4.37010659648
 04/08  22:00:00,274.595888696,2.19083855587
 04/08  23:00:00,250.15149306200001,4.36179701231
 04/08  24:00:00,237.929294981,2.19095856101
 04/09  01:00:00,237.92878343700002,2.1899133496000003
 04/09  02:00:00,237.928783423,2.18972917913
 04/09  03:00:00,237.92878346900002,2.1898607318
 04/09  04:00:00,250.150981321,2.1896763127
 04/09  05:00:00,274.596907353,4.36584140302
 04/09  06:00:00,306.396834696,2.18974990954
 04/09  07:00:00,296.666563698,2.18988105367
 04/09  08:00:00,296.666563729,2.1896964304099997
 04/09  09:00:00,259.99997033799997,4.35947060068
 04/09  10:00:00,211.111179122,2.18977427395
 04/09  11:00:00,211.112199283,2.19183109702
 04/09  12:00:00,211.112199683,4.36384127016
 04/09  13:00:00,211.113730202,4.36993661185
 04/09  14:00:00,211.112199545,4.36364067439
 04/09  15:00:00,211.111179142,2.18975635487
 04/09  16:00:00,259.999970346,2.1898873598299997
 04/09  17:00:00,296.666563694,2.18970266553
 04/09  18:00:00,296.666563662,2.18983379816
 04/09  19:00:00,297.853168076,2.1896490487299998
 04/09  20:00:00,323.484168016,2.1897803144099997
 04/09  21:00:00,299.041303363,4.36573152489
 04/09  22:00:00,274.59537686,2.18985357573
 04/09  23:00:00,251.740070428,11.896055368199999
 04/09  24:00:00,239.916641971,16.1968359581
 04/10  01:00:00,289.36244187799997,16.0690509196
 04/10  02:00:00,289.762914629,24.663678822399998
 04/10  03:00:00,289.372347778,28.424669193000003
 04/10  04:00:00,301.996624059,36.7547206832
 04/10  05:00:00,350.97560972,48.71915181
 04/10  06:00:00,438.133604749,1114.56955101
 04/10  07:00:00,503.226598337,908.821676552
 04/10  08:00:00,1050.89353692,297.072584857
 04/10  09:00:00,1014.52726652,168.415584691
 04/10  10:00:00,965.384003035,99.68305839850001
 04/10  11:00:00,965.154659411,78.4193804847
 04/10  12:00:00,916.419095507,86.0937376368
 04/10  13:00:00,967.911543758,59.89411554350001
 04/10  14:00:00,968.1165442460001,34.722880482
 04/10  15:00:00,967.083320419,19.8546587972
 04/10  16:00:00,1014.87528495,25.5540418723
 04/10  17:00:00,901.080458808,16.4143981298
 04/10  18:00:00,701.7324333519999,32.3168905299
 04/10  19:00:00,694.390371103,49.0312821054
 04/10  20:00:00,583.893120465,111.633396048
 04/10  21:00:00,554.7001681730001,157.705084933
 04/10  22:00:00,349.356975935,2.19073520818
 04/10  23:00:00,299.992217205,4.36157152476
 04/10  24:00:00,287.770019294,2.1908364542400003
 04/11  01:00:00,287.770017615,2.19060829528
 04/11  02:00:00,287.770017815,2.1907677188799997
 04/11  03:00:00,287.770017891,4.36162729766
 04/11  04:00:00,299.992215356,2.1908596235499997
 04/11  05:00:00,349.35850363,4.368096814709999
 04/11  06:00:00,404.617298005,474.099436694
 04/11  07:00:00,502.685712735,371.55123502
 04/11  08:00:00,1050.77867779,208.230679563
 04/11  09:00:00,1014.03831854,127.18880914299999
 04/11  10:00:00,965.0954314319999,68.2896354733
 04/11  11:00:00,965.089105138,61.6754478506
 04/11  12:00:00,915.274145377,89.0204030676
 04/11  13:00:00,965.1022042430001,77.0568318163
 04/11  14:00:00,965.097407174,71.95964528409999
 04/11  15:00:00,965.113469509,90.6578604848
 04/11  16:00:00,1014.04812055,140.488047513
 04/11  17:00:00,929.9657167089999,181.776270874
 04/11  18:00:00,716.278727454,233.137299698
 04/11  19:00:00,694.587248818,273.785940438
 04/11  20:00:00,579.3761475680001,431.20429489800006
 04/11  21:00:00,555.103938104,612.765722054
 04/11  22:00:00,349.35697471199995,2.1908707770299998
 04/11  23:00:00,299.992215434,2.1906444816499997
 04/11  24:00:00,287.77001790099996,2.190803489
 04/12  01:00:00,287.770016353,4.36168868362
 04/12  02:00:00,288.565170498,7.07538800634
 04/12  03:00:00,289.36138122,13.113460097599999
 04/12  04:00:00,301.987267121,24.3863624265
 04/12  05:00:00,350.95703142400004,23.0874463044
 04/12  06:00:00,404.782243461,949.92279145
 04/12  07:00:00,503.45950721300005,1042.28775313
 04/12  08:00:00,1051.13558582,485.44387282800005
 04/12  09:00:00,1014.17517327,227.529187565
 04/12  10:00:00,965.141282831,102.93088077200001
 04/12  11:00:00,965.1314718489999,67.1913613694
 04/12  12:00:00,921.365110223,69.65456768909999
 04/12  13:00:00,1079.350798,52.2374849363
 04/12  14:00:00,1223.37592636,27.3795454919
 04/12  15:00:00,1242.91594378,17.9128346027
 04/12  16:00:00,1296.68325701,22.3770039567
 04/12  17:00:00,1184.60749487,13.7269907985
 04/12  18:00:00,978.2612663939999,19.7167024614
 04/12  19:00:00,777.641314374,29.4922486001
 04/12  20:00:00,579.071353842,70.7025110474
 04/12  21:00:00,554.665910982,108.76975426799999
 04/12  22:00:00,349.35697297699994,2.1907949495200003
 04/12  23:00:00,299.992214269,4.3616710875599995
 04/12  24:00:00,287.770016242,2.19087629154
 04/13  01:00:00,287.770014495,2.1906424292
 04/13  02:00:00,287.770014787,2.1907946161200003
 04/13  03:00:00,287.770014784,4.3616610288599995
 04/13  04:00:00,299.992212273,2.190866474
 04/13  05:00:00,349.358498708,4.36806455299
 04/13  06:00:00,404.54154877199994,396.96961040599996
 04/13  07:00:00,502.604010651,262.08286282299997
 04/13  08:00:00,1051.26362781,85.4244675297
 04/13  09:00:00,1024.93640549,54.7663975695
 04/13  10:00:00,1170.90827467,39.9568467714
 04/13  11:00:00,1264.62849597,33.3479216065
 04/13  12:00:00,1241.36505477,36.0877540443
 04/13  13:00:00,1301.64594915,30.1209359848
 04/13  14:00:00,1312.46443642,17.8304014272
 04/13  15:00:00,1314.39894952,17.6240612602
 04/13  16:00:00,1364.85476821,22.1435006587
 04/13  17:00:00,1241.1484896,13.1768290362
 04/13  18:00:00,1022.40897192,10.956865948099999
 04/13  19:00:00,956.3860061989999,9.36398286382
 04/13  20:00:00,629.199738154,26.8189058626
 04/13  21:00:00,554.597831164,47.0000580582
 04/13  22:00:00,349.356971527,2.19085084655
 04/13  23:00:00,299.992212642,4.36123425338
 04/13  24:00:00,287.770014419,2.1907295918000003
 04/14  01:00:00,287.770012934,2.1908764138
 04/14  02:00:00,287.770013254,4.36143211263
 04/14  03:00:00,287.770013061,2.19093836849
 04/14  04:00:00,299.99221066,2.19070368209
 04/14  05:00:00,349.358496142,4.36729601321
 04/14  06:00:00,405.098837903,217.32770075599998
 04/14  07:00:00,502.512961851,185.73174700099997
 04/14  08:00:00,1050.66144814,79.1465473588
 04/14  09:00:00,1013.96385104,46.6471608781
 04/14  10:00:00,1062.03871628,41.3263131244
 04/14  11:00:00,1180.34594532,35.9062813156
 04/14  12:00:00,1184.84405341,35.124610823299996
 04/14  13:00:00,1256.1603151,29.718345420100004
 04/14  14:00:00,1278.6109317,17.6323238873
 04/14  15:00:00,1291.96741244,17.6232438519
 04/14  16:00:00,1339.91217123,22.1428263278
 04/14  17:00:00,1203.67822104,13.1756937723
 04/14  18:00:00,984.5603811110001,14.8555551176
 04/14  19:00:00,895.2491057960001,26.117991736700002
 04/14  20:00:00,620.93887931,59.876793802399995
 04/14  21:00:00,563.863675887,74.0758826373
 04/14  22:00:00,349.35696991099996,2.19083785042
 04/14  23:00:00,299.9922111,4.3613522362
 04/14  24:00:00,287.770013074,2.19089820272
 04/15  01:00:00,237.92928419700002,2.1906584789099997
 04/15  02:00:00,237.92928454,4.3613689330900005
 04/15  03:00:00,237.929284499,2.19071051105
 04/15  04:00:00,250.15148200599998,2.1908550069
 04/15  05:00:00,274.597402982,4.36799430431
 04/15  06:00:00,405.542488865,217.48425808
 04/15  07:00:00,402.78968945800005,149.190186325
 04/15  08:00:00,652.2891069359999,83.1798131889
 04/15  09:00:00,616.234975475,61.4425889595
 04/15  10:00:00,576.028536009,49.495130551
 04/15  11:00:00,697.0204274739999,41.3154759717
 04/15  12:00:00,825.569349708,33.6897832071
 04/15  13:00:00,847.3124734930001,26.3413018655
 04/15  14:00:00,602.17088253,14.7728707151
 04/15  15:00:00,600.713921237,18.866881599000003
 04/15  16:00:00,650.4619987000001,27.968218038899998
 04/15  17:00:00,606.153905081,28.778900140300003
 04/15  18:00:00,296.668081208,2.1929815401700004
 04/15  19:00:00,289.311018957,4.36595255482
 04/15  20:00:00,323.485685915,4.36565361484
 04/15  21:00:00,299.042306845,4.37001634216
 04/15  22:00:00,274.595877922,4.3613973894999996
 04/15  23:00:00,250.15148226,2.19072438656
 04/15  24:00:00,237.92928419999998,2.19086868815
 04/16  01:00:00,237.92877465799998,2.18981556654
 04/16  02:00:00,237.92877468900002,2.18961140185
 04/16  03:00:00,237.928774679,2.18971908485
 04/16  04:00:00,250.150972539,2.18982640275
 04/16  05:00:00,274.596892241,4.36535642743
 04/16  06:00:00,289.30949260299997,2.18983006159
 04/16  07:00:00,296.666554867,2.18962547215
 04/16  08:00:00,296.66655491299997,2.1898374199400004
 04/16  09:00:00,288.942012537,2.18984058865
 04/16  10:00:00,344.586219761,2.1896350508599998
 04/16  11:00:00,316.579553805,4.36373511033
 04/16  12:00:00,211.112186414,2.19191888016
 04/16  13:00:00,211.113710432,6.54465627003
 04/16  14:00:00,211.112186185,2.19194807968
 04/16  15:00:00,211.111170311,2.18974018507
 04/16  16:00:00,259.99996154900003,2.18984636433
 04/16  17:00:00,296.666554957,2.18964168424
 04/16  18:00:00,296.666554982,2.1897487553599997
 04/16  19:00:00,289.30949271099996,4.35950653042
 04/16  20:00:00,323.48415936099997,2.18975798416
 04/16  21:00:00,299.041287753,2.19302424872
 04/16  22:00:00,274.595368139,2.1896564582599995
 04/16  23:00:00,250.150972569,2.18976349244
 04/16  24:00:00,237.92877476099997,4.35953595516
 04/17  01:00:00,287.770008134,2.19078363864
 04/17  02:00:00,287.770008008,2.1903413485599996
 04/17  03:00:00,287.770008173,2.19067741468
 04/17  04:00:00,299.992206153,4.3613852701499995
 04/17  05:00:00,349.35848812800003,4.36779192984
 04/17  06:00:00,396.352270144,221.412417858
 04/17  07:00:00,502.475674972,159.534910443
 04/17  08:00:00,1058.92098143,59.022279138500004
 04/17  09:00:00,1050.59608696,45.681381686099996
 04/17  10:00:00,1160.57231022,33.9153371372
 04/17  11:00:00,1252.13445047,29.426747702199997
 04/17  12:00:00,1226.16253157,32.5507713918
 04/17  13:00:00,1294.55433697,29.6194968538
 04/17  14:00:00,1307.85902376,17.6266469627
 04/17  15:00:00,1307.21541453,17.6212132618
 04/17  16:00:00,1353.72921952,22.1400388774
 04/17  17:00:00,1221.63508249,13.1732693679
 04/17  18:00:00,990.5763247939999,10.956025235899999
 04/17  19:00:00,848.9024866860001,9.18716602777
 04/17  20:00:00,666.657524996,17.6234536629
 04/17  21:00:00,616.948968205,31.9993493812
 04/17  22:00:00,349.356964931,2.1907599142
 04/17  23:00:00,299.992206011,2.19089662002
 04/17  24:00:00,287.770008396,4.36144272347
 04/18  01:00:00,287.770006485,2.19054025667
 04/18  02:00:00,287.77000628900004,2.19067391972
 04/18  03:00:00,287.77000665400004,4.3613677728099995
 04/18  04:00:00,299.992204367,2.19069397806
 04/18  05:00:00,349.358485756,4.368013297180001
 04/18  06:00:00,397.19574906099996,177.73269111
 04/18  07:00:00,511.740309355,185.571608823
 04/18  08:00:00,1050.66177306,86.7719057367
 04/18  09:00:00,1013.98994457,81.1323688541
 04/18  10:00:00,965.450281349,65.791025841
 04/18  11:00:00,966.0400684919999,60.7225195305
 04/18  12:00:00,915.259008296,77.3071307193
 04/18  13:00:00,966.5694129889999,69.5777399799
 04/18  14:00:00,966.9210919889999,56.6437336218
 04/18  15:00:00,967.196111207,53.6821106713
 04/18  16:00:00,1016.38194651,44.2575513821
 04/18  17:00:00,901.253351955,37.3643748496
 04/18  18:00:00,701.7409345089999,46.573080965600006
 04/18  19:00:00,685.849676769,59.7687385351
 04/18  20:00:00,579.1229476030001,153.591467039
 04/18  21:00:00,554.7027912230001,185.560657802
 04/18  22:00:00,349.356963481,2.19081933404
 04/18  23:00:00,299.992204196,2.1905725293000002
 04/18  24:00:00,287.77000661,2.19070577499
 04/19  01:00:00,287.770004975,4.36142041521
 04/19  02:00:00,287.770004591,2.19071511233
 04/19  03:00:00,287.770004728,2.1908444470700004
 04/19  04:00:00,299.992202785,4.361318947780001
 04/19  05:00:00,349.358482676,4.3672873584800005
 04/19  06:00:00,411.968227434,523.9016258830001
 04/19  07:00:00,502.627854982,347.675299664
 04/19  08:00:00,1051.0163710000002,121.780690939
 04/19  09:00:00,1014.99287347,70.4413893672
 04/19  10:00:00,985.808774849,51.5913069449
 04/19  11:00:00,1113.18145433,42.654666081900004
 04/19  12:00:00,1147.39833217,46.098611240100006
 04/19  13:00:00,1236.49223507,30.161806596999998
 04/19  14:00:00,1241.34462057,18.582992912599998
 04/19  15:00:00,1237.09637106,18.2212853074
 04/19  16:00:00,1280.30570571,22.818521895
 04/19  17:00:00,1165.2046649000001,18.1339044504
 04/19  18:00:00,948.572101846,33.2037534767
 04/19  19:00:00,826.270651964,30.5852328725
 04/19  20:00:00,590.083852779,74.6049958717
 04/19  21:00:00,554.632071849,96.7106039204
 04/19  22:00:00,349.35696152099996,2.19084319091
 04/19  23:00:00,299.992202601,4.36131384532
 04/19  24:00:00,287.770004442,2.19066137896
 04/20  01:00:00,287.770002804,2.19078534345
 04/20  02:00:00,287.770003185,4.361191061
 04/20  03:00:00,287.770002976,2.19078393078
 04/20  04:00:00,299.99220065099996,2.1905310553799997
 04/20  05:00:00,349.358480236,4.36798052286
 04/20  06:00:00,396.6220749,307.632786722
 04/20  07:00:00,502.530066027,231.771198835
 04/20  08:00:00,1050.69251638,72.491250542
 04/20  09:00:00,1015.06994227,55.200680653
 04/20  10:00:00,966.0676475939999,46.635483743900004
 04/20  11:00:00,1068.17211353,42.047942348
 04/20  12:00:00,1061.3217699,43.810396725100006
 04/20  13:00:00,1184.13382824,31.2672426673
 04/20  14:00:00,1234.39324626,18.0433920519
 04/20  15:00:00,1217.87220598,15.417637295599999
 04/20  16:00:00,1216.96378999,24.348020850300003
 04/20  17:00:00,1017.45189505,13.172432730699999
 04/20  18:00:00,710.957004513,12.300825827999999
 04/20  19:00:00,685.8274019730001,30.4833960807
 04/20  20:00:00,579.0622169869999,79.3461453352
 04/20  21:00:00,554.638828453,106.968763078
 04/20  22:00:00,349.35696031599997,4.36167758111
 04/20  23:00:00,299.992200707,2.19060976286
 04/20  24:00:00,287.770002891,2.19073512696
 04/21  01:00:00,287.770001509,4.36145562924
 04/21  02:00:00,287.770001298,2.19072168723
 04/21  03:00:00,287.770001132,2.19084312813
 04/21  04:00:00,299.992199087,2.1905871907
 04/21  05:00:00,349.358477095,4.36765324924
 04/21  06:00:00,388.227201029,306.866794756
 04/21  07:00:00,502.508820413,211.036829732
 04/21  08:00:00,1050.65266343,78.23095429140001
 04/21  09:00:00,1013.97192201,61.0295354597
 04/21  10:00:00,965.1632278989999,49.2889959468
 04/21  11:00:00,965.7822779589999,45.407956249899996
 04/21  12:00:00,915.4448279339999,52.8366526355
 04/21  13:00:00,967.4830996610001,34.852505749
 04/21  14:00:00,967.209434931,25.438245756500002
 04/21  15:00:00,967.421412909,27.5140718198
 04/21  16:00:00,1016.58438186,26.8081932756
 04/21  17:00:00,901.374802514,27.7028748496
 04/21  18:00:00,701.75796655,68.8976085025
 04/21  19:00:00,685.875778666,91.80394577290001
 04/21  20:00:00,579.122170227,156.416193501
 04/21  21:00:00,554.69813551,184.097943816
 04/21  22:00:00,349.35695854,4.36138813416
 04/21  23:00:00,299.99219891900003,2.19060972841
 04/21  24:00:00,287.770001125,2.1907311315299998
 04/22  01:00:00,237.92927265400002,4.361436479069999
 04/22  02:00:00,237.929272441,2.1907065582
 04/22  03:00:00,237.92927227099997,2.19082403546
 04/22  04:00:00,250.151470231,2.19056492478
 04/22  05:00:00,274.597383622,4.3675823106400005
 04/22  06:00:00,387.608402838,466.826297959
 04/22  07:00:00,402.96295043199996,380.86572259900004
 04/22  08:00:00,652.051541775,235.02610236599998
 04/22  09:00:00,615.3287694830001,166.19199072700002
 04/22  10:00:00,566.399154858,116.821165535
 04/22  11:00:00,566.379065762,89.3296649199
 04/22  12:00:00,566.3686676169999,78.3154894534
 04/22  13:00:00,566.364987325,72.2614018822
 04/22  14:00:00,317.17940527,97.7989199865
 04/22  15:00:00,380.52297142099997,62.248864032700006
 04/22  16:00:00,447.404579282,65.4988211902
 04/22  17:00:00,422.39339445300004,78.1547926929
 04/22  18:00:00,296.668064744,4.36567815917
 04/22  19:00:00,280.767335764,4.36548129952
 04/22  20:00:00,323.485668879,4.36508344326
 04/22  21:00:00,299.04228530299997,4.36929269949
 04/22  22:00:00,274.595865692,2.19058745375
 04/22  23:00:00,250.15147007299998,2.1907049029400003
 04/22  24:00:00,237.929272651,4.3613850129500005
 04/23  01:00:00,237.928765055,2.1896716194
 04/23  02:00:00,237.928765065,2.1897530192500003
 04/23  03:00:00,237.92876506599998,2.18952697539
 04/23  04:00:00,250.15096280400002,2.18960840777
 04/23  05:00:00,274.596875155,2.1925940185
 04/23  06:00:00,280.765816417,4.35950997625
 04/23  07:00:00,296.666545337,2.18972339148
 04/23  08:00:00,308.19713511,2.18976357254
 04/23  09:00:00,281.363072063,2.18978253235
 04/23  10:00:00,286.089852041,2.18970994195
 04/23  11:00:00,211.112171565,2.19181165435
 04/23  12:00:00,211.11217219099998,4.36365007394
 04/23  13:00:00,211.11368874099998,4.36936306397
 04/23  14:00:00,211.11217160200002,2.19174726007
 04/23  15:00:00,233.325536239,2.18968534501
 04/23  16:00:00,516.091468418,4.35946007261
 04/23  17:00:00,527.621620269,2.18980530049
 04/23  18:00:00,560.4647343190001,2.1897015460400002
 04/23  19:00:00,429.87858414699997,2.18978249676
 04/23  20:00:00,323.484149633,2.18955526537
 04/23  21:00:00,299.04127072200004,2.19253905254
 04/23  22:00:00,274.595358515,2.1897116512
 04/23  23:00:00,250.150962897,4.35935830815
 04/23  24:00:00,237.92876506,2.18964692382
 04/24  01:00:00,287.769995859,2.19072161372
 04/24  02:00:00,287.769995739,2.1908310754499998
 04/24  03:00:00,287.769995865,2.19056563312
 04/24  04:00:00,299.992193874,4.36145981644
 04/24  05:00:00,349.358468361,4.36728341763
 04/24  06:00:00,387.227698514,581.81414748
 04/24  07:00:00,502.604081108,324.97804315
 04/24  08:00:00,1059.90960204,93.0281594986
 04/24  09:00:00,1013.96669054,54.034867965699995
 04/24  10:00:00,965.070335816,44.15870491770001
 04/24  11:00:00,1071.74073023,39.1965701903
 04/24  12:00:00,1056.80613328,44.3520867526
 04/24  13:00:00,1071.20521557,34.4654685012
 04/24  14:00:00,1018.73553906,22.138631866399997
 04/24  15:00:00,965.048755666,16.9022189091
 04/24  16:00:00,1013.94532522,26.3524805184
 04/24  17:00:00,901.095904575,36.22332934
 04/24  18:00:00,701.749983047,58.14966153979999
 04/24  19:00:00,685.845751124,55.44944546399999
 04/24  20:00:00,579.115288912,145.474775565
 04/24  21:00:00,554.710446382,196.68366446299999
 04/24  22:00:00,349.356952579,2.19052614295
 04/24  23:00:00,299.992193715,2.19063559778
 04/24  24:00:00,287.769996078,4.361223969069999
 04/25  01:00:00,287.76999382599996,2.19058245752
 04/25  02:00:00,287.769993851,2.1906880871900003
 04/25  03:00:00,287.769994231,4.36131811247
 04/25  04:00:00,299.992191857,2.19063020419
 04/25  05:00:00,349.358465754,4.367698862109999
 04/25  06:00:00,387.323423723,593.03912849
 04/25  07:00:00,502.654513923,379.62622819999996
 04/25  08:00:00,1050.70178301,136.39519510600002
 04/25  09:00:00,1013.97923354,69.01840857229999
 04/25  10:00:00,999.659601855,53.1590732301
 04/25  11:00:00,1042.47425507,48.0466270846
 04/25  12:00:00,1050.71122727,55.884622406000005
 04/25  13:00:00,1147.19972351,40.6671983028
 04/25  14:00:00,1157.20628032,19.7081152416
 04/25  15:00:00,1174.22482969,15.6574653946
 04/25  16:00:00,1189.11576682,22.3934609566
 04/25  17:00:00,1043.05504065,14.1351897545
 04/25  18:00:00,807.653267871,23.7967847978
 04/25  19:00:00,685.859057389,36.3668653044
 04/25  20:00:00,579.058210684,73.8938076597
 04/25  21:00:00,554.652270831,122.706776263
 04/25  22:00:00,349.356950729,2.1906463244
 04/25  23:00:00,299.992191739,2.19075145838
 04/25  24:00:00,287.769994236,4.3610704082
 04/26  01:00:00,287.769992141,2.19068615335
 04/26  02:00:00,287.76999200299997,2.19078744833
 04/26  03:00:00,287.76999214,2.1905154559
 04/26  04:00:00,299.992190136,4.3613350315499995
 04/26  05:00:00,349.35846242599996,4.36709845214
 04/26  06:00:00,387.649907148,415.39335337800003
 04/26  07:00:00,502.520377456,221.766054428
 04/26  08:00:00,1107.78559888,63.158161235600005
 04/26  09:00:00,1233.4284089000002,46.010531569899996
 04/26  10:00:00,1229.52512126,34.1870928973
 04/26  11:00:00,1243.58193078,28.6748705476
 04/26  12:00:00,1204.65459683,35.8911324935
 04/26  13:00:00,1266.21053726,28.0745292279
 04/26  14:00:00,1279.65385177,17.8477657914
 04/26  15:00:00,1292.83007669,17.6145523759
 04/26  16:00:00,1354.06105294,22.1266676159
 04/26  17:00:00,1237.01490295,13.169148803099999
 04/26  18:00:00,1026.5056556,10.9536077251
 04/26  19:00:00,964.122773663,6.84059256502
 04/26  20:00:00,617.356791696,26.4419282814
 04/26  21:00:00,554.588368607,43.9272522328
 04/26  22:00:00,349.35694934300005,4.36138564314
 04/26  23:00:00,299.992189957,2.19073159684
 04/26  24:00:00,287.769992018,2.19045933735
 04/27  01:00:00,287.769990271,2.19055583058
 04/27  02:00:00,287.76999047,4.36140365608
 04/27  03:00:00,287.76999017,2.19047505679
 04/27  04:00:00,299.992187861,2.1905723885
 04/27  05:00:00,349.35845978599997,4.3667155006
 04/27  06:00:00,388.387235541,136.96715112200002
 04/27  07:00:00,623.6076017190001,68.3420811545
 04/27  08:00:00,1326.37833204,26.5202021575
 04/27  09:00:00,1327.12993208,21.4714521471
 04/27  10:00:00,1305.65780409,20.5465321594
 04/27  11:00:00,1320.30534767,24.4125004566
 04/27  12:00:00,1276.31207856,28.9415286561
 04/27  13:00:00,1321.40576333,26.6683065096
 04/27  14:00:00,1321.04838908,17.6214393538
 04/27  15:00:00,1320.39569302,15.4151630477
 04/27  16:00:00,1368.28257073,22.1251102608
 04/27  17:00:00,1255.67515765,13.1722986275
 04/27  18:00:00,1061.41079598,10.95298684
 04/27  19:00:00,995.614163222,8.743203458810001
 04/27  20:00:00,850.261818898,9.0900642435
 04/27  21:00:00,749.177183173,10.5137021919
 04/27  22:00:00,349.356947307,2.19073183437
 04/27  23:00:00,299.992188026,2.1904562910900003
 04/27  24:00:00,287.769990358,2.1905534679799996
 04/28  01:00:00,287.769988609,4.36138573918
 04/28  02:00:00,287.76998829999997,2.1904608259000002
 04/28  03:00:00,287.769988172,2.1905540648299997
 04/28  04:00:00,299.992186285,2.1906470682599997
 04/28  05:00:00,349.35845651,4.36758370754
 04/28  06:00:00,522.575343374,29.2926738752
 04/28  07:00:00,502.376594898,46.6786633591
 04/28  08:00:00,1051.5207347,19.2712749779
 04/28  09:00:00,1016.44296072,18.7272979048
 04/28  10:00:00,968.1256802710001,25.269062885500002
 04/28  11:00:00,968.4854644669999,33.1358644863
 04/28  12:00:00,916.2703827239999,52.6726938218
 04/28  13:00:00,968.735408305,45.0324564063
 04/28  14:00:00,968.901333792,45.111344188100006
 04/28  15:00:00,968.9912671110001,49.715439509
 04/28  16:00:00,1017.9566027000001,66.4591914564
 04/28  17:00:00,902.2471614389999,78.6070481231
 04/28  18:00:00,701.779520502,96.1215747214
 04/28  19:00:00,677.37938408,153.623022988
 04/28  20:00:00,579.190335599,242.262705457
 04/28  21:00:00,554.768770317,272.381631162
 04/28  22:00:00,349.35694536,2.19068447548
 04/28  23:00:00,299.992186119,2.1907770585
 04/28  24:00:00,287.769988399,2.1904982411900003
 04/29  01:00:00,237.929259562,4.3612628655900005
 04/29  02:00:00,237.929259362,2.19076463502
 04/29  03:00:00,237.929259168,2.190482661
 04/29  04:00:00,250.151457197,2.19057155579
 04/29  05:00:00,274.597362707,4.367404510859999
 04/29  06:00:00,379.26725384199995,524.2694964240001
 04/29  07:00:00,403.04252760199995,472.59976484699996
 04/29  08:00:00,652.158752774,360.46688855
 04/29  09:00:00,615.4496365269999,308.983519494
 04/29  10:00:00,566.515406287,255.322531562
 04/29  11:00:00,566.477373178,207.286021795
 04/29  12:00:00,566.4318454219999,154.061287147
 04/29  13:00:00,566.406836468,122.259429504
 04/29  14:00:00,317.271796825,207.914944378
 04/29  15:00:00,317.271177551,211.61237880099998
 04/29  16:00:00,366.170156784,222.557856229
 04/29  17:00:00,328.074324503,224.04899087
 04/29  18:00:00,296.66804602599996,2.19268517631
 04/29  19:00:00,272.223650817,4.3653749706000005
 04/29  20:00:00,323.485650819,4.36512369421
 04/29  21:00:00,299.042261941,4.3690142211000005
 04/29  22:00:00,274.595852524,2.19042449852
 04/29  23:00:00,250.15145709,2.1905132679499997
 04/29  24:00:00,237.929259494,4.361292236280001
 04/30  01:00:00,237.92875441700002,2.18948438746
 04/30  02:00:00,237.928754388,2.18953822412
 04/30  03:00:00,237.92875438299998,2.18959180232
 04/30  04:00:00,251.342525195,9.18809123767
 04/30  05:00:00,276.584007703,17.5316068582
 04/30  06:00:00,273.811537179,12.3162698246
 04/30  07:00:00,297.856530019,7.203320497899999
 04/30  08:00:00,296.66653474,2.18959914329
 04/30  09:00:00,273.756325363,2.18971310846
 04/30  10:00:00,232.986791378,2.18970574667
 04/30  11:00:00,211.112155655,2.19159081994
 04/30  12:00:00,211.112156118,4.36312630672
 04/30  13:00:00,211.11366486400001,4.369268795869999
 04/30  14:00:00,211.11215569200002,2.1913884992900003
 04/30  15:00:00,211.111150036,2.1896373708000003
 04/30  16:00:00,259.999941261,2.18969029881
 04/30  17:00:00,296.666534677,2.18944010773
 04/30  18:00:00,296.666534653,2.18949327161
 04/30  19:00:00,272.222139051,2.189546355
 04/30  20:00:00,323.484139058,2.18959937909
 04/30  21:00:00,299.041252146,4.36516095702
 04/30  22:00:00,274.595347799,2.1894447407700004
 04/30  23:00:00,250.15095217099997,2.18949792268
 04/30  24:00:00,237.928754366,2.18955101316
 05/01  01:00:00,287.76998265,4.3610790042900005
 05/01  02:00:00,287.76998259,2.19047579568
 05/01  03:00:00,287.769982265,2.19055620426
 05/01  04:00:00,299.992180141,2.19063641514
 05/01  05:00:00,349.35844714300003,4.36673851795
 05/01  06:00:00,378.63970032099996,522.784229541
 05/01  07:00:00,507.19701107300006,283.683162315
 05/01  08:00:00,1189.64112031,99.2557384992
 05/01  09:00:00,1277.31294125,69.2111851721
 05/01  10:00:00,1241.32808476,51.6864672348
 05/01  11:00:00,1247.3724425999999,41.1813430259
 05/01  12:00:00,1203.9955209,49.0158273833
 05/01  13:00:00,1259.01367098,32.8383686828
 05/01  14:00:00,1261.85575463,18.8956047033
 05/01  15:00:00,1260.22633792,15.412059969300001
 05/01  16:00:00,1309.56667507,22.123584216599998
 05/01  17:00:00,1195.64765896,13.171846816199999
 05/01  18:00:00,987.898333053,11.1121989101
 05/01  19:00:00,950.797656943,10.6161291811
 05/01  20:00:00,783.42907014,27.7517090903
 05/01  21:00:00,664.194294168,39.5062462768
 05/01  22:00:00,349.35693951800005,2.190550319
 05/01  23:00:00,299.992180169,2.19063034258
 05/01  24:00:00,287.769982498,2.19071023939
 05/02  01:00:00,287.769980724,4.36091033118
 05/02  02:00:00,287.769980524,2.19056953016
 05/02  03:00:00,287.769980327,2.1906454812700002
 05/02  04:00:00,299.992178295,2.19072124987
 05/02  05:00:00,349.35844382,4.36688183143
 05/02  06:00:00,379.14261148400004,305.320952249
 05/02  07:00:00,502.520878166,219.780630958
 05/02  08:00:00,1051.71747728,73.7803906578
 05/02  09:00:00,1015.47456767,55.811591952200004
 05/02  10:00:00,966.015465295,45.019969398
 05/02  11:00:00,965.086074003,38.2551307355
 05/02  12:00:00,915.4538469989999,45.2871520634
 05/02  13:00:00,976.024838945,32.9270253787
 05/02  14:00:00,1048.62922214,18.764238039400002
 05/02  15:00:00,1087.82510139,15.4117823806
 05/02  16:00:00,1161.2030661,22.1200821386
 05/02  17:00:00,1070.54644959,13.169335284
 05/02  18:00:00,792.477343483,11.1881894975
 05/02  19:00:00,677.270162989,13.7489382522
 05/02  20:00:00,579.031416431,41.0584930722
 05/02  21:00:00,554.612117008,73.2344666589
 05/02  22:00:00,349.356937639,4.3612186061800005
 05/02  23:00:00,299.992178293,2.19057496061
 05/02  24:00:00,287.769980314,2.1906506233900003
 05/03  01:00:00,287.76997847,2.1907203287
 05/03  02:00:00,287.769978652,4.36092159757
 05/03  03:00:00,287.769978472,2.1905684653999997
 05/03  04:00:00,299.99217610200003,2.1906400026400004
 05/03  05:00:00,349.35844073199996,4.36709214196
 05/03  06:00:00,379.51211940800005,355.64453663300003
 05/03  07:00:00,502.552161305,259.167959789
 05/03  08:00:00,1050.65439034,79.6940706723
 05/03  09:00:00,1013.96621035,53.6372977392
 05/03  10:00:00,965.065889405,36.666947684899995
 05/03  11:00:00,1068.62297132,32.8563622465
 05/03  12:00:00,1155.66397789,37.1555226099
 05/03  13:00:00,1254.52492401,27.731759660999998
 05/03  14:00:00,1268.62087776,15.459531144300001
 05/03  15:00:00,1280.22888437,17.6082482936
 05/03  16:00:00,1338.78535422,22.1216831512
 05/03  17:00:00,1230.63690113,13.1636002903
 05/03  18:00:00,1026.17602408,8.76528073666
 05/03  19:00:00,987.0221680610001,9.93737012377
 05/03  20:00:00,818.7530609339999,33.0734058829
 05/03  21:00:00,665.654013574,54.5565306333
 05/03  22:00:00,349.356935127,2.1905675268099998
 05/03  23:00:00,299.992176148,2.19063885998
 05/03  24:00:00,287.769978697,4.36112435067
 05/04  01:00:00,287.769976487,2.1904784005
 05/04  02:00:00,287.769976228,2.19054590428
 05/04  03:00:00,287.769976319,2.19061321149
 05/04  04:00:00,299.992174472,4.36106151841
 05/04  05:00:00,340.81477084799997,2.19370707071
 05/04  06:00:00,379.90458816,169.073064321
 05/04  07:00:00,502.47236327300004,166.055455932
 05/04  08:00:00,1050.64380358,65.3765804423
 05/04  09:00:00,1013.95150878,35.8491589826
 05/04  10:00:00,1067.86041611,24.8380401618
 05/04  11:00:00,1221.97882499,23.398183320999998
 05/04  12:00:00,1210.87718319,30.2026326798
 05/04  13:00:00,1268.0172795,26.923982980799998
 05/04  14:00:00,1270.58183916,17.6178409853
 05/04  15:00:00,1269.30508485,15.4075815924
 05/04  16:00:00,1313.86948277,22.118895235500002
 05/04  17:00:00,1192.38193944,13.165403593699999
 05/04  18:00:00,936.873857548,13.0885286647
 05/04  19:00:00,751.533301074,20.6758932094
 05/04  20:00:00,579.032270575,42.7804056324
 05/04  21:00:00,554.60117473,60.8101942568
 05/04  22:00:00,349.35693322599997,2.19065096748
 05/04  23:00:00,299.992174301,2.19053396289
 05/04  24:00:00,287.76997666299997,4.36126891205
 05/05  01:00:00,287.769974321,2.19036189814
 05/05  02:00:00,287.76997419599996,2.19042522852
 05/05  03:00:00,287.76997441599997,2.19048835566
 05/05  04:00:00,299.99217239,4.36116542484
 05/05  05:00:00,340.81476738,4.3666482457099995
 05/05  06:00:00,380.13952999699995,202.605115961
 05/05  07:00:00,520.972197324,184.398471678
 05/05  08:00:00,1053.73210002,76.8924748459
 05/05  09:00:00,1013.99324397,54.190911586999995
 05/05  10:00:00,965.6872939780001,34.8127478542
 05/05  11:00:00,966.3990206310001,25.070923560900003
 05/05  12:00:00,915.22056822,31.29441496
 05/05  13:00:00,967.3556794880001,27.5616104001
 05/05  14:00:00,967.7312362819999,18.6713495873
 05/05  15:00:00,968.07494546,15.613770206500002
 05/05  16:00:00,1017.32317839,22.147763206100002
 05/05  17:00:00,901.9130414660001,17.663437718900003
 05/05  18:00:00,701.7373486639999,42.0204290276
 05/05  19:00:00,677.305339363,60.355969496099995
 05/05  20:00:00,570.528858582,94.7519999538
 05/05  21:00:00,563.882078487,108.933691522
 05/05  22:00:00,349.35693106400004,2.1905584263
 05/05  23:00:00,299.99217208700003,2.1906210344
 05/05  24:00:00,287.769974625,4.36106434394
 05/06  01:00:00,237.929245323,2.19043614104
 05/06  02:00:00,237.929245052,2.19049492458
 05/06  03:00:00,237.929245108,2.19055352589
 05/06  04:00:00,250.15144326200002,2.19061197189
 05/06  05:00:00,266.053673555,4.36728503951
 05/06  06:00:00,379.32363757900004,240.82798640400003
 05/06  07:00:00,402.83199387300004,224.362851545
 05/06  08:00:00,651.969655069,137.417351147
 05/06  09:00:00,615.279805465,108.227464379
 05/06  10:00:00,566.375350636,87.2652485807
 05/06  11:00:00,566.366979086,78.3606471908
 05/06  12:00:00,566.359771512,66.6758687003
 05/06  13:00:00,566.353860869,59.7304812282
 05/06  14:00:00,317.16643196,83.4500766639
 05/06  15:00:00,317.167785623,84.4530062772
 05/06  16:00:00,375.30660954800004,91.7668537948
 05/06  17:00:00,327.989410217,122.14872004200001
 05/06  18:00:00,296.668026388,4.36478053819
 05/06  19:00:00,272.223630674,2.19247086788
 05/06  20:00:00,314.941964487,4.364607192759999
 05/06  21:00:00,299.04223617599996,4.36867322018
 05/06  22:00:00,274.59583855200003,2.19059773868
 05/06  23:00:00,250.151443289,4.3610055044
 05/06  24:00:00,237.92924536599998,2.1904081270200004
 05/07  01:00:00,237.928743006,2.18955954184
 05/07  02:00:00,237.928743025,2.18958405452
 05/07  03:00:00,237.928743042,2.18960836761
 05/07  04:00:00,250.150940862,2.18963252153
 05/07  05:00:00,266.05317008599997,4.3648841654
 05/07  06:00:00,272.22212778200003,2.18959420809
 05/07  07:00:00,296.666523357,2.18956841765
 05/07  08:00:00,311.13806556099996,2.18964209759
 05/07  09:00:00,281.38982464,2.18946680004
 05/07  10:00:00,222.339451612,2.18964005718
 05/07  11:00:00,211.112138769,2.19152901505
 05/07  12:00:00,211.112139048,2.19126495852
 05/07  13:00:00,211.11363927099998,6.5430385093400005
 05/07  14:00:00,211.112138727,2.1916086944799997
 05/07  15:00:00,211.111138615,2.18960328911
 05/07  16:00:00,441.165752624,2.18953638055
 05/07  17:00:00,573.119278681,2.18962009441
 05/07  18:00:00,488.979517812,2.18964387905
 05/07  19:00:00,374.576746414,2.18960834465
 05/07  20:00:00,314.940461002,2.18963167686
 05/07  21:00:00,299.041232702,4.36482880673
 05/07  22:00:00,274.595336459,2.18939210679
 05/07  23:00:00,250.150940838,2.18941610091
 05/07  24:00:00,237.928743027,2.18944006059
 05/08  01:00:00,287.769968033,2.19065361007
 05/08  02:00:00,287.76996812,2.19034064746
 05/08  03:00:00,287.76996831099996,4.36083113905
 05/08  04:00:00,299.992165953,2.1904902004299998
 05/08  05:00:00,340.814757722,4.36704697323
 05/08  06:00:00,378.46713376,327.896850829
 05/08  07:00:00,502.504369221,213.36909006599998
 05/08  08:00:00,1067.83432466,61.0476955978
 05/08  09:00:00,1198.75906141,42.8870947766
 05/08  10:00:00,1247.88584196,32.4685323201
 05/08  11:00:00,1264.38687103,26.3416912479
 05/08  12:00:00,1228.09891789,32.6871020869
 05/08  13:00:00,1285.52322459,26.0015761973
 05/08  14:00:00,1289.70362105,16.8795180724
 05/08  15:00:00,1289.56434626,15.4083244034
 05/08  16:00:00,1344.77939364,22.115337946999997
 05/08  17:00:00,1233.57080982,13.167141828399998
 05/08  18:00:00,1021.20054002,10.9511853674
 05/08  19:00:00,973.3652481510001,6.915432827080001
 05/08  20:00:00,742.371368643,20.6178530408
 05/08  21:00:00,574.6627776419999,33.264614786100005
 05/08  22:00:00,349.35692491199995,2.1905073555900003
 05/08  23:00:00,299.992166047,4.36071604356
 05/08  24:00:00,287.769968121,2.19043243151
 05/09  01:00:00,287.769965782,2.19047510406
 05/09  02:00:00,287.769965856,2.19052053356
 05/09  03:00:00,287.769966187,2.19056580184
 05/09  04:00:00,299.992164043,4.36090514292
 05/09  05:00:00,340.814754076,4.3669039059
 05/09  06:00:00,379.353086061,122.846091093
 05/09  07:00:00,616.6460691469999,80.1715800751
 05/09  08:00:00,1316.61424841,27.0743153297
 05/09  09:00:00,1313.20752965,21.9494186791
 05/09  10:00:00,1276.22664312,19.2665168815
 05/09  11:00:00,1284.43407951,24.467226701199998
 05/09  12:00:00,1241.79696018,27.093396940199998
 05/09  13:00:00,1301.58802809,26.661196579600002
 05/09  14:00:00,1310.31543382,17.613305711
 05/09  15:00:00,1310.19852921,15.4065509031
 05/09  16:00:00,1349.19065969,22.113868369400002
 05/09  17:00:00,1220.72429668,13.1627616682
 05/09  18:00:00,1012.7694594000001,8.76375027633
 05/09  19:00:00,984.7063646510001,8.7407792928
 05/09  20:00:00,874.725419933,12.924927155299999
 05/09  21:00:00,814.7096155119999,29.4908367103
 05/09  22:00:00,349.356923002,2.1899925329400003
 05/09  23:00:00,299.992163726,2.19031920165
 05/09  24:00:00,287.769966049,2.19036443075
 05/10  01:00:00,287.769964081,4.3608513002
 05/10  02:00:00,287.769963912,2.19048717975
 05/10  03:00:00,287.769963744,2.19052799396
 05/10  04:00:00,299.992161645,2.19056868592
 05/10  05:00:00,340.814750745,4.36635752766
 05/10  06:00:00,380.241887896,93.4071278624
 05/10  07:00:00,502.42876489,74.8053824761
 05/10  08:00:00,1177.86520294,35.5080862235
 05/10  09:00:00,1314.58225643,22.2306672539
 05/10  10:00:00,1291.36617884,21.0430202137
 05/10  11:00:00,1312.14084848,22.5207038546
 05/10  12:00:00,1279.08444859,28.946281415100003
 05/10  13:00:00,1348.14075313,26.646272889000002
 05/10  14:00:00,1358.00351017,15.411758838699999
 05/10  15:00:00,1361.29994125,16.6826550952
 05/10  16:00:00,1410.46258604,20.8283557926
 05/10  17:00:00,1282.5394054,13.165901329
 05/10  18:00:00,1058.48542635,10.950036174500001
 05/10  19:00:00,1007.38103513,6.5606711750499995
 05/10  20:00:00,787.2185586060001,10.777669578900001
 05/10  21:00:00,629.144353872,23.566956054400002
 05/10  22:00:00,349.35692060900004,2.1905736587
 05/10  23:00:00,299.99216166599996,2.19043287479
 05/10  24:00:00,287.769964033,4.36098744121
 05/11  01:00:00,287.769961695,2.1905467629
 05/11  02:00:00,287.769961593,2.19058312872
 05/11  03:00:00,287.769961725,2.1902593758099997
 05/11  04:00:00,299.99215973599996,4.36062839715
 05/11  05:00:00,340.814747296,2.1935653877
 05/11  06:00:00,399.7791835,77.8442716983
 05/11  07:00:00,619.2825868890001,74.1669845012
 05/11  08:00:00,1249.91886813,26.0037579941
 05/11  09:00:00,1142.92269105,21.4276100638
 05/11  10:00:00,967.361330452,19.2468338621
 05/11  11:00:00,967.812816947,27.691100725
 05/11  12:00:00,916.0273457489999,37.1101802842
 05/11  13:00:00,968.507342128,27.614422171599998
 05/11  14:00:00,969.141366521,15.489299431300001
 05/11  15:00:00,969.716192435,17.6049481887
 05/11  16:00:00,1018.92592192,19.9006045951
 05/11  17:00:00,903.1042572810001,14.1779005316
 05/11  18:00:00,701.7255414089999,29.1442793623
 05/11  19:00:00,677.28621982,35.3262842782
 05/11  20:00:00,570.511471569,74.3791808118
 05/11  21:00:00,554.6330686030001,105.290511636
 05/11  22:00:00,349.35691845199995,2.19049523663
 05/11  23:00:00,299.992159484,2.19035033567
 05/11  24:00:00,287.769961877,4.360809229030001
 05/12  01:00:00,287.76995956,2.19045106884
 05/12  02:00:00,287.76995939799997,2.1904830568700002
 05/12  03:00:00,287.769959482,2.19051490818
 05/12  04:00:00,299.992157595,2.19054664719
 05/12  05:00:00,332.271077025,4.36697713824
 05/12  06:00:00,380.274205735,288.369904776
 05/12  07:00:00,502.53139847,249.031920053
 05/12  08:00:00,1050.68059911,118.29576331
 05/12  09:00:00,1014.04000173,64.576650301
 05/12  10:00:00,965.891312287,40.472872588899996
 05/12  11:00:00,1034.78466542,32.5614846056
 05/12  12:00:00,1063.74038361,41.5671708157
 05/12  13:00:00,1169.58495047,26.914373708899998
 05/12  14:00:00,1221.79156677,18.1583853847
 05/12  15:00:00,1236.09430203,15.4066247266
 05/12  16:00:00,1289.10908025,22.1113871283
 05/12  17:00:00,1175.74037264,13.632602543099999
 05/12  18:00:00,901.432536692,19.7845216738
 05/12  19:00:00,699.90621681,32.7851543889
 05/12  20:00:00,570.495917607,54.1074540661
 05/12  21:00:00,554.610641084,75.9753565746
 05/12  22:00:00,349.356916656,2.19038439004
 05/12  23:00:00,299.992157307,2.1904160635900003
 05/12  24:00:00,287.769959513,2.19044769505
 05/13  01:00:00,237.92923050599998,2.19047392186
 05/13  02:00:00,237.929230591,4.36103029718
 05/13  03:00:00,237.92923035200002,2.19055610422
 05/13  04:00:00,250.151428052,2.1899574951
 05/13  05:00:00,257.509983092,4.36669253127
 05/13  06:00:00,379.40704162199995,259.510682845
 05/13  07:00:00,402.784209309,163.71143012299999
 05/13  08:00:00,772.7877402989999,71.7155499083
 05/13  09:00:00,885.9013072710001,49.6906588779
 05/13  10:00:00,865.604833223,42.7429776464
 05/13  11:00:00,878.675525728,32.8301088303
 05/13  12:00:00,893.914498912,24.938671413
 05/13  13:00:00,910.4595743860001,16.7232167194
 05/13  14:00:00,683.903180532,17.550117386900002
 05/13  15:00:00,690.902363442,7.336341165810001
 05/13  16:00:00,743.8253250639999,7.64672056011
 05/13  17:00:00,704.6010379080001,11.1509938418
 05/13  18:00:00,588.021231024,2.19253050366
 05/13  19:00:00,524.670364678,4.36488100824
 05/13  20:00:00,306.398276792,4.36464248419
 05/13  21:00:00,299.04220946,4.3685184468400005
 05/13  22:00:00,274.595823693,2.19028613472
 05/13  23:00:00,250.15142800799998,2.19031341162
 05/13  24:00:00,237.929230367,2.19034065159
 05/14  01:00:00,237.92873105299998,2.1893813855
 05/14  02:00:00,237.92873105200002,2.1893761948900003
 05/14  03:00:00,237.92873105099997,2.18937079804
 05/14  04:00:00,250.15092885200002,2.18936524397
 05/14  05:00:00,257.509482528,4.364787590350001
 05/14  06:00:00,272.22211561,2.18947894694
 05/14  07:00:00,296.66651124,2.18947299318
 05/14  08:00:00,555.302779779,2.18931996126
 05/14  09:00:00,538.507849072,2.1895490589
 05/14  10:00:00,532.970259968,2.18954299623
 05/14  11:00:00,272.287185544,2.19152297545
 05/14  12:00:00,211.112120994,4.36280935012
 05/14  13:00:00,211.113612222,4.36809191508
 05/14  14:00:00,211.112120785,2.19144589028
 05/14  15:00:00,211.111126659,2.18940723123
 05/14  16:00:00,259.999917865,2.18940111324
 05/14  17:00:00,296.666511265,2.18939499822
 05/14  18:00:00,296.666511271,2.1893888732
 05/14  19:00:00,272.222115666,2.18938276643
 05/14  20:00:00,306.396782332,2.1893766641999997
 05/14  21:00:00,299.041211507,4.36480603334
 05/14  22:00:00,274.595324402,2.18934236268
 05/14  23:00:00,250.15092881299998,2.18933628094
 05/14  24:00:00,237.92873102299998,2.1893302085
 05/15  01:00:00,287.769952853,2.1904270606400003
 05/15  02:00:00,287.769953113,2.19044556917
 05/15  03:00:00,287.769953209,4.3609461668
 05/15  04:00:00,299.992150793,2.19050040961
 05/15  05:00:00,332.271066887,4.36685430231
 05/15  06:00:00,379.458445176,275.505445305
 05/15  07:00:00,502.53280083699997,252.580467785
 05/15  08:00:00,1050.67780737,112.298142994
 05/15  09:00:00,1013.98290602,77.86426242569999
 05/15  10:00:00,965.072261861,46.463848651400006
 05/15  11:00:00,965.067199573,39.128632106
 05/15  12:00:00,915.2313004260001,45.721077637
 05/15  13:00:00,965.6538074010001,29.2358834944
 05/15  14:00:00,966.337139344,19.8542777845
 05/15  15:00:00,966.929932673,15.7715898284
 05/15  16:00:00,1016.34446204,22.4774301371
 05/15  17:00:00,901.22015032,12.4928113563
 05/15  18:00:00,701.726287914,30.202722669299998
 05/15  19:00:00,677.289752978,40.0397192352
 05/15  20:00:00,561.987784151,100.75436962
 05/15  21:00:00,554.675417855,161.14956062299999
 05/15  22:00:00,349.35690972199995,2.19048104006
 05/15  23:00:00,299.992150895,2.1904980954299997
 05/15  24:00:00,287.769953166,4.36105003796
 05/16  01:00:00,287.769950703,2.1905440791
 05/16  02:00:00,287.769950606,2.19020249106
 05/16  03:00:00,287.769950721,2.1902165910599996
 05/16  04:00:00,299.99214876400004,4.36047510665
 05/16  05:00:00,332.271062872,2.19340960843
 05/16  06:00:00,379.444862011,389.449821668
 05/16  07:00:00,502.52820459599997,241.315821384
 05/16  08:00:00,1051.99264983,80.4940561093
 05/16  09:00:00,1015.96804915,57.0464095476
 05/16  10:00:00,1047.59365336,48.6036383833
 05/16  11:00:00,1103.53199367,41.046004104699996
 05/16  12:00:00,1117.09547453,46.312297567600005
 05/16  13:00:00,1228.58450935,33.6931064796
 05/16  14:00:00,1247.86373092,16.5933809036
 05/16  15:00:00,1252.35872006,15.4036839087
 05/16  16:00:00,1304.56963641,22.1055819613
 05/16  17:00:00,1191.02814701,13.1602936601
 05/16  18:00:00,982.198636405,8.86710394719
 05/16  19:00:00,856.728973738,12.0082823045
 05/16  20:00:00,615.150920228,31.4742504594
 05/16  21:00:00,554.588232253,43.6742696896
 05/16  22:00:00,349.356907954,4.3609229429
 05/16  23:00:00,299.992148582,2.19040995032
 05/16  24:00:00,287.769950632,2.19042347603
 05/17  01:00:00,287.769948455,2.19043075272
 05/17  02:00:00,287.769948706,2.1904401834200002
 05/17  03:00:00,287.769948773,4.36090820079
 05/17  04:00:00,299.99214635,2.19046784879
 05/17  05:00:00,332.27105984,4.36673179093
 05/17  06:00:00,379.708993171,263.60760259
 05/17  07:00:00,502.491344515,171.11218062
 05/17  08:00:00,1052.47390566,53.354193410200004
 05/17  09:00:00,1152.91942991,38.1204811147
 05/17  10:00:00,1239.38429988,28.931053146100002
 05/17  11:00:00,1270.61667682,24.6586353127
 05/17  12:00:00,1243.26623924,28.624690517399998
 05/17  13:00:00,1319.14541879,26.9630182655
 05/17  14:00:00,1340.26142459,15.4081414689
 05/17  15:00:00,1344.62359298,17.600289884400002
 05/17  16:00:00,1390.05568467,19.8956099946
 05/17  17:00:00,1277.58827666,13.160766450799999
 05/17  18:00:00,1067.33212025,8.76136032602
 05/17  19:00:00,1006.43908002,8.73899679625
 05/17  20:00:00,799.117965227,12.3229469427
 05/17  21:00:00,681.527920258,18.3420086216
 05/17  22:00:00,349.356905822,4.360958703590001
 05/17  23:00:00,299.992146403,2.1904565865400003
 05/17  24:00:00,287.769948465,2.19046552838
 05/18  01:00:00,287.769946285,2.19046820938
 05/18  02:00:00,287.769946538,2.19047306
 05/18  03:00:00,287.769946556,4.360960229030001
 05/18  04:00:00,299.9921441,2.19048700853
 05/18  05:00:00,332.27105623,4.36619270687
 05/18  06:00:00,380.714761615,32.6214359796
 05/18  07:00:00,564.4340629559999,43.8789723856
 05/18  08:00:00,1192.1388980000002,18.4721151218
 05/18  09:00:00,1265.97042087,18.336533594400002
 05/18  10:00:00,1263.24627787,19.953298035699998
 05/18  11:00:00,1288.46699796,22.1308419062
 05/18  12:00:00,1267.98919543,26.676172551300002
 05/18  13:00:00,1342.26260748,26.638183479299997
 05/18  14:00:00,1354.33628177,15.4075385455
 05/18  15:00:00,1355.17338319,15.400102255699998
 05/18  16:00:00,1409.55530505,22.1025527534
 05/18  17:00:00,1307.19949057,13.1577500537
 05/18  18:00:00,1112.164835,8.76206903195
 05/18  19:00:00,1062.94124618,8.738930809380001
 05/18  20:00:00,924.897352635,6.6264890243
 05/18  21:00:00,897.9812860769999,6.11219299577
 05/18  22:00:00,349.356903235,2.19045438068
 05/18  23:00:00,299.992144257,4.36056689631
 05/18  24:00:00,287.769946362,2.19029028977
 05/19  01:00:00,287.76994391200003,2.19028777852
 05/19  02:00:00,287.769943915,2.19028823381
 05/19  03:00:00,287.76994409599996,2.1902885826
 05/19  04:00:00,299.992142064,4.3605779066100006
 05/19  05:00:00,332.271052333,2.19286862114
 05/19  06:00:00,381.578422156,30.592784600100003
 05/19  07:00:00,600.034107176,36.3832277813
 05/19  08:00:00,1304.4554834,19.110204522100002
 05/19  09:00:00,1309.7110967,17.7644997603
 05/19  10:00:00,1275.66517188,17.6458665482
 05/19  11:00:00,1293.71157228,24.3418971729
 05/19  12:00:00,1259.78387379,26.6645019764
 05/19  13:00:00,1337.65795172,24.416567266999998
 05/19  14:00:00,1352.3900413,17.605460532000002
 05/19  15:00:00,1364.85657537,15.4006075607
 05/19  16:00:00,1419.88775007,19.891765538199998
 05/19  17:00:00,1305.67893868,13.1622514869
 05/19  18:00:00,1083.74202996,10.9457308505
 05/19  19:00:00,1027.61032184,6.559432406950001
 05/19  20:00:00,861.959581243,8.86997805293
 05/19  21:00:00,749.529059439,8.80684344429
 05/19  22:00:00,349.35690110699994,2.19026908969
 05/19  23:00:00,299.992141793,2.1902691226499997
 05/19  24:00:00,287.769943967,2.1902691548299997
 05/20  01:00:00,237.929214787,2.19026371199
 05/20  02:00:00,237.929214959,4.360515252819999
 05/20  03:00:00,237.929214859,2.1902513376700004
 05/20  04:00:00,250.15141245400002,2.1902470507099996
 05/20  05:00:00,257.50995854900003,4.36632877324
 05/20  06:00:00,579.3217459,34.558257656500004
 05/20  07:00:00,638.667249639,50.8480264331
 05/20  08:00:00,940.567713817,23.870405815100003
 05/20  09:00:00,942.424313081,22.6202376362
 05/20  10:00:00,909.445471191,12.786677781400002
 05/20  11:00:00,928.01196411,11.9991286302
 05/20  12:00:00,950.327276122,10.028976947
 05/20  13:00:00,956.919747992,10.4180547857
 05/20  14:00:00,710.4986763310001,6.85777581505
 05/20  15:00:00,699.382053942,6.553709742030001
 05/20  16:00:00,724.163153077,7.415575793039999
 05/20  17:00:00,666.711595316,19.2218542347
 05/20  18:00:00,296.66798336700003,2.1921808677700003
 05/20  19:00:00,272.223588196,4.36432652321
 05/20  20:00:00,306.398254929,4.36444447126
 05/20  21:00:00,299.042181369,4.36787533242
 05/20  22:00:00,274.595808174,2.19034779645
 05/20  23:00:00,250.15141241900002,2.19034319042
 05/20  24:00:00,237.929214645,2.19033858907
 05/21  01:00:00,237.928718524,2.18930282368
 05/21  02:00:00,237.92871854700002,2.1892671409999998
 05/21  03:00:00,237.928718573,2.18923128211
 05/21  04:00:00,250.15091635299999,2.18948266707
 05/21  05:00:00,248.965794235,4.36461545746
 05/21  06:00:00,272.222103155,2.1895000366599997
 05/21  07:00:00,315.263353374,2.18949276166
 05/21  08:00:00,430.573224325,2.18945638427
 05/21  09:00:00,432.89904302,2.18947730313
 05/21  10:00:00,456.454205073,2.1894981803799998
 05/21  11:00:00,211.11210180700002,2.19118693187
 05/21  12:00:00,211.11210224,2.1910788895400004
 05/21  13:00:00,211.11358434299999,6.5423509304100005
 05/21  14:00:00,211.11210212,2.19136345228
 05/21  15:00:00,211.111114054,2.18936779687
 05/21  16:00:00,259.999905289,2.18933117697
 05/21  17:00:00,296.666498724,2.1892945831599997
 05/21  18:00:00,296.66649875400003,2.18925801645
 05/21  19:00:00,272.22210318099997,2.18891101254
 05/21  20:00:00,306.396769812,2.18947214634
 05/21  21:00:00,299.04118930000004,2.1921239049900003
 05/21  22:00:00,274.59531195299996,2.1893838521799998
 05/21  23:00:00,250.15091634400002,2.18934724908
 05/21  24:00:00,237.92871854700002,2.18931066516
 05/22  01:00:00,287.76993750400004,4.3604470837400005
 05/22  02:00:00,287.769937432,2.19020381925
 05/22  03:00:00,287.769937228,2.1901905486200004
 05/22  04:00:00,299.992134996,2.19017721693
 05/22  05:00:00,323.72737502,4.3663161302199995
 05/22  06:00:00,389.987211978,82.7128018747
 05/22  07:00:00,502.395130358,70.3947258738
 05/22  08:00:00,1117.80488839,32.2525316239
 05/22  09:00:00,1201.62668242,22.7202239669
 05/22  10:00:00,1219.65887153,21.5173772555
 05/22  11:00:00,1283.14722322,23.1222638938
 05/22  12:00:00,1237.53306937,27.4820051294
 05/22  13:00:00,1290.85783004,24.4287834724
 05/22  14:00:00,1290.16276465,17.6029151852
 05/22  15:00:00,1286.92110119,15.3965650641
 05/22  16:00:00,1331.08136801,19.8888993178
 05/22  17:00:00,1157.06019083,13.1586503827
 05/22  18:00:00,862.662545345,8.76039992565
 05/22  19:00:00,755.9638319789999,9.14986414403
 05/22  20:00:00,581.122450915,26.752429603200003
 05/22  21:00:00,554.5937560880001,53.29310991609999
 05/22  22:00:00,349.35689435800003,2.190327468
 05/22  23:00:00,299.992135272,4.36061182513
 05/22  24:00:00,287.769937331,2.19028539557
 05/23  01:00:00,287.769934884,2.19026463314
 05/23  02:00:00,287.7699349,2.19024689086
 05/23  03:00:00,287.769935065,2.19022905768
 05/23  04:00:00,299.99213304799997,4.3604043738
 05/23  05:00:00,323.727371184,2.19326292254
 05/23  06:00:00,380.825919657,130.345644648
 05/23  07:00:00,502.441007974,130.60887115100002
 05/23  08:00:00,1050.76770975,66.0424014312
 05/23  09:00:00,1015.11802205,40.9547270488
 05/23  10:00:00,966.986534458,28.307000800300003
 05/23  11:00:00,967.504084412,30.375001201999996
 05/23  12:00:00,915.7847355480001,33.8954169549
 05/23  13:00:00,968.2343130730001,27.887159596300002
 05/23  14:00:00,968.5593325880001,16.8070835778
 05/23  15:00:00,968.827510628,16.0187101396
 05/23  16:00:00,1018.0072835000001,20.4186833399
 05/23  17:00:00,902.52003491,15.684302833599999
 05/23  18:00:00,701.7384979880001,44.08653100390001
 05/23  19:00:00,677.308176862,66.4371865235
 05/23  20:00:00,553.4474931330001,105.281296425
 05/23  21:00:00,554.648889338,124.18762735700001
 05/23  22:00:00,349.35689225,4.3605443394300005
 05/23  23:00:00,299.99213309,2.19010464717
 05/23  24:00:00,287.769935029,2.1904354706799998
 05/24  01:00:00,287.769932613,2.1904100299200002
 05/24  02:00:00,287.769932669,2.19038761693
 05/24  03:00:00,287.769932875,2.19036511345
 05/24  04:00:00,299.99213071599996,4.36066247932
 05/24  05:00:00,323.727367517,2.19283888308
 05/24  06:00:00,380.127535973,216.743028065
 05/24  07:00:00,502.481596463,185.10561100799998
 05/24  08:00:00,1053.72369309,69.0081732053
 05/24  09:00:00,1023.30417132,37.8827921452
 05/24  10:00:00,1097.21330974,26.8512811622
 05/24  11:00:00,1257.34098409,25.087787335100003
 05/24  12:00:00,1245.25009056,30.6969808202
 05/24  13:00:00,1308.89155503,25.0428575848
 05/24  14:00:00,1319.32655788,17.603026011500003
 05/24  15:00:00,1325.50810834,15.3961577228
 05/24  16:00:00,1372.56429338,19.8870745483
 05/24  17:00:00,1252.89469093,13.157577316900001
 05/24  18:00:00,1047.96097415,8.763442387689999
 05/24  19:00:00,1016.69763223,10.5255840224
 05/24  20:00:00,866.9081542810001,33.1871162229
 05/24  21:00:00,757.75037763,56.852690943199995
 05/24  22:00:00,349.35688957400004,2.19027459722
 05/24  23:00:00,299.992130732,2.1904246408200003
 05/24  24:00:00,287.7699329,4.3607806596900005
 05/25  01:00:00,287.769930361,2.19034813809
 05/25  02:00:00,287.769930265,2.19032120261
 05/25  03:00:00,287.769930316,2.19029418759
 05/25  04:00:00,299.992128308,2.19026711751
 05/25  05:00:00,323.727363754,4.36602632731
 05/25  06:00:00,380.222310374,115.023991415
 05/25  07:00:00,542.1429970290001,74.6673377905
 05/25  08:00:00,1281.22275906,32.4870746023
 05/25  09:00:00,1336.15606589,21.9531744504
 05/25  10:00:00,1301.89621451,21.1641355483
 05/25  11:00:00,1312.53960436,22.671062590100004
 05/25  12:00:00,1257.35615022,27.245744076199998
 05/25  13:00:00,1291.05842088,24.4097099807
 05/25  14:00:00,1153.97717234,15.4728814671
 05/25  15:00:00,1077.52487139,15.3961507094
 05/25  16:00:00,1149.34396244,22.0938351377
 05/25  17:00:00,1057.94078386,10.970200065799999
 05/25  18:00:00,790.979728817,10.9456397254
 05/25  19:00:00,677.265179761,7.91006450705
 05/25  20:00:00,553.391285465,31.682604462399997
 05/25  21:00:00,554.597399152,59.037255815200005
 05/25  22:00:00,349.35688756699994,2.19015847973
 05/25  23:00:00,299.992128273,2.19013128321
 05/25  24:00:00,287.769930426,2.19010410905
 05/26  01:00:00,287.76992821,2.19007145037
 05/26  02:00:00,287.769928403,2.19038651824
 05/26  03:00:00,287.76992836700003,4.3606783168800005
 05/26  04:00:00,299.992125958,2.1902916875
 05/26  05:00:00,323.727360364,4.366282142719999
 05/26  06:00:00,380.433629583,171.382423443
 05/26  07:00:00,502.69679517199995,134.281351239
 05/26  08:00:00,1053.15144818,54.1912427328
 05/26  09:00:00,1017.75653202,38.3685818647
 05/26  10:00:00,1042.81072596,29.061883501799997
 05/26  11:00:00,1099.65627519,26.1584739758
 05/26  12:00:00,1119.91909815,31.4011169525
 05/26  13:00:00,1234.79363792,25.073495476599998
 05/26  14:00:00,1248.8616478,15.407212745899999
 05/26  15:00:00,1257.34535703,17.308539282
 05/26  16:00:00,1316.88893497,20.170514999
 05/26  17:00:00,1210.6298094,10.966395629700001
 05/26  18:00:00,1007.59913189,10.9454581763
 05/26  19:00:00,914.021847845,6.55804333444
 05/26  20:00:00,579.167218566,17.799382788499997
 05/26  21:00:00,554.575978496,30.675004604699996
 05/26  22:00:00,349.356885119,2.1903769055
 05/26  23:00:00,299.992125886,2.19034500135
 05/26  24:00:00,287.769928108,2.19031311563
 05/27  01:00:00,237.929198887,2.19027574221
 05/27  02:00:00,237.929198983,4.36044379793
 05/27  03:00:00,237.929198895,2.1901678983200004
 05/27  04:00:00,250.15139654799998,2.19013183475
 05/27  05:00:00,248.96626627900002,4.36591227536
 05/27  06:00:00,379.96332860800004,107.70795257799999
 05/27  07:00:00,430.084349627,87.5668569257
 05/27  08:00:00,919.2725414710001,41.063447110300004
 05/27  09:00:00,946.14322537,34.8580332976
 05/27  10:00:00,905.9012800439999,27.1202272163
 05/27  11:00:00,906.330727721,24.1908235279
 05/27  12:00:00,914.253764628,18.7562225825
 05/27  13:00:00,923.264947817,12.8370288375
 05/27  14:00:00,682.4523773430001,10.9330669419
 05/27  15:00:00,684.778626746,6.553194244319999
 05/27  16:00:00,740.369493188,6.55590017602
 05/27  17:00:00,708.953289212,5.05801236738
 05/27  18:00:00,606.876961589,2.1920699887599997
 05/27  19:00:00,527.131081241,4.36424765264
 05/27  20:00:00,477.125619741,4.3642339979
 05/27  21:00:00,299.042152737,4.36769395416
 05/27  22:00:00,274.595792297,2.1902805384599997
 05/27  23:00:00,250.15139654700002,2.19024417457
 05/27  24:00:00,237.92919874700002,2.19020783398
 05/28  01:00:00,237.928705818,2.18916102845
 05/28  02:00:00,237.928705777,2.18937726765
 05/28  03:00:00,237.92870576099997,2.18931085372
 05/28  04:00:00,250.15090357900002,2.1892443037000002
 05/28  05:00:00,248.965771863,4.36416192036
 05/28  06:00:00,272.222090398,2.18930711433
 05/28  07:00:00,341.87747083200003,2.18940985343
 05/28  08:00:00,509.08589269699996,2.18939941519
 05/28  09:00:00,516.903448432,0.02
 05/28  10:00:00,534.5006156530001,2.1893887188099996
 05/28  11:00:00,419.11270315699994,4.362600076740001
 05/28  12:00:00,416.850058066,2.19120060111
 05/28  13:00:00,349.91107851699996,4.36754776175
 05/28  14:00:00,340.74554166400003,4.36258305126
 05/28  15:00:00,503.24093269199994,2.1894199945099997
 05/28  16:00:00,636.012656975,2.1893716798800003
 05/28  17:00:00,640.7634431609999,0.02
 05/28  18:00:00,667.276921536,2.18939883786
 05/28  19:00:00,548.507928879,2.18938827324
 05/28  20:00:00,454.919814178,2.18940575592
 05/28  21:00:00,299.041167352,4.36412352478
 05/28  22:00:00,274.595299107,2.18932411558
 05/28  23:00:00,250.15090352099998,2.1892570458400002
 05/28  24:00:00,237.92870576099997,2.18918999609
 05/29  01:00:00,237.928703907,2.18939910021
 05/29  02:00:00,237.928703869,2.18932847773
 05/29  03:00:00,237.92870387,2.18925768721
 05/29  04:00:00,250.150901704,2.1891867768099997
 05/29  05:00:00,248.965768055,2.1922090482599996
 05/29  06:00:00,272.222088473,2.18930779164
 05/29  07:00:00,296.666484103,2.18923660539
 05/29  08:00:00,296.66648415599997,2.18916539148
 05/29  09:00:00,259.999890741,2.18937562377
 05/29  10:00:00,211.111099513,2.18930432637
 05/29  11:00:00,211.112080307,2.19095273398
 05/29  12:00:00,211.112080328,4.362288250990001
 05/29  13:00:00,211.11355166299998,4.36691230033
 05/29  14:00:00,211.112079823,2.19094079973
 05/29  15:00:00,211.111099448,2.18920235004
 05/29  16:00:00,259.999890719,2.18941230254
 05/29  17:00:00,296.666484094,2.18934091338
 05/29  18:00:00,296.666484102,2.18926952657
 05/29  19:00:00,272.222088536,2.18919815227
 05/29  20:00:00,297.853088575,2.18940812938
 05/29  21:00:00,299.041164117,4.36365598692
 05/29  22:00:00,274.59529733,2.18917420629
 05/29  23:00:00,250.15090172799998,0.02
 05/29  24:00:00,237.92870389200002,2.1893842883200003
 05/30  01:00:00,287.769919118,4.3604441435000005
 05/30  02:00:00,287.76991900900003,2.19014795064
 05/30  03:00:00,287.769918889,2.19009844067
 05/30  04:00:00,299.992116695,2.19004889092
 05/30  05:00:00,323.727345722,4.36581005482
 05/30  06:00:00,379.879091767,136.01615802799998
 05/30  07:00:00,502.432784636,124.274843526
 05/30  08:00:00,1050.62253941,40.8696840733
 05/30  09:00:00,1087.8634849000002,26.9446881963
 05/30  10:00:00,1228.89257301,20.6994821873
 05/30  11:00:00,1304.34278098,23.911723617399996
 05/30  12:00:00,1269.30828811,28.2193753848
 05/30  13:00:00,1330.30993524,24.5679326354
 05/30  14:00:00,1337.52590588,15.3987549307
 05/30  15:00:00,1339.7551082999998,15.3928351543
 05/30  16:00:00,1382.89043973,19.8808928296
 05/30  17:00:00,1256.79763453,13.154403462100001
 05/30  18:00:00,1046.84479288,8.77191152479
 05/30  19:00:00,1020.05087724,7.07410875853
 05/30  20:00:00,894.959485535,21.384774348
 05/30  21:00:00,837.404237178,47.6362116961
 05/30  22:00:00,349.35687574199994,2.1901104791900003
 05/30  23:00:00,299.992116661,2.19006067626
 05/30  24:00:00,287.769918987,2.19001090925
 05/31  01:00:00,287.769916792,2.19029819478
 05/31  02:00:00,287.76991679099996,4.36043461502
 05/31  03:00:00,287.769916679,2.1901362686700003
 05/31  04:00:00,299.992114373,2.1900821862999997
 05/31  05:00:00,323.72734219,4.36569055235
 05/31  06:00:00,380.148634214,120.03233371200001
 05/31  07:00:00,520.9957482919999,80.7285644829
 05/31  08:00:00,1300.99883785,34.748257363200004
 05/31  09:00:00,1341.14139411,21.4770133156
 05/31  10:00:00,1314.41777814,18.8843551494
 05/31  11:00:00,1330.73578394,22.3013464136
 05/31  12:00:00,1288.15682582,24.4546756205
 05/31  13:00:00,1346.95149854,24.3970545777
 05/31  14:00:00,1351.66062912,17.5973364032
 05/31  15:00:00,1354.93410938,15.3915683046
 05/31  16:00:00,1415.75452775,19.876675631199998
 05/31  17:00:00,1304.89505002,10.966633008199999
 05/31  18:00:00,1089.07591677,10.943313461099999
 05/31  19:00:00,1039.20757787,6.557832211189999
 05/31  20:00:00,890.42689465,9.445182991900001
 05/31  21:00:00,872.668101481,16.2701096478
 05/31  22:00:00,349.356873872,2.19027982248
 05/31  23:00:00,299.992114677,4.36052985382
 05/31  24:00:00,287.769916673,2.1901833707
 06/01  01:00:00,287.76991422099996,2.19012198143
 06/01  02:00:00,287.769914242,2.19006366153
 06/01  03:00:00,287.76991437099997,2.1900052704700004
 06/01  04:00:00,299.99211233,2.19028754468
 06/01  05:00:00,323.72733798900003,4.36612297179
 06/01  06:00:00,399.36851861199995,87.464614951
 06/01  07:00:00,502.628605075,76.3535868727
 06/01  08:00:00,1075.18426478,36.5299618539
 06/01  09:00:00,1133.83191778,27.6964431717
 06/01  10:00:00,1186.84429269,21.0525386528
 06/01  11:00:00,1240.37441144,23.1530789869
 06/01  12:00:00,1193.88502996,27.639337837800003
 06/01  13:00:00,1253.59123104,24.454064194
 06/01  14:00:00,1262.45923687,15.396942371500002
 06/01  15:00:00,1269.79195446,15.3918472592
 06/01  16:00:00,1327.66350127,19.8801432039
 06/01  17:00:00,1214.12942562,10.9637072627
 06/01  18:00:00,1004.90165274,10.9438558876
 06/01  19:00:00,970.697818265,6.557988723759999
 06/01  20:00:00,773.6157316480001,10.9574440157
 06/01  21:00:00,663.4454580080001,18.595012467
 06/01  22:00:00,349.356871649,2.19030490693
 06/01  23:00:00,299.992112235,2.19024605848
 06/01  24:00:00,287.76991428599996,2.1901872294299998
 06/02  01:00:00,287.769911944,2.19012217224
 06/02  02:00:00,287.76991207,2.19005941963
 06/02  03:00:00,287.769912301,2.189996589
 06/02  04:00:00,299.992110035,4.36048392745
 06/02  05:00:00,323.727334208,2.1926208656
 06/02  06:00:00,381.264482601,63.1970656789
 06/02  07:00:00,565.289991579,52.5119728969
 06/02  08:00:00,1349.23006111,20.5931792019
 06/02  09:00:00,1352.29288248,18.8669356117
 06/02  10:00:00,1302.53236703,18.0553517255
 06/02  11:00:00,1304.08460756,22.1125581646
 06/02  12:00:00,1252.80416185,26.642311634099997
 06/02  13:00:00,1315.26536883,24.3948533127
 06/02  14:00:00,1324.93728533,15.3963074506
 06/02  15:00:00,1330.08375589,15.392824976300002
 06/02  16:00:00,1386.41466941,19.8783252717
 06/02  17:00:00,1271.46349024,10.9642634961
 06/02  18:00:00,1053.09968231,10.9428786013
 06/02  19:00:00,1017.49306584,6.558354421080001
 06/02  20:00:00,749.409429952,8.86151703042
 06/02  21:00:00,585.5316916630001,8.79574149648
 06/02  22:00:00,349.356869243,4.36039753371
 06/02  23:00:00,299.992109991,2.19003524051
 06/02  24:00:00,287.769912074,2.18997205398
 06/03  01:00:00,237.92918253,2.1902416945
 06/03  02:00:00,237.92918253099998,2.19017441306
 06/03  03:00:00,237.92918266,2.1901070527
 06/03  04:00:00,250.15138067700002,4.360011849559999
 06/03  05:00:00,248.96623987700002,2.19289280654
 06/03  06:00:00,503.45048380000003,27.154538138699998
 06/03  07:00:00,679.784102597,30.1100134365
 06/03  08:00:00,981.87579841,16.7452953715
 06/03  09:00:00,975.778624385,13.754341768800002
 06/03  10:00:00,937.8448912360001,9.76957754177
 06/03  11:00:00,940.4847027769999,11.412858601300002
 06/03  12:00:00,945.62406074,8.78400546689
 06/03  13:00:00,950.722747293,8.75092265043
 06/03  14:00:00,705.3133376689999,6.55703973604
 06/03  15:00:00,707.443010715,6.55220733335
 06/03  16:00:00,760.034130465,6.5534614672
 06/03  17:00:00,720.8992470510001,4.363656676690001
 06/03  18:00:00,618.459398567,2.19213362157
 06/03  19:00:00,541.1005160240001,4.3642262689399995
 06/03  20:00:00,479.595835707,2.19203070652
 06/03  21:00:00,299.042123614,4.3672875841600005
 06/03  22:00:00,274.59577623,2.19024882805
 06/03  23:00:00,250.15138061099998,4.36029448411
 06/03  24:00:00,237.929182744,2.19004571027
 06/04  01:00:00,237.92869279099997,2.1891429268200002
 06/04  02:00:00,237.928692788,2.18932379971
 06/04  03:00:00,237.928692722,2.18922733717
 06/04  04:00:00,250.150890532,2.18913072763
 06/04  05:00:00,240.42208198400002,2.19179439027
 06/04  06:00:00,272.222077372,2.18933290168
 06/04  07:00:00,401.18915721800005,2.1892361986099997
 06/04  08:00:00,548.381218341,2.18933353622
 06/04  09:00:00,571.9143322040001,2.18934737444
 06/04  10:00:00,506.68039759199996,2.18930594555
 06/04  11:00:00,536.544367169,2.1911969889300003
 06/04  12:00:00,402.659159283,4.36234121565
 06/04  13:00:00,412.59348593199996,4.36712402205
 06/04  14:00:00,391.303804064,2.19114376824
 06/04  15:00:00,541.959396009,2.18934129792
 06/04  16:00:00,616.371165196,2.18909524143
 06/04  17:00:00,686.416983585,2.18931354215
 06/04  18:00:00,652.999926597,2.18932730914
 06/04  19:00:00,635.991733378,2.18934106276
 06/04  20:00:00,306.37989334,2.1891322401499997
 06/04  21:00:00,299.041144251,2.1917941017900002
 06/04  22:00:00,274.595286143,2.1891946832499998
 06/04  23:00:00,250.15089061400002,2.18909761459
 06/04  24:00:00,237.92869278599997,2.1892777279900004
 06/05  01:00:00,287.769904987,2.18994061707
 06/05  02:00:00,287.769904977,2.19020188983
 06/05  03:00:00,287.769905088,2.1901256892400003
 06/05  04:00:00,299.99210306,4.36002258541
 06/05  05:00:00,315.183656376,2.19286726119
 06/05  06:00:00,697.099958783,19.4684683835
 06/05  07:00:00,814.779893542,24.9100760947
 06/05  08:00:00,1387.14774578,15.4739530832
 06/05  09:00:00,1362.10725637,17.62262912
 06/05  10:00:00,1321.5322523,17.628917370099998
 06/05  11:00:00,1330.67909901,22.1071754599
 06/05  12:00:00,1290.45909704,24.4243111765
 06/05  13:00:00,1357.29294988,24.3907181135
 06/05  14:00:00,1363.07571365,15.3946649643
 06/05  15:00:00,1359.30093416,15.3892122999
 06/05  16:00:00,1407.23302012,19.870239786099997
 06/05  17:00:00,1300.5688965,10.962911919000002
 06/05  18:00:00,1112.66528909,10.9430077528
 06/05  19:00:00,1085.67857902,6.557427548200001
 06/05  20:00:00,924.208805156,8.807787190139999
 06/05  21:00:00,916.214274375,4.11355032921
 06/05  22:00:00,349.356862239,4.36028740765
 06/05  23:00:00,299.992103008,2.1899944647
 06/05  24:00:00,287.769905107,2.1902549797
 06/06  01:00:00,287.76990262,2.1901714717400003
 06/06  02:00:00,287.76990263,2.1900910054
 06/06  03:00:00,287.76990276,2.19001046071
 06/06  04:00:00,299.99210079200003,2.18992986806
 06/06  05:00:00,315.183652672,4.36566880176
 06/06  06:00:00,381.283705493,46.7229247479
 06/06  07:00:00,528.5396129659999,43.991645264700004
 06/06  08:00:00,1170.04269274,15.6326438311
 06/06  09:00:00,1140.95925611,17.6225271464
 06/06  10:00:00,1002.89698404,17.6309400316
 06/06  11:00:00,968.6953070630001,19.897619982200002
 06/06  12:00:00,916.642371714,26.9333930678
 06/06  13:00:00,989.181732702,24.388581144
 06/06  14:00:00,1077.92858438,15.3946954053
 06/06  15:00:00,1114.01754079,15.3892288875
 06/06  16:00:00,1178.96284768,19.8724557022
 06/06  17:00:00,1071.84852528,10.9645734097
 06/06  18:00:00,774.831285178,11.193792455699999
 06/06  19:00:00,677.279126474,26.248565804800002
 06/06  20:00:00,544.880087883,73.5410985966
 06/06  21:00:00,554.622692731,93.8648124619
 06/06  22:00:00,349.356859565,2.1901627166499997
 06/06  23:00:00,299.992100522,2.19008087002
 06/06  24:00:00,287.769902949,4.35991909375
 06/07  01:00:00,287.76990059900004,2.19016608074
 06/07  02:00:00,287.769900402,2.19008120602
 06/07  03:00:00,287.769900342,2.18999626212
 06/07  04:00:00,299.992098197,2.18991127758
 06/07  05:00:00,315.183649518,4.36529072839
 06/07  06:00:00,380.51380284699997,243.23187653
 06/07  07:00:00,502.51099213599997,228.012377009
 06/07  08:00:00,1050.671752,109.424716734
 06/07  09:00:00,1014.43569677,74.3423698407
 06/07  10:00:00,966.340763729,56.2340378803
 06/07  11:00:00,966.864342683,58.1237161248
 06/07  12:00:00,915.272721851,51.211977566099996
 06/07  13:00:00,967.63048272,33.599830812
 06/07  14:00:00,968.0925579269999,17.6393771985
 06/07  15:00:00,968.546481306,16.0878633081
 06/07  16:00:00,1017.88195984,20.3980737173
 06/07  17:00:00,902.419620288,16.5023248743
 06/07  18:00:00,701.8237903080001,29.6741360858
 06/07  19:00:00,677.287112269,37.5534048002
 06/07  20:00:00,544.875881838,70.2260305132
 06/07  21:00:00,554.640757914,116.192251448
 06/07  22:00:00,349.35685761599996,4.3601617072400005
 06/07  23:00:00,299.992098462,2.19022038837
 06/07  24:00:00,287.769900412,2.19013510658
 06/08  01:00:00,287.769897991,2.19004294039
 06/08  02:00:00,287.769898038,2.1899538080700003
 06/08  03:00:00,287.769898119,2.19019902788
 06/08  04:00:00,299.992095983,2.19010966236
 06/08  05:00:00,315.1836455,4.3652973441
 06/08  06:00:00,379.99368207699996,300.915006046
 06/08  07:00:00,502.506572788,220.918431388
 06/08  08:00:00,1050.63894346,62.967299421099995
 06/08  09:00:00,1013.95924494,45.784085848900006
 06/08  10:00:00,965.468194895,33.851170318499996
 06/08  11:00:00,966.1701740389999,28.4897317169
 06/08  12:00:00,915.226253748,37.864319393
 06/08  13:00:00,966.9448237639999,25.816396574099997
 06/08  14:00:00,1019.68175692,16.2415552993
 06/08  15:00:00,1031.63662549,16.468622909300002
 06/08  16:00:00,1044.86325495,20.7201018856
 06/08  17:00:00,901.705455078,16.7001225544
 06/08  18:00:00,701.734405274,39.5077855381
 06/08  19:00:00,677.302653774,58.1101128609
 06/08  20:00:00,544.903398634,106.640158306
 06/08  21:00:00,554.659150691,140.141014893
 06/08  22:00:00,349.35685530800004,4.3602183332
 06/08  23:00:00,299.992096142,2.18990721501
 06/08  24:00:00,287.769898121,2.19015216269
 06/09  01:00:00,287.76989568700003,2.19005568833
 06/09  02:00:00,287.76989572599996,2.1899622345400003
 06/09  03:00:00,287.769895842,2.19020220303
 06/09  04:00:00,299.992093687,2.19010852806
 06/09  05:00:00,315.183641768,4.36552605216
 06/09  06:00:00,379.68710711,262.06165625200003
 06/09  07:00:00,502.474225791,176.78774794
 06/09  08:00:00,1069.1018392,62.9204518762
 06/09  09:00:00,1127.93666397,46.682399779300006
 06/09  10:00:00,1170.561175,35.2353984565
 06/09  11:00:00,1243.30097495,34.0133362924
 06/09  12:00:00,1207.70604826,36.3933898403
 06/09  13:00:00,1263.7576258,26.3478529735
 06/09  14:00:00,1267.49147874,15.8513342669
 06/09  15:00:00,1269.55982391,15.388695162100001
 06/09  16:00:00,1321.89789175,19.8699617404
 06/09  17:00:00,1207.71241925,10.9621201292
 06/09  18:00:00,1005.06852994,10.941352194
 06/09  19:00:00,975.1418609030001,6.55671015248
 06/09  20:00:00,761.176318879,16.8524738545
 06/09  21:00:00,604.779397654,30.585449701599998
 06/09  22:00:00,349.356852722,2.19007684815
 06/09  23:00:00,299.992093709,2.19014861093
 06/09  24:00:00,287.769895961,4.3600154774
 06/10  01:00:00,237.929166636,2.1901919752700003
 06/10  02:00:00,237.92916640099997,2.19009416534
 06/10  03:00:00,237.92916633299998,2.1899962722999997
 06/10  04:00:00,250.15136419400002,2.1898983282700004
 06/10  05:00:00,240.422547788,4.36543459844
 06/10  06:00:00,379.587005536,111.124399415
 06/10  07:00:00,528.638451949,91.6586423587
 06/10  08:00:00,964.2293335310001,44.5760615241
 06/10  09:00:00,968.513967563,35.1411124491
 06/10  10:00:00,935.4789484410001,28.866371740599998
 06/10  11:00:00,938.778553549,24.6795121811
 06/10  12:00:00,943.8561895239999,16.5078379211
 06/10  13:00:00,948.4171823910001,11.044360446199999
 06/10  14:00:00,703.279142484,8.75530566174
 06/10  15:00:00,702.2622537860001,6.55136888501
 06/10  16:00:00,758.542549085,6.554507974419999
 06/10  17:00:00,729.252496875,2.19177057584
 06/10  18:00:00,607.6514160180001,4.3639516465199994
 06/10  19:00:00,542.595139714,2.19199693914
 06/10  20:00:00,481.50536053400003,4.36394461579
 06/10  21:00:00,299.042094582,4.36698786098
 06/10  22:00:00,274.595759821,2.18987987842
 06/10  23:00:00,250.151364185,2.19011448743
 06/10  24:00:00,237.929166466,2.1900162886700003
 06/11  01:00:00,237.928679876,2.18928050407
 06/11  02:00:00,237.92867985,2.1891552508500003
 06/11  03:00:00,237.92867993099998,2.18902973562
 06/11  04:00:00,250.150877702,2.1891764352000003
 06/11  05:00:00,240.422059874,4.363608501619999
 06/11  06:00:00,272.222064462,2.18922880997
 06/11  07:00:00,470.371328983,0.02
 06/11  08:00:00,602.3862666269999,2.1891933776
 06/11  09:00:00,547.804924436,2.18923106413
 06/11  10:00:00,567.250375443,2.18926822355
 06/11  11:00:00,459.196428956,4.36180074365
 06/11  12:00:00,507.457384961,2.19101155013
 06/11  13:00:00,350.87818598900003,4.36703628174
 06/11  14:00:00,355.37708298,2.1907473491599996
 06/11  15:00:00,548.445870828,2.18924063647
 06/11  16:00:00,594.671026888,2.18927767587
 06/11  17:00:00,703.846465401,2.18926044741
 06/11  18:00:00,639.413180718,2.1892249179900003
 06/11  19:00:00,477.458167734,2.18928004151
 06/11  20:00:00,327.652676366,2.18915391475
 06/11  21:00:00,299.041121631,2.19155098473
 06/11  22:00:00,274.595273241,2.1891506807599996
 06/11  23:00:00,250.15087772299998,2.18902451207
 06/11  24:00:00,237.92867989,2.18917063413
 06/12  01:00:00,287.76988884400004,2.19006088749
 06/12  02:00:00,287.769888941,2.1899546667500003
 06/12  03:00:00,287.769889154,2.18984835282
 06/12  04:00:00,299.99208688,4.36003972204
 06/12  05:00:00,315.18363048099997,2.19277015181
 06/12  06:00:00,402.26145947199996,40.5365095653
 06/12  07:00:00,787.840652395,37.9263314533
 06/12  08:00:00,1395.36318769,16.440176809100002
 06/12  09:00:00,1400.73710492,17.6171997155
 06/12  10:00:00,1363.32733768,15.423062018800001
 06/12  11:00:00,1362.73605223,22.099284159699998
 06/12  12:00:00,1312.61177202,24.4076173648
 06/12  13:00:00,1358.97375667,24.3791583702
 06/12  14:00:00,1355.62775997,15.3912224795
 06/12  15:00:00,1353.49704869,15.386410776199998
 06/12  16:00:00,1400.54181888,17.6602397106
 06/12  17:00:00,1286.82722652,13.1517946356
 06/12  18:00:00,1097.0462048,8.7568468883
 06/12  19:00:00,1085.37466023,6.555633021369999
 06/12  20:00:00,950.822177751,8.741912939439999
 06/12  21:00:00,923.406285033,2.20205997489
 06/12  22:00:00,349.35684617199996,4.3601253045199995
 06/12  23:00:00,299.992086937,2.1899018566799997
 06/12  24:00:00,287.769889002,2.1901261195700004
 06/13  01:00:00,287.76988656099996,2.19001271343
 06/13  02:00:00,287.769886595,2.18990226875
 06/13  03:00:00,287.769886653,2.19012184534
 06/13  04:00:00,299.99208448900004,2.19001120329
 06/13  05:00:00,315.18362721,4.36521587006
 06/13  06:00:00,715.7078825680001,5.39891647045
 06/13  07:00:00,875.044596517,9.188608763060001
 06/13  08:00:00,1448.47150737,15.397850153199999
 06/13  09:00:00,1402.09989014,15.4155470402
 06/13  10:00:00,1349.21086896,17.623664201300002
 06/13  11:00:00,1347.41208808,22.0982036873
 06/13  12:00:00,1292.16906183,24.4094922693
 06/13  13:00:00,1344.81939046,24.376833291100002
 06/13  14:00:00,1344.84463667,13.1934760144
 06/13  15:00:00,1347.94299534,15.3830806056
 06/13  16:00:00,1402.00765285,19.862674008699997
 06/13  17:00:00,1290.55580356,10.960823425
 06/13  18:00:00,1102.06431686,10.9400695379
 06/13  19:00:00,1081.05914919,6.55573395995
 06/13  20:00:00,943.938540931,6.562386280680001
 06/13  21:00:00,934.663225181,4.36507805934
 06/13  22:00:00,349.356843386,2.19005018833
 06/13  23:00:00,299.992084319,2.19010327013
 06/13  24:00:00,287.76988659299997,2.1899923700599997
 06/14  01:00:00,287.769884499,2.1898769754700003
 06/14  02:00:00,287.76988447,4.36006885389
 06/14  03:00:00,287.76988447599996,2.1898623000299997
 06/14  04:00:00,299.992082138,2.19007678778
 06/14  05:00:00,315.183623476,4.36536676853
 06/14  06:00:00,443.483814779,5.62255088779
 06/14  07:00:00,740.318757406,15.0246412402
 06/14  08:00:00,1371.2435153,15.3979256302
 06/14  09:00:00,1360.96470033,17.615659462
 06/14  10:00:00,1331.192748,16.6370215819
 06/14  11:00:00,1340.48207252,20.8761931712
 06/14  12:00:00,1294.08842928,24.404700846
 06/14  13:00:00,1355.05455576,24.3751871823
 06/14  14:00:00,1347.3410444,15.390912311700001
 06/14  15:00:00,1347.43622634,13.1902937854
 06/14  16:00:00,1404.60973546,19.865876538800002
 06/14  17:00:00,1303.29074007,13.148647410799999
 06/14  18:00:00,1098.07587711,8.75592782273
 06/14  19:00:00,1049.87968137,6.556770877080001
 06/14  20:00:00,892.1314765310001,6.5610897028999995
 06/14  21:00:00,885.735171816,4.55606037343
 06/14  22:00:00,349.356841293,2.19005350715
 06/14  23:00:00,299.992082279,2.19010198865
 06/14  24:00:00,287.769884514,4.35985878981
 06/15  01:00:00,287.769882251,2.19007794163
 06/15  02:00:00,287.769882085,2.18995912886
 06/15  03:00:00,287.769882086,2.18984022259
 06/15  04:00:00,299.9920798,2.1900497737299998
 06/15  05:00:00,315.183620162,4.3651850574
 06/15  06:00:00,381.933715353,23.0569877884
 06/15  07:00:00,516.831882669,32.1279980225
 06/15  08:00:00,1274.00804438,16.41497922
 06/15  09:00:00,1337.05837074,17.7573069864
 06/15  10:00:00,1309.45157813,17.6220660976
 06/15  11:00:00,1331.04945359,19.88821622
 06/15  12:00:00,1292.76617503,24.404198944
 06/15  13:00:00,1362.18092797,24.3741319107
 06/15  14:00:00,1373.63990206,15.390294313900002
 06/15  15:00:00,1369.79534017,13.188575305999999
 06/15  16:00:00,1411.0673785999998,19.8642289248
 06/15  17:00:00,1296.66017551,10.9602239144
 06/15  18:00:00,1101.95168011,10.939648326099999
 06/15  19:00:00,1055.30488779,6.55622301141
 06/15  20:00:00,895.3430144280001,6.56117524995
 06/15  21:00:00,886.3196246760001,4.37170941751
 06/15  22:00:00,349.35683898599996,2.19002839693
 06/15  23:00:00,299.99207989,2.1899082472
 06/15  24:00:00,287.769882269,2.19011731697
 06/16  01:00:00,287.76987996099996,4.3598645429300005
 06/16  02:00:00,287.769880004,2.19007554467
 06/16  03:00:00,287.769879828,2.1899525205000003
 06/16  04:00:00,299.992077633,2.18982942074
 06/16  05:00:00,315.183616343,4.36521641496
 06/16  06:00:00,391.176922945,35.659677713
 06/16  07:00:00,568.349334231,47.1889795259
 06/16  08:00:00,1253.32699781,16.462197638699998
 06/16  09:00:00,1302.4434269,17.659179912
 06/16  10:00:00,1270.18992269,15.418599170699999
 06/16  11:00:00,1278.03916764,22.0936924293
 06/16  12:00:00,1245.75905906,24.4046168004
 06/16  13:00:00,1308.4029443,24.370535006199997
 06/16  14:00:00,1315.31585247,13.192020366700001
 06/16  15:00:00,1319.06799103,15.380776358099999
 06/16  16:00:00,1365.94378932,19.8632047169
 06/16  17:00:00,1244.83051038,10.9614874129
 06/16  18:00:00,1022.3594379000001,8.75442209297
 06/16  19:00:00,936.963448052,6.65576599706
 06/16  20:00:00,728.480387965,32.2712071372
 06/16  21:00:00,665.81097771,52.531865548599995
 06/16  22:00:00,349.35683674,2.18997220312
 06/16  23:00:00,299.99207762099996,2.18984888877
 06/16  24:00:00,287.769879772,2.19005315668
 06/17  01:00:00,237.92915041400002,2.18992401862
 06/17  02:00:00,237.929150558,2.18979707774
 06/17  03:00:00,237.929150558,2.18999698528
 06/17  04:00:00,250.15134850799998,2.18986984932
 06/17  05:00:00,240.422521735,4.3652204583
 06/17  06:00:00,380.75809667199997,57.0158689786
 06/17  07:00:00,479.08823317599996,56.340244266800006
 06/17  08:00:00,909.984308086,39.0101750834
 06/17  09:00:00,945.9316585460001,32.3113192152
 06/17  10:00:00,912.4990019969999,25.338657327800004
 06/17  11:00:00,926.1031764,21.6144093569
 06/17  12:00:00,940.9407119760001,13.995213553800001
 06/17  13:00:00,949.4297398719999,10.6304274836
 06/17  14:00:00,706.14469673,7.928014270039999
 06/17  15:00:00,710.174682415,6.55051485445
 06/17  16:00:00,756.947586733,6.5521008402100005
 06/17  17:00:00,714.789868916,5.65065115018
 06/17  18:00:00,296.66789405,4.363215155430001
 06/17  19:00:00,272.2234983,2.19151295567
 06/17  20:00:00,289.310831793,4.36306085863
 06/17  21:00:00,299.042066085,2.19311790604
 06/17  22:00:00,274.595744052,4.3599469733800005
 06/17  23:00:00,250.151348517,2.1894947242700002
 06/17  24:00:00,237.929150488,2.18998175583
 06/18  01:00:00,237.92866713599997,2.1890536484900003
 06/18  02:00:00,237.928667122,2.1891678463299997
 06/18  03:00:00,237.92866704099998,2.18901445908
 06/18  04:00:00,250.150864843,0.02
 06/18  05:00:00,240.422037337,4.36358568901
 06/18  06:00:00,272.222051727,2.18906062145
 06/18  07:00:00,296.666447388,2.1891741629299997
 06/18  08:00:00,296.666447338,2.1890203782700004
 06/18  09:00:00,259.999853888,2.18913394614
 06/18  10:00:00,211.111062639,2.18898007542
 06/18  11:00:00,211.112025048,2.19079640024
 06/18  12:00:00,211.11202477400002,2.19095534154
 06/18  13:00:00,211.11346857,4.3670486000099995
 06/18  14:00:00,211.112024943,2.1909386845700003
 06/18  15:00:00,211.11106277,2.1892083298599996
 06/18  16:00:00,448.974142869,2.18918869551
 06/18  17:00:00,296.666447448,2.18916846185
 06/18  18:00:00,296.66644745,2.1890140001800003
 06/18  19:00:00,272.222051848,2.18912748439
 06/18  20:00:00,280.765718536,2.1889735445
 06/18  21:00:00,299.041099346,2.1915605486099996
 06/18  22:00:00,274.595260617,2.18917576712
 06/18  23:00:00,250.150865027,2.1890218849000003
 06/18  24:00:00,237.928667255,2.1891353579499997
 06/19  01:00:00,287.76987308599996,2.18997802389
 06/19  02:00:00,287.76987316099996,2.1898430446200003
 06/19  03:00:00,287.769873259,2.1900330806099997
 06/19  04:00:00,299.992071136,3.81085450648
 06/19  05:00:00,315.18360534,2.7419625583999996
 06/19  06:00:00,399.99329620300006,90.6944223149
 06/19  07:00:00,502.607039219,72.7355554133
 06/19  08:00:00,1131.08569169,27.5755051306
 06/19  09:00:00,1280.80262313,18.4007711907
 06/19  10:00:00,1283.614311,19.4996846629
 06/19  11:00:00,1296.92200392,20.8260652185
 06/19  12:00:00,1248.88854832,25.1718473463
 06/19  13:00:00,1297.59500261,24.3736210371
 06/19  14:00:00,1291.5600397,15.3874964878
 06/19  15:00:00,1289.75145627,13.182662625
 06/19  16:00:00,1335.75089594,19.859983931600002
 06/19  17:00:00,1214.77722579,10.959864013499999
 06/19  18:00:00,1008.60690394,8.754949111830001
 06/19  19:00:00,963.0207849239999,6.5556184774099995
 06/19  20:00:00,736.63951414,9.95286567849
 06/19  21:00:00,720.4941928589999,14.296791342899999
 06/19  22:00:00,349.356830185,4.359954769690001
 06/19  23:00:00,299.992071075,2.1897734676900003
 06/19  24:00:00,287.76987308400004,2.1899632667
 06/20  01:00:00,287.769870835,2.18982143847
 06/20  02:00:00,287.769870817,2.1900068185
 06/20  03:00:00,287.76987081,2.1898677366099997
 06/20  04:00:00,299.99206872400003,2.19005276623
 06/20  05:00:00,315.18360231599996,4.36470227087
 06/20  06:00:00,381.527375075,58.794664177
 06/20  07:00:00,582.186029947,48.3018600676
 06/20  08:00:00,1342.24962094,18.8684459241
 06/20  09:00:00,1347.12030864,18.7782236477
 06/20  10:00:00,1316.30010925,15.8265169884
 06/20  11:00:00,1330.9603725,22.091104771199998
 06/20  12:00:00,1287.31709291,24.3968600662
 06/20  13:00:00,1351.59153972,22.150181050300002
 06/20  14:00:00,1361.63567605,15.385683157699999
 06/20  15:00:00,1367.34474089,15.3812380227
 06/20  16:00:00,1412.99266886,17.6524368455
 06/20  17:00:00,1300.8721539,10.9593717017
 06/20  18:00:00,1088.06814711,10.938491483800002
 06/20  19:00:00,1035.18219558,6.55546056545
 06/20  20:00:00,863.160545965,6.662727093430001
 06/20  21:00:00,799.602159927,9.83603451124
 06/20  22:00:00,349.356827764,2.19005867114
 06/20  23:00:00,299.992068594,2.1899193003599997
 06/20  24:00:00,287.769870919,2.18977989005
 06/21  01:00:00,287.769868719,2.18995990292
 06/21  02:00:00,287.76986885599996,2.1898170395500003
 06/21  03:00:00,287.769868834,4.35985214422
 06/21  04:00:00,299.99206668,2.1900348143
 06/21  05:00:00,315.18359826799997,2.19223072855
 06/21  06:00:00,381.618636266,39.7072948366
 06/21  07:00:00,560.9626289509999,38.5253234404
 06/21  08:00:00,1300.03798387,17.1217807823
 06/21  09:00:00,1346.87335414,15.798992191199998
 06/21  10:00:00,1328.32675468,17.6165177673
 06/21  11:00:00,1360.62316544,19.8838628065
 06/21  12:00:00,1324.63430974,24.393863633600002
 06/21  13:00:00,1360.98658879,24.3641164662
 06/21  14:00:00,1351.43714209,13.1887662373
 06/21  15:00:00,1358.06236539,15.3780403921
 06/21  16:00:00,1420.88010812,19.8566813473
 06/21  17:00:00,1274.13533464,10.9598137824
 06/21  18:00:00,1048.38702484,8.7542426774
 06/21  19:00:00,1015.19585399,6.55639758155
 06/21  20:00:00,848.149784188,9.05949404289
 06/21  21:00:00,775.7867721,25.647994775300003
 06/21  22:00:00,349.35682560099997,2.19003482295
 06/21  23:00:00,299.992066482,2.1898906849
 06/21  24:00:00,287.769868869,2.1897473403
 06/22  01:00:00,287.76986663,4.35970006118
 06/22  02:00:00,287.76986664599997,2.18995264143
 06/22  03:00:00,287.76986657099997,2.18980570183
 06/22  04:00:00,299.992064309,2.18998140522
 06/22  05:00:00,315.183595024,4.36470628393
 06/22  06:00:00,381.621043219,51.3194187641
 06/22  07:00:00,558.411734416,50.7109984279
 06/22  08:00:00,1317.26882502,20.6840173807
 06/22  09:00:00,1348.21999297,16.449133335899997
 06/22  10:00:00,1314.64523982,17.9300210613
 06/22  11:00:00,1329.73817058,19.881186971800002
 06/22  12:00:00,1289.24871127,24.393226103000003
 06/22  13:00:00,1358.80662195,24.3629678373
 06/22  14:00:00,1368.31990931,13.188189547
 06/22  15:00:00,1371.30786558,15.378190093199999
 06/22  16:00:00,1424.12297376,17.6510344751
 06/22  17:00:00,1292.19482211,13.1475364503
 06/22  18:00:00,1074.09706545,8.75479932755
 06/22  19:00:00,1053.81014348,6.55586005498
 06/22  20:00:00,925.7331199710001,6.56041779048
 06/22  21:00:00,933.737313775,5.646532992590001
 06/22  22:00:00,349.35682338699996,2.19001039163
 06/22  23:00:00,299.992064305,2.1900235316099996
 06/22  24:00:00,287.769866499,2.1898763473400003
 06/23  01:00:00,287.769864493,2.18972490187
 06/23  02:00:00,287.769864473,4.35964226614
 06/23  03:00:00,287.769864476,2.18991704955
 06/23  04:00:00,299.992062239,2.18976618011
 06/23  05:00:00,315.183591175,2.19251376635
 06/23  06:00:00,381.78176805699997,30.1019778173
 06/23  07:00:00,671.132095379,35.427775621100004
 06/23  08:00:00,1381.84435499,16.7268946822
 06/23  09:00:00,1377.93591833,15.5975251005
 06/23  10:00:00,1346.29082929,17.6160810578
 06/23  11:00:00,1341.34960342,19.8796546199
 06/23  12:00:00,1289.93396407,24.3905655521
 06/23  13:00:00,1337.33787493,22.147610793400002
 06/23  14:00:00,1337.23653437,15.3840580678
 06/23  15:00:00,1338.48459724,15.3809341434
 06/23  16:00:00,1390.88983528,17.6509337278
 06/23  17:00:00,1282.18369555,10.9585683564
 06/23  18:00:00,1097.429808,10.937200651
 06/23  19:00:00,1078.05273179,6.553903216869999
 06/23  20:00:00,914.9697721910001,6.560454132699999
 06/23  21:00:00,908.6554086960001,4.36467643572
 06/23  22:00:00,349.356821246,2.18983961175
 06/23  23:00:00,299.992062165,2.19001031598
 06/23  24:00:00,287.769864249,2.1898592902900003
 06/24  01:00:00,237.929135097,2.1900237875
 06/24  02:00:00,237.92913501400002,2.18986937279
 06/24  03:00:00,237.92913515599997,2.18971480075
 06/24  04:00:00,250.151332924,2.18988152007
 06/24  05:00:00,240.422497521,4.36490314607
 06/24  06:00:00,408.24586677400004,21.4635387494
 06/24  07:00:00,659.2603867319999,30.214799114499996
 06/24  08:00:00,989.517938813,16.0319024523
 06/24  09:00:00,984.870448915,11.957609938
 06/24  10:00:00,949.852636299,9.71135341521
 06/24  11:00:00,955.432353743,9.11490419862
 06/24  12:00:00,953.908440467,8.754665077030001
 06/24  13:00:00,952.0839144239999,8.746488879960001
 06/24  14:00:00,698.109112409,6.555026159550001
 06/24  15:00:00,696.576178711,6.55038273242
 06/24  16:00:00,746.2261651819999,6.55242001536
 06/24  17:00:00,707.4102151110001,2.19163185747
 06/24  18:00:00,624.791919495,4.36331948328
 06/24  19:00:00,556.584571056,2.1917216476099997
 06/24  20:00:00,624.992095886,4.36338539612
 06/24  21:00:00,364.71675548400003,2.19333448628
 06/24  22:00:00,274.59572876,4.35984920476
 06/24  23:00:00,250.151333165,2.1900132918
 06/24  24:00:00,237.92913515599997,2.18985847897
 06/25  01:00:00,237.928654953,2.18891901747
 06/25  02:00:00,237.92865482099998,2.18900284762
 06/25  03:00:00,237.928654793,0.02
 06/25  04:00:00,250.15085260599997,2.18908630072
 06/25  05:00:00,240.42201611299998,4.36301105558
 06/25  06:00:00,272.222039573,2.18904433539
 06/25  07:00:00,296.666435115,2.18912662614
 06/25  08:00:00,560.85214371,2.1891055279700002
 06/25  09:00:00,443.03793095,0.02
 06/25  10:00:00,451.19510349,2.18903052514
 06/25  11:00:00,405.06704504,4.3616852898100005
 06/25  12:00:00,384.54151380800005,2.19084321696
 06/25  13:00:00,449.121695186,4.366425545019999
 06/25  14:00:00,264.732986679,2.1908301466599998
 06/25  15:00:00,428.716233901,2.18909046039
 06/25  16:00:00,643.12120149,2.1891339330200004
 06/25  17:00:00,645.274529929,2.18911176896
 06/25  18:00:00,660.910041156,2.1891415905700002
 06/25  19:00:00,493.042862061,2.18911980176
 06/25  20:00:00,447.268522477,0.02
 06/25  21:00:00,299.04107826,4.36328490269
 06/25  22:00:00,274.595248343,2.18891719472
 06/25  23:00:00,250.15085267599997,2.18900023477
 06/25  24:00:00,237.928654837,2.1890831042700003
 06/26  01:00:00,287.76985795,2.1897306958200002
 06/26  02:00:00,287.769857851,2.18988848088
 06/26  03:00:00,287.769857885,2.18972640409
 06/26  04:00:00,299.99205561900004,2.18988400076
 06/26  05:00:00,315.183581413,4.3645559259099995
 06/26  06:00:00,619.2180814669999,14.071030800499999
 06/26  07:00:00,835.788916273,21.9271706627
 06/26  08:00:00,1410.31220446,15.4386545702
 06/26  09:00:00,1401.85336645,15.4073458263
 06/26  10:00:00,1369.7063447,17.6149538652
 06/26  11:00:00,1364.5587077999999,19.876785680999998
 06/26  12:00:00,1316.17455818,24.3880900904
 06/26  13:00:00,1358.2054908,22.146306124200002
 06/26  14:00:00,1354.79308371,15.383668266199999
 06/26  15:00:00,1349.72571153,13.1817344268
 06/26  16:00:00,1396.51566783,19.852021078299998
 06/26  17:00:00,1279.05457078,10.958792493399999
 06/26  18:00:00,1098.55243375,8.75321884216
 06/26  19:00:00,1091.48197354,6.5538242376
 06/26  20:00:00,949.8689731889999,6.559852384450001
 06/26  21:00:00,948.63393216,4.5426747582199996
 06/26  22:00:00,349.356814887,2.18987647023
 06/26  23:00:00,299.992055753,2.18987292357
 06/26  24:00:00,287.769858093,2.18971056998
 06/27  01:00:00,287.769855962,4.35956224321
 06/27  02:00:00,287.769855955,2.18985174157
 06/27  03:00:00,287.769855977,2.18968596811
 06/27  04:00:00,299.992053605,2.18983921138
 06/27  05:00:00,315.18357765,2.19229364467
 06/27  06:00:00,475.251188142,23.5412849648
 06/27  07:00:00,793.380721622,29.8285133175
 06/27  08:00:00,1416.0515914,15.5683847548
 06/27  09:00:00,1419.53967449,15.4059228195
 06/27  10:00:00,1363.78822256,15.413474277899999
 06/27  11:00:00,1354.91693956,22.0847987721
 06/27  12:00:00,1304.53897188,22.1694441685
 06/27  13:00:00,1346.4035025,24.3580939709
 06/27  14:00:00,1343.27244528,13.1875412865
 06/27  15:00:00,1345.75309962,15.373532995
 06/27  16:00:00,1393.26160291,17.6466030477
 06/27  17:00:00,1283.0469332,10.9577521159
 06/27  18:00:00,1098.85599677,10.9364609495
 06/27  19:00:00,1078.04849197,6.55415711841
 06/27  20:00:00,939.934542013,6.5604797587400006
 06/27  21:00:00,970.659459045,4.37504220121
 06/27  22:00:00,349.356812669,2.18988505384
 06/27  23:00:00,299.992053589,2.18971903455
 06/27  24:00:00,287.769855726,2.18987194519
 06/28  01:00:00,287.769853692,2.1897006660900002
 06/28  02:00:00,287.76985365,2.1898497415000002
 06/28  03:00:00,287.769853774,2.18968038541
 06/28  04:00:00,299.99205154,2.18982929154
 06/28  05:00:00,315.183574665,4.3646956245499995
 06/28  06:00:00,458.040377678,22.5158702965
 06/28  07:00:00,800.553373147,30.724068567899998
 06/28  08:00:00,1415.82974818,15.947674258
 06/28  09:00:00,1418.58868045,15.4071552978
 06/28  10:00:00,1362.45106703,17.6120532851
 06/28  11:00:00,1353.38626288,19.8777366596
 06/28  12:00:00,1306.33985072,24.384283661399998
 06/28  13:00:00,1352.73789955,22.1430400917
 06/28  14:00:00,1349.11073069,15.381205834500001
 06/28  15:00:00,1350.40831868,13.1827337277
 06/28  16:00:00,1397.07325497,19.8521064236
 06/28  17:00:00,1282.50580752,10.957486041900001
 06/28  18:00:00,1089.55503464,8.75335434201
 06/28  19:00:00,1077.5379753,6.55566499472
 06/28  20:00:00,944.778436234,6.55940925921
 06/28  21:00:00,936.331997714,4.3650125623100005
 06/28  22:00:00,349.35681046900004,2.18989709617
 06/28  23:00:00,299.992051367,2.18988553494
 06/28  24:00:00,287.769853668,2.18971588586
 06/29  01:00:00,287.769851625,2.18985983542
 06/29  02:00:00,287.76985177299997,2.18968703204
 06/29  03:00:00,287.769851797,4.35949040885
 06/29  04:00:00,299.992049591,2.18980327314
 06/29  05:00:00,315.18357074,2.19240647061
 06/29  06:00:00,582.538214211,4.93714156193
 06/29  07:00:00,831.454591495,7.62809872393
 06/29  08:00:00,1421.14690788,15.3862892072
 06/29  09:00:00,1415.35643126,17.6058259385
 06/29  10:00:00,1350.22103784,15.410508181099999
 06/29  11:00:00,1346.28797628,19.8716776283
 06/29  12:00:00,1296.77521744,24.3830053613
 06/29  13:00:00,1349.62137813,22.1412622009
 06/29  14:00:00,1347.97608501,15.3799602499
 06/29  15:00:00,1349.0568451,13.1815593161
 06/29  16:00:00,1398.4033564000001,19.8501121404
 06/29  17:00:00,1281.87914256,10.9578622517
 06/29  18:00:00,1096.79982681,8.753001843189999
 06/29  19:00:00,1081.54977098,6.55318300577
 06/29  20:00:00,950.081199553,6.55955192244
 06/29  21:00:00,948.781872668,4.3648780478199996
 06/29  22:00:00,349.356808512,2.18995283866
 06/29  23:00:00,299.99204941799997,2.1899373826599997
 06/29  24:00:00,287.769851619,2.1897642022999997
 06/30  01:00:00,287.769849659,2.18990376898
 06/30  02:00:00,287.76984972900004,2.18972746805
 06/30  03:00:00,287.769849747,4.3595590377399995
 06/30  04:00:00,299.992047548,2.18983148442
 06/30  05:00:00,323.72723425,2.1924241912999998
 06/30  06:00:00,752.690025521,4.41671835117
 06/30  07:00:00,900.273622015,6.56443518964
 06/30  08:00:00,1431.85672842,15.3867675672
 06/30  09:00:00,1389.37795467,17.6041270714
 06/30  10:00:00,1362.2100718,15.4094506338
 06/30  11:00:00,1362.67401279,19.8698360524
 06/30  12:00:00,1306.54876424,24.382195729
 06/30  13:00:00,1357.04234117,22.140792336700002
 06/30  14:00:00,1350.24364929,15.3811933503
 06/30  15:00:00,1344.71605063,13.179501453699999
 06/30  16:00:00,1389.22796342,19.8491801296
 06/30  17:00:00,1271.494966,10.957476297100001
 06/30  18:00:00,1073.34315471,8.75328893029
 06/30  19:00:00,1053.61848089,6.55467436413
 06/30  20:00:00,916.3953782,6.5598278936500005
 06/30  21:00:00,922.88668753,4.36456531256
 06/30  22:00:00,349.356806434,2.18971207828
 06/30  23:00:00,299.992047319,2.18985201356
 06/30  24:00:00,287.769849588,2.18967525967
 07/01  01:00:00,237.92912043599998,2.18981022682
 07/01  02:00:00,237.92912057,2.18994622096
 07/01  03:00:00,237.929120518,2.1897663515400003
 07/01  04:00:00,250.151318428,2.18990223319
 07/01  05:00:00,248.96614087900002,4.3647654221300005
 07/01  06:00:00,612.0620967130001,2.9067959868199997
 07/01  07:00:00,747.3079815289999,11.1850572591
 07/01  08:00:00,1041.13334184,6.65549716347
 07/01  09:00:00,1014.64184919,8.753107845639999
 07/01  10:00:00,962.067598979,8.74566970881
 07/01  11:00:00,963.468478813,8.759033787489999
 07/01  12:00:00,961.7460606569999,8.74915069195
 07/01  13:00:00,959.076054275,8.74573607972
 07/01  14:00:00,710.136811557,6.55402450114
 07/01  15:00:00,712.5365009410001,4.37283966934
 07/01  16:00:00,761.576386845,6.55156727055
 07/01  17:00:00,724.5553564989999,4.36267004882
 07/01  18:00:00,649.947201274,2.1916096551499997
 07/01  19:00:00,629.37091503,2.19164748909
 07/01  20:00:00,592.814630728,4.363150758540001
 07/01  21:00:00,324.024431857,4.36664137169
 07/01  22:00:00,274.59571396900003,2.18991382671
 07/01  23:00:00,250.151318284,2.18973364855
 07/01  24:00:00,237.929120492,2.18986933388
 07/02  01:00:00,237.928643438,2.18897592137
 07/02  02:00:00,237.928643434,2.18903141968
 07/02  03:00:00,237.928643403,2.18873971945
 07/02  04:00:00,250.150841025,2.1888833009999997
 07/02  05:00:00,248.96566234099998,2.19122959303
 07/02  06:00:00,272.222027942,2.18896434003
 07/02  07:00:00,296.66642356,2.1890192703799998
 07/02  08:00:00,296.666423543,2.18907407959
 07/02  09:00:00,259.99982998400003,2.18887019101
 07/02  10:00:00,211.11103876400003,0.02
 07/02  11:00:00,211.111989579,4.36136312059
 07/02  12:00:00,211.111989235,2.19045409859
 07/02  13:00:00,344.27022134699996,4.36622831246
 07/02  14:00:00,401.177732737,2.19075990602
 07/02  15:00:00,500.750345573,2.18905729089
 07/02  16:00:00,304.43314568,2.1890259296
 07/02  17:00:00,296.666423583,2.1889074425999997
 07/02  18:00:00,296.666423474,2.1889623341499997
 07/02  19:00:00,272.222027815,0.02
 07/02  20:00:00,280.765694509,2.18901713342
 07/02  21:00:00,299.041058277,4.36270058357
 07/02  22:00:00,274.595236772,2.1888916145299997
 07/02  23:00:00,250.15084104599998,2.18894653095
 07/02  24:00:00,237.928643196,0.02
 07/03  01:00:00,287.769843707,4.3595162813199995
 07/03  02:00:00,287.769843712,2.18979285479
 07/03  03:00:00,287.76984376900003,2.18992047484
 07/03  04:00:00,299.992041422,2.1897336896599997
 07/03  05:00:00,323.72722466,2.19212725583
 07/03  06:00:00,392.237208342,14.7614254049
 07/03  07:00:00,651.957910018,21.944177840300004
 07/03  08:00:00,1389.57848765,13.2869673305
 07/03  09:00:00,1396.949139,17.602214638299998
 07/03  10:00:00,1371.22143021,15.407358674700001
 07/03  11:00:00,1359.68685392,19.8715354195
 07/03  12:00:00,1306.71561931,24.3760648395
 07/03  13:00:00,1351.97522594,22.136688389699998
 07/03  14:00:00,1348.23140366,13.1858357583
 07/03  15:00:00,1346.15454084,15.370407591700001
 07/03  16:00:00,1392.96894129,17.6428933342
 07/03  17:00:00,1276.95136077,10.9557025028
 07/03  18:00:00,1086.23791141,8.751679413060002
 07/03  19:00:00,1075.31060474,6.554475613999999
 07/03  20:00:00,935.334015862,8.73910895338
 07/03  21:00:00,931.9495645430001,2.19242219972
 07/03  22:00:00,349.356800617,2.1898638325
 07/03  23:00:00,299.992041534,2.18967593045
 07/03  24:00:00,287.769843771,4.35941997083
 07/04  01:00:00,237.928640108,0.02
 07/04  02:00:00,237.92864020099998,2.18886594277
 07/04  03:00:00,237.928640284,2.18891399904
 07/04  04:00:00,250.150838147,2.1889618136
 07/04  05:00:00,248.965657115,2.19121306599
 07/04  06:00:00,274.327333484,2.18902870989
 07/04  07:00:00,543.492432032,2.18902517046
 07/04  08:00:00,575.0375854580001,2.18902116623
 07/04  09:00:00,611.611564334,2.18863472088
 07/04  10:00:00,566.353244575,2.18902580347
 07/04  11:00:00,626.329338096,2.19071366923
 07/04  12:00:00,605.1177601019999,2.1907277444299997
 07/04  13:00:00,614.339580652,4.36658066416
 07/04  14:00:00,533.445755699,2.19073519732
 07/04  15:00:00,596.573913235,2.18904787496
 07/04  16:00:00,646.67585462,2.1890437122299997
 07/04  17:00:00,716.204164353,2.1890137643000003
 07/04  18:00:00,688.697417559,2.18903538916
 07/04  19:00:00,698.9483712169999,2.18903122148
 07/04  20:00:00,568.854241432,2.1890270538900003
 07/04  21:00:00,299.041052273,2.19161114982
 07/04  22:00:00,274.595233737,2.18883318421
 07/04  23:00:00,250.150838147,2.18888066558
 07/04  24:00:00,237.928640335,2.1889280635499997
 07/05  01:00:00,287.769839719,2.18972941953
 07/05  02:00:00,287.769839752,2.18984935422
 07/05  03:00:00,287.769839752,2.18965602285
 07/05  04:00:00,299.992037526,2.18977592643
 07/05  05:00:00,323.727219417,4.36405904569
 07/05  06:00:00,758.938579305,2.23480230785
 07/05  07:00:00,869.78670975,8.745693530419999
 07/05  08:00:00,1440.70984192,15.386691056300002
 07/05  09:00:00,1411.54707867,15.4017862776
 07/05  10:00:00,1354.82469854,15.4074880822
 07/05  11:00:00,1352.86357667,19.8679151475
 07/05  12:00:00,1306.58413419,24.374090639899997
 07/05  13:00:00,1354.39420091,22.1339750438
 07/05  14:00:00,1349.89506995,15.380925057999999
 07/05  15:00:00,1347.4454134000002,13.1745577858
 07/05  16:00:00,1397.36542903,17.6420777019
 07/05  17:00:00,1282.29760316,10.955277233
 07/05  18:00:00,1084.45021416,8.75127323786
 07/05  19:00:00,1067.18452336,6.55415411381
 07/05  20:00:00,923.355811227,8.739029503169998
 07/05  21:00:00,955.446556745,2.1922946046200003
 07/05  22:00:00,349.35679672599997,2.18984581007
 07/05  23:00:00,299.992037623,2.1898596508900003
 07/05  24:00:00,287.769839859,2.189666063
 07/06  01:00:00,287.769837985,2.18978209826
 07/06  02:00:00,287.76983797400004,4.3595997319099995
 07/06  03:00:00,287.769837956,2.18981758263
 07/06  04:00:00,299.992035761,2.18962092187
 07/06  05:00:00,323.727215431,2.19198598923
 07/06  06:00:00,760.693193855,4.36963678769
 07/06  07:00:00,897.4757010760001,6.59528863055
 07/06  08:00:00,1437.00625332,15.3821784928
 07/06  09:00:00,1386.32225606,15.401410285999999
 07/06  10:00:00,1345.87013631,17.6058534704
 07/06  11:00:00,1351.60163251,19.8668066885
 07/06  12:00:00,1301.36894449,22.1589268139
 07/06  13:00:00,1360.7077965999997,22.199928750300003
 07/06  14:00:00,1366.0890043,15.3113364519
 07/06  15:00:00,1367.10120927,13.1787976519
 07/06  16:00:00,1421.49678946,19.8450772238
 07/06  17:00:00,1295.40000084,10.9554333687
 07/06  18:00:00,1080.53212298,8.75145037827
 07/06  19:00:00,1044.89116882,6.553268984530001
 07/06  20:00:00,930.124285188,6.55911376918
 07/06  21:00:00,976.235327641,4.364499814509999
 07/06  22:00:00,349.35679499800005,2.18982747593
 07/06  23:00:00,299.99203584099996,2.18963066927
 07/06  24:00:00,287.769837922,2.18974650054
 07/07  01:00:00,287.769836062,2.1898563484299998
 07/07  02:00:00,287.769835992,2.18965673407
 07/07  03:00:00,287.76983595900003,2.1897689891900005
 07/07  04:00:00,299.992033845,2.18988092974
 07/07  05:00:00,323.727213226,4.36429611833
 07/07  06:00:00,696.541126119,7.7182891596
 07/07  07:00:00,861.926705803,16.8977870253
 07/07  08:00:00,1449.30514019,13.189002136
 07/07  09:00:00,1403.00305444,17.6004780018
 07/07  10:00:00,1344.01870344,15.4059105982
 07/07  11:00:00,1346.61377846,19.8675637197
 07/07  12:00:00,1298.29326192,24.3722038341
 07/07  13:00:00,1348.8905762,22.1317199754
 07/07  14:00:00,1347.66273091,13.181146269800001
 07/07  15:00:00,1347.27041428,13.1803518647
 07/07  16:00:00,1390.83380278,19.844251457000002
 07/07  17:00:00,1274.57405474,10.9549398915
 07/07  18:00:00,1086.33878181,8.7522278353
 07/07  19:00:00,1074.3754898,6.5538350333899995
 07/07  20:00:00,923.840292566,6.5586668480800006
 07/07  21:00:00,924.965592355,4.3643776470099995
 07/07  22:00:00,349.35679288,2.18969388697
 07/07  23:00:00,299.992033783,2.18980574641
 07/07  24:00:00,287.769836012,2.18960575472
 07/08  01:00:00,237.929107,2.1897127141099997
 07/08  02:00:00,237.929107048,2.18982120073
 07/08  03:00:00,237.929107062,2.18961837535
 07/08  04:00:00,250.15130482700002,2.1897268791999998
 07/08  05:00:00,248.966119663,4.36458930515
 07/08  06:00:00,716.804140082,5.77344069893
 07/08  07:00:00,761.791870578,12.4012057974
 07/08  08:00:00,1044.09929738,6.71651190033
 07/08  09:00:00,1009.08335248,8.751292832839999
 07/08  10:00:00,962.8291452039999,8.745077483300001
 07/08  11:00:00,966.162729235,8.757092386970001
 07/08  12:00:00,964.844989694,8.74858635793
 07/08  13:00:00,960.310335303,8.744885298060002
 07/08  14:00:00,708.863262042,6.55447981518
 07/08  15:00:00,708.685885893,6.54886559732
 07/08  16:00:00,757.4278772289999,4.3745659426
 07/08  17:00:00,719.4368869089999,4.36262407971
 07/08  18:00:00,647.856690475,2.1915068420900004
 07/08  19:00:00,581.7980983680001,4.36304670186
 07/08  20:00:00,664.54788454,2.1915398035900004
 07/08  21:00:00,449.141382464,4.36636718185
 07/08  22:00:00,274.59570038,2.18962267567
 07/08  23:00:00,250.151304777,2.18973092565
 07/08  24:00:00,237.92910705,2.18983895682
 07/09  01:00:00,237.92863281400003,2.1889352769
 07/09  02:00:00,237.928632795,2.1889654620099996
 07/09  03:00:00,237.928632718,2.1889954488999996
 07/09  04:00:00,250.150830385,0.02
 07/09  05:00:00,248.96564372400002,4.36302161255
 07/09  06:00:00,450.75412066,2.1889672285
 07/09  07:00:00,629.5566008530001,2.18898016735
 07/09  08:00:00,580.725294967,2.1890098406400003
 07/09  09:00:00,626.6650714919999,0.02
 07/09  10:00:00,514.363691183,2.18901355394
 07/09  11:00:00,595.701712942,4.36139425323
 07/09  12:00:00,550.572269893,2.19070019963
 07/09  13:00:00,619.6356886369999,4.36623467766
 07/09  14:00:00,515.138492756,2.19057874395
 07/09  15:00:00,598.641938505,2.18899289849
 07/09  16:00:00,626.941375786,2.1890224417299997
 07/09  17:00:00,711.723739193,0.02
 07/09  18:00:00,663.8601586330001,2.189001087
 07/09  19:00:00,687.775572387,2.188979747
 07/09  20:00:00,658.891566454,2.18900930646
 07/09  21:00:00,660.345336149,4.362537612190001
 07/09  22:00:00,419.93558916300003,0.02
 07/09  23:00:00,317.918261991,2.18898067337
 07/09  24:00:00,237.928632908,2.18883939044
 07/10  01:00:00,287.769830657,2.18981516061
 07/10  02:00:00,287.769830646,2.18960642232
 07/10  03:00:00,287.76983061,2.18970775655
 07/10  04:00:00,299.992028476,2.18980879692
 07/10  05:00:00,323.727204273,4.364378927930001
 07/10  06:00:00,766.0842772589999,2.19144709003
 07/10  07:00:00,909.654718757,8.7450471497
 07/10  08:00:00,1453.5818638,15.3841036827
 07/10  09:00:00,1403.03537181,15.3996192626
 07/10  10:00:00,1344.45705424,15.4042823122
 07/10  11:00:00,1348.44836202,19.8616983728
 07/10  12:00:00,1299.59360103,24.3664426556
 07/10  13:00:00,1348.98831385,22.128419695799998
 07/10  14:00:00,1347.85192398,13.179289399000002
 07/10  15:00:00,1350.78917872,13.178057750299999
 07/10  16:00:00,1403.34413974,19.842111588599998
 07/10  17:00:00,1284.60918351,10.9539365895
 07/10  18:00:00,1083.45420519,8.75013003725
 07/10  19:00:00,1063.5878852,4.37488760888
 07/10  20:00:00,936.2730726860001,8.7376115165
 07/10  21:00:00,939.361415915,2.19205012447
 07/10  22:00:00,349.356787596,2.18948935782
 07/10  23:00:00,338.363656827,4.35958676105
 07/10  24:00:00,355.676998891,2.18966497225
 07/11  01:00:00,287.76982886,2.1897599971
 07/11  02:00:00,287.769828924,2.1895482135699997
 07/11  03:00:00,287.769828792,2.18964606111
 07/11  04:00:00,299.992026581,2.18974363379
 07/11  05:00:00,323.727200938,2.19206500697
 07/11  06:00:00,736.5440795410001,4.36272893868
 07/11  07:00:00,892.94358013,6.56359744503
 07/11  08:00:00,1426.06070281,15.3797791638
 07/11  09:00:00,1390.38212981,15.4000215479
 07/11  10:00:00,1349.37452008,17.6050209609
 07/11  11:00:00,1350.7623923,17.6594679052
 07/11  12:00:00,1298.04349628,24.369158280700002
 07/11  13:00:00,1355.54353499,22.127341586700002
 07/11  14:00:00,1359.76682113,13.1823911222
 07/11  15:00:00,1361.65309692,15.3708944909
 07/11  16:00:00,1404.31650981,17.6385175496
 07/11  17:00:00,1276.53742619,10.9546877848
 07/11  18:00:00,1084.52844184,8.75189098241
 07/11  19:00:00,1077.30308528,6.553560041440001
 07/11  20:00:00,956.006681198,6.5591750088900005
 07/11  21:00:00,968.6253616160001,4.36413342333
 07/11  22:00:00,349.356785804,2.18957302975
 07/11  23:00:00,328.382641073,2.18967055198
 07/11  24:00:00,341.75819761099996,2.18976882703
 07/12  01:00:00,313.580335874,2.18955115083
 07/12  02:00:00,337.074709762,2.18974997749
 07/12  03:00:00,287.769827019,2.18973982695
 07/12  04:00:00,319.668251531,2.18983376501
 07/12  05:00:00,362.147399498,4.36433645217
 07/12  06:00:00,765.8266944339999,2.63245155983
 07/12  07:00:00,911.0386231460001,8.744479931419999
 07/12  08:00:00,1442.36960756,13.1865235476
 07/12  09:00:00,1393.12803799,15.3999445324
 07/12  10:00:00,1344.41667596,17.602699410899998
 07/12  11:00:00,1346.37304537,19.1484803694
 07/12  12:00:00,1295.28012117,22.867394385
 07/12  13:00:00,1349.57136802,22.1288115198
 07/12  14:00:00,1351.53340966,13.1833214396
 07/12  15:00:00,1353.37375927,15.366078744100001
 07/12  16:00:00,1396.89795796,17.636709213499998
 07/12  17:00:00,1271.80314618,10.953671839
 07/12  18:00:00,1096.94616906,8.74983133365
 07/12  19:00:00,1082.11399021,6.55381655106
 07/12  20:00:00,955.985255267,6.55840947777
 07/12  21:00:00,969.1857766080001,4.36428887565
 07/12  22:00:00,349.356783921,2.18965066083
 07/12  23:00:00,299.992024832,2.18974455066
 07/12  24:00:00,287.769827116,2.18983826985
 07/13  01:00:00,287.769825306,2.18961879868
 07/13  02:00:00,287.769825303,2.18970973812
 07/13  03:00:00,287.769825374,2.1898004079
 07/13  04:00:00,299.99202315599996,2.18958288604
 07/13  05:00:00,323.727196154,4.364195624090001
 07/13  06:00:00,547.0708611690001,17.8482504296
 07/13  07:00:00,797.739888413,26.8842668999
 07/13  08:00:00,1374.69485481,13.591427678099999
 07/13  09:00:00,1359.84800763,15.3991830522
 07/13  10:00:00,1328.26724208,17.6021148322
 07/13  11:00:00,1342.92129438,17.6549785056
 07/13  12:00:00,1297.76574253,24.3687241174
 07/13  13:00:00,1347.30571067,22.1265604279
 07/13  14:00:00,1349.09458488,13.1819971735
 07/13  15:00:00,1347.49769044,15.3697947982
 07/13  16:00:00,1396.74466644,17.636902948099998
 07/13  17:00:00,1285.86906814,10.9537616585
 07/13  18:00:00,1098.06524255,8.75108839882
 07/13  19:00:00,1087.25992026,6.55295427411
 07/13  20:00:00,937.7782653080001,6.558484571139999
 07/13  21:00:00,929.3409323689999,4.36417770241
 07/13  22:00:00,349.356782562,2.18966763482
 07/13  23:00:00,299.992023416,2.18975813146
 07/13  24:00:00,287.769825608,2.1895404138599996
 07/14  01:00:00,287.769823792,2.18962613958
 07/14  02:00:00,287.769823761,2.18971373273
 07/14  03:00:00,287.769823807,2.1898010704299997
 07/14  04:00:00,299.99202154200003,2.18958080775
 07/14  05:00:00,323.72719311099996,2.1921861231
 07/14  06:00:00,419.847106768,7.6977527941499995
 07/14  07:00:00,770.5537870019999,15.5359229905
 07/14  08:00:00,1420.54986325,13.183919921500001
 07/14  09:00:00,1419.04638172,15.398686700999999
 07/14  10:00:00,1362.35728305,16.3844700476
 07/14  11:00:00,1355.33691109,18.8791829454
 07/14  12:00:00,1303.97606177,24.3661456781
 07/14  13:00:00,1351.18946179,22.1267811858
 07/14  14:00:00,1347.75693138,13.1784481903
 07/14  15:00:00,1348.15609019,13.1766979977
 07/14  16:00:00,1396.63505184,17.6363519167
 07/14  17:00:00,1281.07738248,10.9537049247
 07/14  18:00:00,1087.3471604000001,8.750925834260002
 07/14  19:00:00,1071.39468365,6.553821172439999
 07/14  20:00:00,945.985871641,8.737981454249999
 07/14  21:00:00,936.230207383,2.1920986397499997
 07/14  22:00:00,349.356780695,2.1897175231
 07/14  23:00:00,299.992021525,2.18964997572
 07/14  24:00:00,287.769823767,2.1897371639700003
 07/15  01:00:00,237.929095155,2.18925788148
 07/15  02:00:00,237.92909509900002,2.1895980868200002
 07/15  03:00:00,237.929095119,2.18968243755
 07/15  04:00:00,250.151292951,4.3593101049900005
 07/15  05:00:00,257.509766263,2.19199585822
 07/15  06:00:00,394.978006167,8.75475902476
 07/15  07:00:00,573.426758004,16.6428876248
 07/15  08:00:00,950.340808906,8.29084999789
 07/15  09:00:00,932.3093659130001,9.42892379918
 07/15  10:00:00,893.150820368,6.89409534987
 07/15  11:00:00,898.676896925,10.9638632796
 07/15  12:00:00,904.6988801189999,6.56582002418
 07/15  13:00:00,914.489910355,8.74425786886
 07/15  14:00:00,673.11494654,6.553881564369999
 07/15  15:00:00,677.964629297,4.37249459981
 07/15  16:00:00,738.003664634,6.551137743180001
 07/15  17:00:00,709.1123931860001,4.36248736459
 07/15  18:00:00,605.642100874,2.19143599116
 07/15  19:00:00,538.921590692,2.1914234024200003
 07/15  20:00:00,485.857306949,4.36284925167
 07/15  21:00:00,299.041965974,4.3658402363099995
 07/15  22:00:00,274.59568865200004,2.18980224837
 07/15  23:00:00,250.15129292900002,2.18957916563
 07/15  24:00:00,237.929095063,2.18966324995
 07/16  01:00:00,237.92862329099998,2.188948098
 07/16  02:00:00,237.928623115,0.02
 07/16  03:00:00,237.928623119,2.18895609205
 07/16  04:00:00,250.15082111,2.18896394816
 07/16  05:00:00,257.509294431,4.36264260059
 07/16  06:00:00,272.222007728,0.02
 07/16  07:00:00,403.058580504,2.1889539438999996
 07/16  08:00:00,588.0935423369999,2.1889618210900004
 07/16  09:00:00,531.364777378,2.18896946371
 07/16  10:00:00,545.929012524,2.18897707526
 07/16  11:00:00,521.956084266,2.19057283454
 07/16  12:00:00,516.324388967,2.19061810877
 07/16  13:00:00,515.4404334569999,4.36610715985
 07/16  14:00:00,427.89246818,2.19054923081
 07/16  15:00:00,513.455972675,2.18896791892
 07/16  16:00:00,627.32744639,2.1889754848500003
 07/16  17:00:00,614.227775402,2.1889158396
 07/16  18:00:00,661.657140561,2.18894038549
 07/16  19:00:00,595.059234003,2.18894797282
 07/16  20:00:00,641.15068879,2.18895555393
 07/16  21:00:00,299.04102268,2.19107909632
 07/16  22:00:00,274.595216718,2.1888363646599998
 07/16  23:00:00,250.150821062,2.18884393015
 07/16  24:00:00,237.928623121,2.18885149528
 07/17  01:00:00,287.76981892599997,2.18970148183
 07/17  02:00:00,287.769819,2.18977938873
 07/17  03:00:00,287.769818952,2.1895512911700004
 07/17  04:00:00,299.992016707,2.18962933268
 07/17  05:00:00,332.270851774,2.19190338422
 07/17  06:00:00,487.925271871,13.1508323872
 07/17  07:00:00,820.236776084,18.1089905719
 07/17  08:00:00,1398.62828243,15.377975703399999
 07/17  09:00:00,1390.45820643,15.3965846804
 07/17  10:00:00,1341.04681494,15.402095326500001
 07/17  11:00:00,1335.86347145,19.8588799804
 07/17  12:00:00,1285.3629839000002,22.1468362888
 07/17  13:00:00,1324.88136563,22.1225399753
 07/17  14:00:00,1320.0381261,15.3743454498
 07/17  15:00:00,1323.07811623,13.1702112731
 07/17  16:00:00,1379.25065621,17.6342541145
 07/17  17:00:00,1268.2275048000001,10.952308073900001
 07/17  18:00:00,1087.26811268,8.750986660139999
 07/17  19:00:00,1073.87967422,6.552854154019999
 07/17  20:00:00,949.0036908339999,6.558216202610001
 07/17  21:00:00,941.318989103,4.364053095269999
 07/17  22:00:00,349.356776127,2.18960585591
 07/17  23:00:00,299.99201695799997,2.1896836495099996
 07/17  24:00:00,287.769819158,2.18976130335
 07/18  01:00:00,287.769817569,2.1895284586900003
 07/18  02:00:00,287.769817475,2.18960369036
 07/18  03:00:00,287.769817457,2.18967869637
 07/18  04:00:00,299.992015295,2.18975351062
 07/18  05:00:00,391.841152466,2.1922123618400002
 07/18  06:00:00,763.897582678,4.36259310739
 07/18  07:00:00,899.0698165819999,6.56282085554
 07/18  08:00:00,1454.98522861,15.3758271847
 07/18  09:00:00,1406.33514002,15.3967578158
 07/18  10:00:00,1349.85101155,15.4020895551
 07/18  11:00:00,1347.55394553,19.8585200982
 07/18  12:00:00,1298.70155608,22.1459637761
 07/18  13:00:00,1349.3329082,22.1213894382
 07/18  14:00:00,1347.24806047,15.3748530072
 07/18  15:00:00,1347.84438147,13.169438091099998
 07/18  16:00:00,1397.0488129,17.6340177346
 07/18  17:00:00,1282.05570268,10.9529522607
 07/18  18:00:00,1090.25917723,8.75029738876
 07/18  19:00:00,1061.47566705,6.552340543630001
 07/18  20:00:00,946.669161755,6.557660960930001
 07/18  21:00:00,972.388054777,2.1920288334799998
 07/18  22:00:00,349.356774699,2.18978628842
 07/18  23:00:00,299.992015476,4.35924396157
 07/18  24:00:00,287.769817615,2.18958153947
 07/19  01:00:00,287.76981606,2.18965148514
 07/19  02:00:00,287.769816069,2.18972354171
 07/19  03:00:00,287.769816099,2.18949047602
 07/19  04:00:00,299.992013787,2.18956268703
 07/19  05:00:00,332.270847122,2.1918224364200003
 07/19  06:00:00,773.922941795,4.607306764840001
 07/19  07:00:00,905.8090957339999,6.604058836830001
 07/19  08:00:00,1445.05447563,15.3784226699
 07/19  09:00:00,1401.43739796,15.3946570571
 07/19  10:00:00,1352.25602586,15.4020208391
 07/19  11:00:00,1350.67068709,19.8579062486
 07/19  12:00:00,1302.37644654,22.1483058688
 07/19  13:00:00,1350.54977613,22.1230841527
 07/19  14:00:00,1347.02042467,13.1800799257
 07/19  15:00:00,1347.29466886,13.439109054400001
 07/19  16:00:00,1396.54969975,19.5725846828
 07/19  17:00:00,1285.73031306,8.766220695880001
 07/19  18:00:00,1098.77228057,8.750732120650001
 07/19  19:00:00,1091.84825074,6.553638948759999
 07/19  20:00:00,955.418344272,8.737463745780001
 07/19  21:00:00,962.407616722,2.1919979276599997
 07/19  22:00:00,349.356772835,2.1897767237599997
 07/19  23:00:00,299.99201369400004,2.18954273461
 07/19  24:00:00,287.769815892,2.18961466384
 07/20  01:00:00,287.76981447599996,2.1896833829499998
 07/20  02:00:00,287.769814555,2.18975258381
 07/20  03:00:00,287.769814561,2.18951723149
 07/20  04:00:00,299.992012345,2.1895865634000002
 07/20  05:00:00,332.27084513200003,4.36435628943
 07/20  06:00:00,771.345645819,2.41533120897
 07/20  07:00:00,892.483479323,9.51117773014
 07/20  08:00:00,1458.33826688,15.3807255246
 07/20  09:00:00,1421.96812713,15.3944219061
 07/20  10:00:00,1362.70019581,15.399566522799999
 07/20  11:00:00,1355.32870758,17.6517057179
 07/20  12:00:00,1303.24779873,24.358918716199998
 07/20  13:00:00,1349.26889379,22.1213699779
 07/20  14:00:00,1348.27590561,13.175417635799999
 07/20  15:00:00,1347.51998912,13.1729557456
 07/20  16:00:00,1397.45643104,17.6344536659
 07/20  17:00:00,1287.51065363,10.952574613800001
 07/20  18:00:00,1105.17075652,8.7498947239
 07/20  19:00:00,1091.81054406,6.55379816489
 07/20  20:00:00,958.11275063,6.558571612250001
 07/20  21:00:00,945.921350293,4.4309682635400005
 07/20  22:00:00,349.356771265,2.18959135405
 07/20  23:00:00,299.992012195,2.1896603391900005
 07/20  24:00:00,287.76981445900003,2.18972921643
 07/21  01:00:00,287.76981307299997,2.1894898199400004
 07/21  02:00:00,287.769813014,2.18955653591
 07/21  03:00:00,287.76981301,2.18962305088
 07/21  04:00:00,299.992010849,2.18968939573
 07/21  05:00:00,332.27084312799997,4.3637033947
 07/21  06:00:00,541.040676328,11.964273580999999
 07/21  07:00:00,829.6424930430001,21.3426533127
 07/21  08:00:00,1426.74341487,13.2987437429
 07/21  09:00:00,1416.16813229,15.394349430799998
 07/21  10:00:00,1353.11967844,15.4013278768
 07/21  11:00:00,1348.13510601,19.8565424574
 07/21  12:00:00,1300.98101868,22.1424546444
 07/21  13:00:00,1351.05107324,22.120095205100004
 07/21  14:00:00,1345.92465774,13.180162080599999
 07/21  15:00:00,1342.92984693,15.3688271702
 07/21  16:00:00,1391.20807279,17.6304946098
 07/21  17:00:00,1275.54245503,8.76591642149
 07/21  18:00:00,1086.65631982,8.75038560445
 07/21  19:00:00,1081.73348446,6.5533682974800005
 07/21  20:00:00,939.067802452,8.737002048239999
 07/21  21:00:00,913.321084857,2.19189431565
 07/21  22:00:00,349.356769919,2.18967585744
 07/21  23:00:00,299.99201082900004,2.18974103476
 07/21  24:00:00,287.769813048,2.18950316377
 07/22  01:00:00,237.92908457599998,2.1895666207900004
 07/22  02:00:00,237.92908460299998,2.18963053319
 07/22  03:00:00,237.929084659,2.18969425508
 07/22  04:00:00,250.151282538,2.1897578156599997
 07/22  05:00:00,257.509750074,4.36405769819
 07/22  06:00:00,669.05638386,9.78826802708
 07/22  07:00:00,736.266242743,15.8219810399
 07/22  08:00:00,1012.20814656,7.14102313428
 07/22  09:00:00,996.083509926,8.77030710957
 07/22  10:00:00,947.1307687569999,8.74360803784
 07/22  11:00:00,942.824788528,8.75606832625
 07/22  12:00:00,940.757842817,8.74670874945
 07/22  13:00:00,940.4704261060001,8.74226434933
 07/22  14:00:00,694.6869848010001,4.37585004736
 07/22  15:00:00,695.646235532,6.548669286390001
 07/22  16:00:00,742.211999075,6.550045261109999
 07/22  17:00:00,700.960102416,2.1908284944
 07/22  18:00:00,624.87804546,2.19129212438
 07/22  19:00:00,554.990228971,4.36265392232
 07/22  20:00:00,540.237428688,2.19136143741
 07/22  21:00:00,325.229120943,4.3657861980199995
 07/22  22:00:00,274.595678038,2.18969346366
 07/22  23:00:00,250.151282497,2.18975684878
 07/22  24:00:00,237.929084632,2.18951679526
 07/23  01:00:00,237.928615318,2.1889004857299996
 07/23  02:00:00,237.928615267,2.18888992314
 07/23  03:00:00,237.92861511700002,2.1888792555400003
 07/23  04:00:00,250.15081275,0.02
 07/23  05:00:00,257.509279683,4.36253146027
 07/23  06:00:00,341.776312877,2.18889450117
 07/23  07:00:00,571.765830369,2.18890044648
 07/23  08:00:00,640.991277628,0.02
 07/23  09:00:00,613.166018943,2.1888728252200003
 07/23  10:00:00,606.888856669,2.1889284620700002
 07/23  11:00:00,586.882078851,2.19054925713
 07/23  12:00:00,615.559139824,4.361103652940001
 07/23  13:00:00,575.70241762,2.1930309809099997
 07/23  14:00:00,611.978237003,4.36111508731
 07/23  15:00:00,580.8978449,0.02
 07/23  16:00:00,673.7074310869999,2.18882555379
 07/23  17:00:00,682.8627385269999,2.18893092965
 07/23  18:00:00,710.979341641,2.1889200205000003
 07/23  19:00:00,658.00979982,2.18890911744
 07/23  20:00:00,545.1892575219999,2.18889822154
 07/23  21:00:00,369.72059221300003,2.1913755300799997
 07/23  22:00:00,274.595208711,2.1888911974900003
 07/23  23:00:00,250.150813055,2.1888801773599997
 07/23  24:00:00,237.928615101,2.1888691690099997
 07/24  01:00:00,287.769809097,2.18969077977
 07/24  02:00:00,287.76980917,2.18974929585
 07/24  03:00:00,287.769809097,2.1895051528900003
 07/24  04:00:00,299.992006865,2.18956385125
 07/24  05:00:00,332.270836057,2.1917913929700004
 07/24  06:00:00,722.4956329080001,4.5030944524
 07/24  07:00:00,864.4129835010001,6.705971045009999
 07/24  08:00:00,1449.02986611,15.3760361112
 07/24  09:00:00,1406.47657181,15.393522391600001
 07/24  10:00:00,1349.68899137,15.3996820017
 07/24  11:00:00,1347.40146801,17.6500087977
 07/24  12:00:00,1292.85178734,24.356594002399998
 07/24  13:00:00,1343.3264500999999,22.118196251100002
 07/24  14:00:00,1341.2272984,13.1736425156
 07/24  15:00:00,1343.20862998,13.1707716867
 07/24  16:00:00,1397.95664883,17.6304242321
 07/24  17:00:00,1278.38542474,10.9516510193
 07/24  18:00:00,1061.43068258,8.74910210496
 07/24  19:00:00,1042.53643729,6.55228368199
 07/24  20:00:00,936.7579262239999,6.55740682956
 07/24  21:00:00,938.795913775,2.19197992786
 07/24  22:00:00,349.35676626800006,2.1897439476800002
 07/24  23:00:00,382.465552807,2.1896798450099997
 07/24  24:00:00,287.769809249,4.35923368016
 07/25  01:00:00,287.769807948,2.1895484945
 07/25  02:00:00,287.769807925,2.1896047947799997
 07/25  03:00:00,287.769807936,2.18966094043
 07/25  04:00:00,299.992005774,2.18971695401
 07/25  05:00:00,340.8145007,2.19209984145
 07/25  06:00:00,730.674800748,4.36252153845
 07/25  07:00:00,859.224432413,6.56270512849
 07/25  08:00:00,1438.97320976,15.3784511073
 07/25  09:00:00,1419.98802895,15.3939336852
 07/25  10:00:00,1361.86042337,15.3983340729
 07/25  11:00:00,1353.78928371,17.6502736857
 07/25  12:00:00,1300.40107685,24.356128375500003
 07/25  13:00:00,1347.15588745,19.9054246627
 07/25  14:00:00,1345.71049661,15.3689635747
 07/25  15:00:00,1345.52227032,13.168643577200001
 07/25  16:00:00,1395.35369529,17.6322393505
 07/25  17:00:00,1280.92318132,10.9512050677
 07/25  18:00:00,1085.80936182,8.748732112719999
 07/25  19:00:00,1070.47648396,4.375033081030001
 07/25  20:00:00,954.8648656510001,8.737105795289999
 07/25  21:00:00,939.606274531,2.19205936624
 07/25  22:00:00,349.356764764,2.18969302474
 07/25  23:00:00,299.99200560400004,2.1895969886400004
 07/25  24:00:00,287.769807847,2.1896529516
 07/26  01:00:00,287.769806686,2.1897062720099996
 07/26  02:00:00,287.76980671900003,2.18945820292
 07/26  03:00:00,287.769806684,2.18951226929
 07/26  04:00:00,299.99200448700003,2.18956618428
 07/26  05:00:00,340.81449919700003,4.36422115873
 07/26  06:00:00,722.344746285,2.84643693547
 07/26  07:00:00,854.952162777,9.68125506594
 07/26  08:00:00,1442.92259386,13.183510589700001
 07/26  09:00:00,1400.0679689,15.3926004007
 07/26  10:00:00,1348.2891206,15.3987941477
 07/26  11:00:00,1343.75698814,19.8547123622
 07/26  12:00:00,1293.92202742,22.141395571100002
 07/26  13:00:00,1347.94258101,22.1153411094
 07/26  14:00:00,1348.47418067,13.1789035597
 07/26  15:00:00,1348.58025032,13.175862909600001
 07/26  16:00:00,1396.9151562999998,17.6315719331
 07/26  17:00:00,1284.88423887,10.9521662169
 07/26  18:00:00,1096.8562395,8.74857829071
 07/26  19:00:00,1087.42260973,6.55199746603
 07/26  20:00:00,956.839812946,6.55721025237
 07/26  21:00:00,927.136068783,4.36366660816
 07/26  22:00:00,349.35676355199996,2.1895029835499997
 07/26  23:00:00,299.99200442,2.18955674831
 07/26  24:00:00,287.76980662299997,2.18961042798
 07/27  01:00:00,287.769805473,2.18966090472
 07/27  02:00:00,287.769805523,2.18971242068
 07/27  03:00:00,287.769805508,2.1894624087400003
 07/27  04:00:00,299.992003264,2.18951411717
 07/27  05:00:00,340.81449777,4.36382291844
 07/27  06:00:00,615.370730459,11.400953066400001
 07/27  07:00:00,851.100045457,18.2805969395
 07/27  08:00:00,1438.64294552,13.179742275499999
 07/27  09:00:00,1394.5719072000002,15.3937508718
 07/27  10:00:00,1343.19610057,15.3977434884
 07/27  11:00:00,1339.63716112,19.8528306847
 07/27  12:00:00,1286.80916636,22.1408416601
 07/27  13:00:00,1342.13779192,22.1153094408
 07/27  14:00:00,1346.28939656,13.1737911907
 07/27  15:00:00,1348.49436743,13.1706678345
 07/27  16:00:00,1396.04182371,17.6295108755
 07/27  17:00:00,1285.45452123,10.9511520896
 07/27  18:00:00,1097.79565715,8.74979502123
 07/27  19:00:00,1045.32623399,6.55192216893
 07/27  20:00:00,889.682429153,6.556944705759999
 07/27  21:00:00,834.619568567,3.70527408691
 07/27  22:00:00,349.356762688,2.18934667776
 07/27  23:00:00,299.99200345400004,2.18954323495
 07/27  24:00:00,287.769805633,2.18959468585
 07/28  01:00:00,287.76980450599996,2.18964398517
 07/28  02:00:00,287.769804518,4.35913495855
 07/28  03:00:00,287.769804482,2.18949115457
 07/28  04:00:00,299.992002237,2.18954060928
 07/28  05:00:00,340.814495115,2.19190593237
 07/28  06:00:00,407.31661232199997,30.787988111599997
 07/28  07:00:00,711.848768322,33.747954878200005
 07/28  08:00:00,1365.4742137,15.1959503453
 07/28  09:00:00,1355.00334606,15.3646030165
 07/28  10:00:00,1337.66158682,17.5966056964
 07/28  11:00:00,1335.45915463,17.6483428799
 07/28  12:00:00,1288.57863828,22.137527169699997
 07/28  13:00:00,1333.40628271,22.1147380179
 07/28  14:00:00,1329.68208795,13.178254266700002
 07/28  15:00:00,1325.11315464,13.175038658900002
 07/28  16:00:00,1372.73865628,17.6300537174
 07/28  17:00:00,1258.81755048,10.9517049774
 07/28  18:00:00,1062.9311957,8.74899865484
 07/28  19:00:00,1051.14173717,6.551422358330001
 07/28  20:00:00,937.4504438519999,6.556578161569999
 07/28  21:00:00,921.773376168,4.36418874305
 07/28  22:00:00,349.356761056,2.18960322488
 07/28  23:00:00,299.992002033,2.18965235877
 07/28  24:00:00,287.769804312,2.18970143183
 07/29  01:00:00,237.929076169,2.18944655157
 07/29  02:00:00,237.929076137,2.18949408335
 07/29  03:00:00,237.929076134,2.1895414774599997
 07/29  04:00:00,250.151273955,2.18958875533
 07/29  05:00:00,266.053403333,4.36380222786
 07/29  06:00:00,422.701574658,5.842771097030001
 07/29  07:00:00,611.244698792,13.8701214779
 07/29  08:00:00,951.057712442,7.26937613155
 07/29  09:00:00,938.452643403,8.86305904454
 07/29  10:00:00,930.232804985,6.56142959884
 07/29  11:00:00,950.5136217060001,10.9389534824
 07/29  12:00:00,947.2526128110001,6.56439151918
 07/29  13:00:00,946.650465291,8.742949404019999
 07/29  14:00:00,693.9383217039999,6.55232980255
 07/29  15:00:00,693.85686128,4.37143327545
 07/29  16:00:00,743.139627115,6.55024200798
 07/29  17:00:00,706.218353097,2.1913431996400003
 07/29  18:00:00,296.66779021,4.36217005753
 07/29  19:00:00,272.22339432,2.19095211651
 07/29  20:00:00,297.854394059,2.19122988477
 07/29  21:00:00,299.041932235,4.36522878269
 07/29  22:00:00,274.595669537,2.1896391033900002
 07/29  23:00:00,250.151273996,2.18968610809
 07/29  24:00:00,237.929076235,2.18943236858
 07/30  01:00:00,237.92860876,2.18886107574
 07/30  02:00:00,237.928608795,2.1888356979799997
 07/30  03:00:00,237.92860872400001,2.18881024586
 07/30  04:00:00,250.150806341,2.1887847433400003
 07/30  05:00:00,266.052934935,2.1913337791900003
 07/30  06:00:00,272.22199331,2.18869833869
 07/30  07:00:00,462.266531955,2.18885905757
 07/30  08:00:00,588.135169222,0.02
 07/30  09:00:00,607.842354951,2.1888951676099997
 07/30  10:00:00,537.552269807,2.18886957885
 07/30  11:00:00,584.157446069,2.19044217539
 07/30  12:00:00,476.469782716,4.36096141011
 07/30  13:00:00,597.213728808,2.1929151013999997
 07/30  14:00:00,549.853365175,4.3609485792300005
 07/30  15:00:00,560.835075076,0.02
 07/30  16:00:00,537.187924247,2.18887316134
 07/30  17:00:00,677.83256416,2.1888638016999997
 07/30  18:00:00,531.077462339,2.18883818115
 07/30  19:00:00,340.272646497,2.1888945089700003
 07/30  20:00:00,297.85299329400004,2.18886820807
 07/30  21:00:00,299.040997065,2.19100953402
 07/30  22:00:00,274.595202154,2.1887819456799997
 07/30  23:00:00,250.15080647599999,2.1887562393
 07/30  24:00:00,237.928608483,2.18873055745
 07/31  01:00:00,287.76980120900004,2.1895297830300002
 07/31  02:00:00,287.769801229,2.1895732137799997
 07/31  03:00:00,287.76980126,2.1896165335699997
 07/31  04:00:00,299.991999102,2.18965975813
 07/31  05:00:00,340.81449006599996,2.192010392
 07/31  06:00:00,732.172839718,4.66553722855
 07/31  07:00:00,866.443157743,6.98810749513
 07/31  08:00:00,1447.16468578,15.3783083306
 07/31  09:00:00,1416.65406127,13.193978686
 07/31  10:00:00,1356.82376587,17.5955489324
 07/31  11:00:00,1351.9164461,17.6466630852
 07/31  12:00:00,1302.45614704,22.1376475836
 07/31  13:00:00,1349.68885064,22.1130636102
 07/31  14:00:00,1347.01162519,13.1761210229
 07/31  15:00:00,1348.06590819,13.1726906947
 07/31  16:00:00,1397.08873924,17.6263873748
 07/31  17:00:00,1281.77998999,10.9508967431
 07/31  18:00:00,1095.09685859,8.74831876715
 07/31  19:00:00,1079.51350722,6.5525524727199995
 07/31  20:00:00,961.833786307,6.5574723241
 07/31  21:00:00,956.5205483469999,2.19203905409
 07/31  22:00:00,349.35675845099996,4.35911915065
 07/31  23:00:00,299.991999248,2.18947378838
 07/31  24:00:00,287.769801382,2.1895171289900004
 08/01  01:00:00,287.769800391,2.1895573385900002
 08/01  02:00:00,287.76980038700003,2.18959890628
 08/01  03:00:00,287.769800401,2.18964036597
 08/01  04:00:00,299.991998228,2.1896817333
 08/01  05:00:00,340.814488608,2.1920279145099997
 08/01  06:00:00,742.99323445,5.995976626469999
 08/01  07:00:00,850.3082340139999,9.03550517897
 08/01  08:00:00,1431.84522655,15.377362908699999
 08/01  09:00:00,1411.34848467,13.193731715699998
 08/01  10:00:00,1346.13313303,17.5951047049
 08/01  11:00:00,1347.09216998,17.6460292179
 08/01  12:00:00,1299.40018921,22.136576839099998
 08/01  13:00:00,1348.33215026,22.1147705061
 08/01  14:00:00,1346.28217211,13.175373403699998
 08/01  15:00:00,1345.98678258,13.1718754517
 08/01  16:00:00,1398.07998429,17.627347944500002
 08/01  17:00:00,1274.58875358,10.9501163566
 08/01  18:00:00,1072.5538045,8.74768837663
 08/01  19:00:00,1074.69018994,6.552076684279999
 08/01  20:00:00,968.8061229919999,6.5569727492
 08/01  21:00:00,954.498458665,2.52158016447
 08/01  22:00:00,349.356757549,2.18923135117
 08/01  23:00:00,299.99199829599996,2.18956997853
 08/01  24:00:00,287.769800482,2.18961135637
 08/02  01:00:00,287.769799572,2.1896510130799998
 08/02  02:00:00,287.76979955400003,4.3591217577
 08/02  03:00:00,287.76979950599997,2.18947094911
 08/02  04:00:00,299.991997271,2.1895108035099997
 08/02  05:00:00,340.814487188,2.1918520605
 08/02  06:00:00,517.840866695,23.1575464835
 08/02  07:00:00,839.9404641839999,26.476212834499997
 08/02  08:00:00,1433.29637865,13.3878350982
 08/02  09:00:00,1405.3566386,15.3906893787
 08/02  10:00:00,1349.11235379,15.3969263569
 08/02  11:00:00,1341.83726081,19.8522048395
 08/02  12:00:00,1285.38036238,22.1365822958
 08/02  13:00:00,1337.34985386,22.111520445
 08/02  14:00:00,1339.98069609,13.1734392734
 08/02  15:00:00,1337.01787017,13.1698767102
 08/02  16:00:00,1391.08179949,17.6271805351
 08/02  17:00:00,1281.61170887,10.9498218779
 08/02  18:00:00,1088.46035155,8.74861801724
 08/02  19:00:00,1068.83728834,4.3741280926199995
 08/02  20:00:00,948.5828383019999,8.735750233500001
 08/02  21:00:00,923.920102084,2.1919879674200002
 08/02  22:00:00,349.35675636699995,2.18962954442
 08/02  23:00:00,299.991997195,2.1895185289200003
 08/02  24:00:00,287.769799402,2.1895582113799996
 08/03  01:00:00,287.769798553,2.18959602934
 08/03  02:00:00,287.769798584,2.18963416219
 08/03  03:00:00,287.769798619,2.18967219137
 08/03  04:00:00,299.991996439,2.1894109779799997
 08/03  05:00:00,349.35815297,4.3638143234
 08/03  06:00:00,537.259498732,8.52775743739
 08/03  07:00:00,792.4012570310001,19.318624484100003
 08/03  08:00:00,1407.99801604,13.180034779200001
 08/03  09:00:00,1411.69406595,15.3909074385
 08/03  10:00:00,1361.32982389,15.3972183555
 08/03  11:00:00,1349.83741623,19.8505732726
 08/03  12:00:00,1301.25916619,22.137868658800002
 08/03  13:00:00,1348.90727467,22.112363241700002
 08/03  14:00:00,1349.23480606,13.1704006238
 08/03  15:00:00,1349.47819082,13.167662286199999
 08/03  16:00:00,1399.12055031,17.627680195499998
 08/03  17:00:00,1300.47974443,8.76475669859
 08/03  18:00:00,1120.63176326,8.74901245208
 08/03  19:00:00,1095.23681414,6.55228025847
 08/03  20:00:00,956.7925828460001,6.55729035599
 08/03  21:00:00,920.456341805,4.36377742054
 08/03  22:00:00,349.35675549300004,2.1895573163799997
 08/03  23:00:00,299.991996388,2.1895953020500003
 08/03  24:00:00,287.76979859799997,2.18963323569
 08/04  01:00:00,287.769797796,2.18966895757
 08/04  02:00:00,287.769797804,2.18940650523
 08/04  03:00:00,287.769797749,2.18944327714
 08/04  04:00:00,299.991995523,2.18947995353
 08/04  05:00:00,349.35815179400004,4.36366174557
 08/04  06:00:00,507.916782639,11.1742193147
 08/04  07:00:00,755.324946445,21.6792088815
 08/04  08:00:00,1404.3738985,13.2108204755
 08/04  09:00:00,1402.58916258,15.3919264248
 08/04  10:00:00,1370.11892251,15.3972593424
 08/04  11:00:00,1368.0724033,17.647065878299998
 08/04  12:00:00,1318.59627743,24.139057042199997
 08/04  13:00:00,1359.32111177,20.1094804683
 08/04  14:00:00,1351.16948568,13.1774015253
 08/04  15:00:00,1348.28673392,13.173681618
 08/04  16:00:00,1396.02497851,17.6268973559
 08/04  17:00:00,1301.51539207,10.9498666704
 08/04  18:00:00,1098.6184406,8.74858574987
 08/04  19:00:00,1059.79880514,6.55273401029
 08/04  20:00:00,921.7386415939999,6.557567837540001
 08/04  21:00:00,878.3083789230001,4.36378320822
 08/04  22:00:00,349.356754786,2.18947238855
 08/04  23:00:00,299.991995637,2.1895089302
 08/04  24:00:00,287.769797814,2.1895454173199997
 08/05  01:00:00,237.929069964,2.18957938634
 08/05  02:00:00,237.929069975,2.18961445402
 08/05  03:00:00,237.929069994,2.18964943629
 08/05  04:00:00,250.15126782099998,2.18968434504
 08/05  05:00:00,274.597059306,2.19201444537
 08/05  06:00:00,381.740260883,32.619323595
 08/05  07:00:00,556.711596586,36.1655407475
 08/05  08:00:00,988.875964074,22.6586828739
 08/05  09:00:00,989.767873238,14.2877158673
 08/05  10:00:00,964.1143809660001,10.448565311
 08/05  11:00:00,967.764187848,9.46192769537
 08/05  12:00:00,961.503038987,8.867230622160001
 08/05  13:00:00,951.229420144,6.56161046964
 08/05  14:00:00,700.943987308,6.55237003696
 08/05  15:00:00,701.6493671569999,6.54806393165
 08/05  16:00:00,749.918398457,4.3730297155
 08/05  17:00:00,709.375251547,4.36211518907
 08/05  18:00:00,620.178867889,2.19129332427
 08/05  19:00:00,551.75353608,2.1912329288
 08/05  20:00:00,515.115400169,4.36248500371
 08/05  21:00:00,299.041920628,4.36518923377
 08/05  22:00:00,274.59566345,2.1895003295599995
 08/05  23:00:00,250.151267811,2.18953535996
 08/05  24:00:00,237.929069995,2.1895703396400004
 08/06  01:00:00,237.92860368200002,0.02
 08/06  02:00:00,237.928603776,2.18878065273
 08/06  03:00:00,237.928603982,2.18874443738
 08/06  04:00:00,250.150801889,2.18870818403
 08/06  05:00:00,274.59659315,2.19115674661
 08/06  06:00:00,272.22198859,2.1888457691900003
 08/06  07:00:00,457.27921299900004,2.1888102784599996
 08/06  08:00:00,566.708307152,2.18887218277
 08/06  09:00:00,596.476687436,2.1884131557299997
 08/06  10:00:00,532.8236133940001,2.18884855746
 08/06  11:00:00,597.5910854809999,2.1904856924700002
 08/06  12:00:00,557.460263663,2.19048385938
 08/06  13:00:00,618.794357624,4.3657438405
 08/06  14:00:00,584.806852585,2.19044069095
 08/06  15:00:00,604.792680471,2.1888564132
 08/06  16:00:00,621.927897118,2.1888690384
 08/06  17:00:00,690.1277184830001,0.02
 08/06  18:00:00,662.493835142,2.18888165062
 08/06  19:00:00,662.7121031959999,2.1888453010499997
 08/06  20:00:00,592.887321199,2.1888579431
 08/06  21:00:00,299.040988667,2.19126304351
 08/06  22:00:00,274.595197363,2.18874879676
 08/06  23:00:00,250.15080186900002,2.18871237072
 08/06  24:00:00,237.928604067,2.1886759653400003
 08/07  01:00:00,287.769795646,2.1896525333700003
 08/07  02:00:00,287.769795668,2.18934668159
 08/07  03:00:00,287.769795608,2.18941897717
 08/07  04:00:00,299.991993373,2.18945151413
 08/07  05:00:00,349.35814793099996,2.19191516824
 08/07  06:00:00,702.5224572430001,4.5934774462400005
 08/07  07:00:00,858.9443054999999,6.6732842215199994
 08/07  08:00:00,1436.10034539,15.3729098325
 08/07  09:00:00,1389.31205391,15.390520851500002
 08/07  10:00:00,1334.48333157,15.3957190409
 08/07  11:00:00,1333.18906268,17.6449910172
 08/07  12:00:00,1281.35387545,22.1338900335
 08/07  13:00:00,1329.5923312,22.111181895799998
 08/07  14:00:00,1332.65731509,13.1733159181
 08/07  15:00:00,1340.60868606,13.169475415399999
 08/07  16:00:00,1395.0499604,17.6258469064
 08/07  17:00:00,1271.59816964,10.949068240199999
 08/07  18:00:00,1059.74987733,8.747945120910002
 08/07  19:00:00,1046.33630366,4.37462633021
 08/07  20:00:00,948.253163371,8.73543779534
 08/07  21:00:00,941.555435837,2.1918009545599997
 08/07  22:00:00,374.89263089699995,2.18959590907
 08/07  23:00:00,348.215001175,2.1896288576900003
 08/07  24:00:00,287.769795535,2.18965951955
 08/08  01:00:00,287.769794936,2.18939215632
 08/08  02:00:00,287.769794913,2.18942359261
 08/08  03:00:00,287.76979490400004,2.18945494281
 08/08  04:00:00,299.991992709,2.18948622029
 08/08  05:00:00,349.358147731,4.36378193998
 08/08  06:00:00,695.5425783710001,2.19125610143
 08/08  07:00:00,836.743503587,8.7413004126
 08/08  08:00:00,1429.79328507,13.178192933699998
 08/08  09:00:00,1389.59722656,15.3906913921
 08/08  10:00:00,1337.62940133,15.395663311600002
 08/08  11:00:00,1334.4942017,17.644595228900002
 08/08  12:00:00,1282.97471235,24.347529635300003
 08/08  13:00:00,1334.5223749000002,19.8992037764
 08/08  14:00:00,1338.64504765,13.176705828900001
 08/08  15:00:00,1334.95339563,13.172782984200001
 08/08  16:00:00,1393.10281422,17.6251709564
 08/08  17:00:00,1270.82146454,10.950282874100001
 08/08  18:00:00,1055.41407012,8.74771570707
 08/08  19:00:00,1034.20743944,6.5520700692
 08/08  20:00:00,945.6004851839999,6.557310351490001
 08/08  21:00:00,919.5282846000001,2.19185700213
 08/08  22:00:00,349.35675214400004,2.189631999
 08/08  23:00:00,299.991992898,2.18954239074
 08/08  24:00:00,287.76979508200003,2.18957349536
 08/09  01:00:00,287.769794492,2.18960349664
 08/09  02:00:00,287.7697945,2.1896335563599996
 08/09  03:00:00,287.769794493,4.35905921474
 08/09  04:00:00,299.99199226,2.1894259206599997
 08/09  05:00:00,349.35814594199996,2.1917427294599996
 08/09  06:00:00,492.04827052,2.46731069185
 08/09  07:00:00,777.518598945,9.38009458163
 08/09  08:00:00,1405.20734854,13.1805172605
 08/09  09:00:00,1395.87658749,15.3898253243
 08/09  10:00:00,1339.81601696,15.394678016199999
 08/09  11:00:00,1337.82878818,19.8491149768
 08/09  12:00:00,1289.48770615,22.1349570496
 08/09  13:00:00,1348.50096719,19.9001902977
 08/09  14:00:00,1349.62248023,15.3669545893
 08/09  15:00:00,1349.86407189,13.164414691
 08/09  16:00:00,1399.14772828,16.5369585593
 08/09  17:00:00,1278.87901751,9.843457775489998
 08/09  18:00:00,1078.61053452,8.74824444774
 08/09  19:00:00,1060.22502006,6.5516610131699995
 08/09  20:00:00,962.9705121589999,6.55620464199
 08/09  21:00:00,934.53878155,4.36369277502
 08/09  22:00:00,349.356751189,2.18965524022
 08/09  23:00:00,299.991992137,2.18938727662
 08/09  24:00:00,287.769794314,2.18941745074
 08/10  01:00:00,287.769793767,2.18944602813
 08/10  02:00:00,287.76979377099997,2.1894752161099995
 08/10  03:00:00,287.769793782,2.18950433778
 08/10  04:00:00,299.9919916,2.18953340197
 08/10  05:00:00,349.35814498400003,2.19169000534
 08/10  06:00:00,713.005404438,4.381001034730001
 08/10  07:00:00,828.701862184,6.67938138989
 08/10  08:00:00,1417.996933,15.3763025283
 08/10  09:00:00,1398.42152081,13.1920629032
 08/10  10:00:00,1344.29459747,15.3952133333
 08/10  11:00:00,1346.3684062999998,19.8498370376
 08/10  12:00:00,1295.72908931,22.1322588733
 08/10  13:00:00,1348.06128869,22.109174652300002
 08/10  14:00:00,1348.40435705,13.1703623368
 08/10  15:00:00,1348.9072787999999,13.1663867672
 08/10  16:00:00,1396.74041248,17.626197693800002
 08/10  17:00:00,1283.7314242999998,8.76410336848
 08/10  18:00:00,1094.91042509,8.74829188546
 08/10  19:00:00,1078.8002445999998,6.551725012
 08/10  20:00:00,952.364720783,6.55662077962
 08/10  21:00:00,924.171629068,4.36336827518
 08/10  22:00:00,349.35675080699997,2.18965084929
 08/10  23:00:00,299.991991715,2.18938205857
 08/10  24:00:00,287.76979386,2.18941123991
 08/11  01:00:00,287.769793339,2.18943909644
 08/11  02:00:00,287.769793326,2.18946737376
 08/11  03:00:00,287.769793323,2.18949558477
 08/11  04:00:00,299.99199113,2.1895237385799997
 08/11  05:00:00,349.358144612,2.19197655646
 08/11  06:00:00,723.9037160319999,4.925710683
 08/11  07:00:00,842.798380821,10.562878527999999
 08/11  08:00:00,1399.41948279,15.3724093742
 08/11  09:00:00,1373.13877822,15.389993714200001
 08/11  10:00:00,1359.6898277999999,15.3949417695
 08/11  11:00:00,1364.31566507,17.643682532
 08/11  12:00:00,1309.83754275,22.1346947225
 08/11  13:00:00,1372.83796287,22.108478811799998
 08/11  14:00:00,1376.40936004,13.1717331299
 08/11  15:00:00,1376.91352444,13.1677335732
 08/11  16:00:00,1431.61883923,17.625511085
 08/11  17:00:00,1315.09190096,10.948816993
 08/11  18:00:00,1115.01075966,6.566456295469999
 08/11  19:00:00,1073.19343311,6.55233671639
 08/11  20:00:00,945.94011205,6.80419733997
 08/11  21:00:00,913.906550711,17.6412053524
 08/11  22:00:00,349.356750319,2.1895518970400003
 08/11  23:00:00,299.99199121,2.1895799338999997
 08/11  24:00:00,287.76979341099997,2.18960793439
 08/12  01:00:00,237.92906591099998,2.1896347479900005
 08/12  02:00:00,237.929065926,2.18966194431
 08/12  03:00:00,237.9290659,2.18939178399
 08/12  04:00:00,250.15126366299998,2.189419248
 08/12  05:00:00,274.597053466,4.3634846399
 08/12  06:00:00,718.74319413,29.8856503381
 08/12  07:00:00,751.373006345,32.0289855014
 08/12  08:00:00,1018.81142924,17.6794546683
 08/12  09:00:00,1002.56235181,13.3948326318
 08/12  10:00:00,975.8283432439999,7.642264198310001
 08/12  11:00:00,975.733922822,9.11002314227
 08/12  12:00:00,969.092121487,8.76136109089
 08/12  13:00:00,961.476645185,8.74179918083
 08/12  14:00:00,711.8010519410001,4.37467820809
 08/12  15:00:00,713.782183574,6.547987149069999
 08/12  16:00:00,763.938780776,4.37288346746
 08/12  17:00:00,726.26317484,4.3623614644
 08/12  18:00:00,563.261264129,2.1912021920599996
 08/12  19:00:00,604.379520389,4.36247966258
 08/12  20:00:00,314.94171298599997,2.19091358417
 08/12  21:00:00,299.041913751,4.36522066247
 08/12  22:00:00,274.59565927299997,2.18947534158
 08/12  23:00:00,250.15126366,2.18950263658
 08/12  24:00:00,237.929065857,2.1895298959000002
 08/13  01:00:00,237.928600834,2.18879005999
 08/13  02:00:00,237.928600636,0.02
 08/13  03:00:00,237.928600769,2.18874711618
 08/13  04:00:00,250.15079879599998,2.18870415948
 08/13  05:00:00,274.596588312,2.19097666563
 08/13  06:00:00,280.7656521,2.18882734377
 08/13  07:00:00,477.469036095,2.18886655247
 08/13  08:00:00,567.965693365,2.18884010557
 08/13  09:00:00,604.7055378690001,2.18884601131
 08/13  10:00:00,532.397453554,2.1888518937
 08/13  11:00:00,587.2021200290001,2.19046080646
 08/13  12:00:00,539.215762426,2.190451919
 08/13  13:00:00,604.7268483319999,4.36570041904
 08/13  14:00:00,578.693319576,2.19045689539
 08/13  15:00:00,611.33001189,2.18886587803
 08/13  16:00:00,631.016035439,2.18882293346
 08/13  17:00:00,696.9063342139999,0.02
 08/13  18:00:00,633.953934252,2.18882879953
 08/13  19:00:00,435.54233321099997,2.18886697246
 08/13  20:00:00,380.174348124,2.1888644134099997
 08/13  21:00:00,299.04098355,2.19117165935
 08/13  22:00:00,274.595194398,2.18886418613
 08/13  23:00:00,250.1507989,2.188821118
 08/13  24:00:00,237.928601103,2.1887780535799997
 08/14  01:00:00,287.76979225400004,2.1894473215
 08/14  02:00:00,287.769792225,2.18947335088
 08/14  03:00:00,287.76979221,2.18949932369
 08/14  04:00:00,299.991990007,2.18952524719
 08/14  05:00:00,349.358142806,2.19197235682
 08/14  06:00:00,543.105557227,18.101288248499998
 08/14  07:00:00,783.852191271,23.6908871387
 08/14  08:00:00,1411.3131435999999,15.384671568
 08/14  09:00:00,1408.45613198,15.3894566556
 08/14  10:00:00,1349.91774104,15.394281056199999
 08/14  11:00:00,1344.9900385,17.642713616600002
 08/14  12:00:00,1292.8617154,22.1331130994
 08/14  13:00:00,1338.78310298,22.1082489044
 08/14  14:00:00,1338.99731587,13.1706961885
 08/14  15:00:00,1340.39878146,13.1666131091
 08/14  16:00:00,1390.60205395,17.6261546352
 08/14  17:00:00,1273.99851387,8.7640452725
 08/14  18:00:00,1074.89180931,8.748269450010001
 08/14  19:00:00,1059.48146178,6.55170094467
 08/14  20:00:00,961.027999488,6.55671480445
 08/14  21:00:00,911.119990782,4.36333739299
 08/14  22:00:00,349.35674914300006,2.18963481615
 08/14  23:00:00,299.991990059,2.18966053176
 08/14  24:00:00,287.769792228,2.18938916909
 08/15  01:00:00,287.7697919,2.18941442845
 08/15  02:00:00,287.769791881,2.1894399270099996
 08/15  03:00:00,287.769791873,2.18946537407
 08/15  04:00:00,299.991989675,2.18949077573
 08/15  05:00:00,349.358142185,2.1919363388
 08/15  06:00:00,554.82274349,7.41946356506
 08/15  07:00:00,805.0263350089999,13.3973381549
 08/15  08:00:00,1408.86533581,15.373597151099998
 08/15  09:00:00,1391.31199002,13.192900886199999
 08/15  10:00:00,1340.14357204,17.5928891431
 08/15  11:00:00,1341.20712549,17.6421583963
 08/15  12:00:00,1288.26448238,22.1323150392
 08/15  13:00:00,1339.41601023,22.108859717399998
 08/15  14:00:00,1339.68149579,13.1702088898
 08/15  15:00:00,1336.92850533,13.166099917999999
 08/15  16:00:00,1381.16585237,17.6254044971
 08/15  17:00:00,1259.95203681,8.763746301360001
 08/15  18:00:00,1054.81921045,8.7479082126
 08/15  19:00:00,1051.5236751,6.55143156407
 08/15  20:00:00,954.9530089210001,6.556438732969999
 08/15  21:00:00,928.306420211,4.3640679775
 08/15  22:00:00,349.35674871,2.18954421848
 08/15  23:00:00,299.991989645,2.18956947681
 08/15  24:00:00,287.769791877,2.18959470876
 08/16  01:00:00,287.769791663,2.1896192118799997
 08/16  02:00:00,287.76979169099997,2.1896439820099998
 08/16  03:00:00,287.76979171,2.1893717848299996
 08/16  04:00:00,299.991989471,2.18939685
 08/16  05:00:00,349.358141534,2.19184104664
 08/16  06:00:00,551.125132947,5.3214640038
 08/16  07:00:00,790.826328817,9.22169940862
 08/16  08:00:00,1388.30574062,15.374774808699998
 08/16  09:00:00,1390.81993277,13.1922039719
 08/16  10:00:00,1340.01035455,15.3951348991
 08/16  11:00:00,1339.11426248,19.8492394726
 08/16  12:00:00,1287.09621925,22.130938663400002
 08/16  13:00:00,1342.94530711,22.1074637842
 08/16  14:00:00,1347.55558232,13.1693892768
 08/16  15:00:00,1349.17590031,13.1652530854
 08/16  16:00:00,1398.82411086,17.624216827799998
 08/16  17:00:00,1281.52554671,8.76317606415
 08/16  18:00:00,1085.25291173,8.7473364867
 08/16  19:00:00,1065.69576892,6.551006170830001
 08/16  20:00:00,974.0129266819999,6.55569673454
 08/16  21:00:00,957.477684944,4.363783784180001
 08/16  22:00:00,349.35674849199995,2.1894029339400003
 08/16  23:00:00,299.99198939,2.1894279123500002
 08/16  24:00:00,287.769791594,2.1894528598700003
 08/17  01:00:00,287.76979141,2.18947721868
 08/17  02:00:00,357.107517294,2.1896509937
 08/17  03:00:00,287.769791428,2.1895262166599996
 08/17  04:00:00,299.99198925,2.18955070347
 08/17  05:00:00,349.35814119099996,2.19169641356
 08/17  06:00:00,756.8914525910001,4.63125627145
 08/17  07:00:00,862.780740159,6.561418997690001
 08/17  08:00:00,1421.83018107,15.375597235399999
 08/17  09:00:00,1395.96062222,13.191226735299999
 08/17  10:00:00,1356.05119798,15.3939983222
 08/17  11:00:00,1374.16214569,19.8477521918
 08/17  12:00:00,1326.49685166,22.1323264394
 08/17  13:00:00,1371.15290424,21.113450706600002
 08/17  14:00:00,1365.75227636,14.1562905331
 08/17  15:00:00,1353.65252836,13.165125138699999
 08/17  16:00:00,1395.93990206,15.753142184000001
 08/17  17:00:00,1279.9264644000002,10.621277429500001
 08/17  18:00:00,1083.70913019,8.74782925049
 08/17  19:00:00,1081.62778215,6.552168156869999
 08/17  20:00:00,981.744528384,7.060397258160001
 08/17  21:00:00,921.005213825,12.9574342651
 08/17  22:00:00,349.356748221,2.18953388357
 08/17  23:00:00,299.991989173,2.18955832208
 08/17  24:00:00,287.769791418,2.1895827377400003
 08/18  01:00:00,287.76979131400003,2.1896066746900003
 08/18  02:00:00,287.769791349,2.18963079894
 08/18  03:00:00,287.769791379,2.18965489057
 08/18  04:00:00,299.991989166,2.18938217017
 08/18  05:00:00,349.358140822,2.19198218527
 08/18  06:00:00,489.915864315,23.5599001322
 08/18  07:00:00,735.88209975,21.774172296
 08/18  08:00:00,1394.6342367,13.5193625786
 08/18  09:00:00,1372.50393466,15.413575491700001
 08/18  10:00:00,1326.12926271,15.4201236407
 08/18  11:00:00,1341.3553612,19.8486042548
 08/18  12:00:00,1317.18982606,22.1334553553
 08/18  13:00:00,1357.09516945,19.8983605496
 08/18  14:00:00,1351.38320816,15.369477870799999
 08/18  15:00:00,1348.29470071,13.1058079179
 08/18  16:00:00,1396.03637189,15.480468146300002
 08/18  17:00:00,1281.83321261,10.949530194300001
 08/18  18:00:00,1097.16524347,8.74819034881
 08/18  19:00:00,1090.36910495,6.552402796009999
 08/18  20:00:00,993.608836127,6.5570795120800005
 08/18  21:00:00,948.979384852,4.16622755365
 08/18  22:00:00,349.35674848599996,2.18961232162
 08/18  23:00:00,299.99198930299997,2.18963494538
 08/18  24:00:00,287.769791468,4.35904534945
 08/19  01:00:00,237.92906425799998,2.18941040841
 08/19  02:00:00,237.929064224,2.18943460046
 08/19  03:00:00,237.929064203,2.18945875346
 08/19  04:00:00,250.151261996,2.18948287059
 08/19  05:00:00,274.597050202,2.19178470592
 08/19  06:00:00,731.87381346,25.3390031696
 08/19  07:00:00,736.047930605,31.8167125736
 08/19  08:00:00,990.412569553,14.9101265279
 08/19  09:00:00,978.687449552,12.455635181500002
 08/19  10:00:00,967.6263555869999,9.3301006919
 08/19  11:00:00,977.015227249,8.80047659228
 08/19  12:00:00,973.07843924,8.74409966489
 08/19  13:00:00,968.94067842,6.560915337509999
 08/19  14:00:00,720.509369775,6.5518396734
 08/19  15:00:00,732.28869196,4.37113373209
 08/19  16:00:00,770.542193257,6.5490992425900005
 08/19  17:00:00,719.559625185,2.19110684121
 08/19  18:00:00,347.02271474699995,4.36240730775
 08/19  19:00:00,295.670640742,2.19125639002
 08/19  20:00:00,323.48537745,2.19090173768
 08/19  21:00:00,299.04191018299997,4.36526680734
 08/19  22:00:00,274.595657565,2.18936910007
 08/19  23:00:00,250.15126194099997,2.18939331727
 08/19  24:00:00,237.92906413,2.18941750105
 08/20  01:00:00,237.92859993599998,2.18883425108
 08/20  02:00:00,237.92859996,2.1887888007900003
 08/20  03:00:00,237.928599868,2.1887433614
 08/20  04:00:00,250.150797451,2.1886979387200003
 08/20  05:00:00,274.596586074,2.1911911054799997
 08/20  06:00:00,280.76565111900004,2.18881526972
 08/20  07:00:00,420.75156485400004,2.18881908702
 08/20  08:00:00,560.022070274,0.02
 08/20  09:00:00,610.378099476,2.18882250298
 08/20  10:00:00,530.732804396,2.18882592262
 08/20  11:00:00,588.331624997,2.19044311528
 08/20  12:00:00,583.148963387,2.19043209157
 08/20  13:00:00,619.908371393,4.36561160727
 08/20  14:00:00,598.912317747,2.19042903755
 08/20  15:00:00,635.727536256,2.18882469356
 08/20  16:00:00,646.674316925,2.1888281267
 08/20  17:00:00,680.342082462,2.18883155557
 08/20  18:00:00,644.065799622,2.18883498419
 08/20  19:00:00,272.221984309,2.18873977086
 08/20  20:00:00,323.483984177,0.02
 08/20  21:00:00,299.040982042,4.36203342333
 08/20  22:00:00,274.595193149,2.18880938272
 08/20  23:00:00,250.15079732400002,0.02
 08/20  24:00:00,237.92859963900003,2.18876392583
 08/21  01:00:00,287.769791182,2.18956997384
 08/21  02:00:00,287.769791206,2.18959386458
 08/21  03:00:00,287.769791229,2.18961772966
 08/21  04:00:00,299.991989054,2.18964156879
 08/21  05:00:00,349.358141285,4.3635941132
 08/21  06:00:00,605.71801473,14.495632868900001
 08/21  07:00:00,785.195024744,24.4403914906
 08/21  08:00:00,1415.68777356,13.1780116117
 08/21  09:00:00,1419.45374616,15.390029761
 08/21  10:00:00,1360.27050772,15.3945860109
 08/21  11:00:00,1351.54320117,17.6426437861
 08/21  12:00:00,1301.65246806,22.132911119699997
 08/21  13:00:00,1347.36216276,22.1096086569
 08/21  14:00:00,1346.62951128,13.1741854911
 08/21  15:00:00,1346.98243847,13.170022740799999
 08/21  16:00:00,1396.2951886,17.6256376569
 08/21  17:00:00,1280.78941205,10.949029212000001
 08/21  18:00:00,1084.70435666,8.747829543080002
 08/21  19:00:00,1073.85679332,4.374563476630001
 08/21  20:00:00,960.286599183,8.73527034046
 08/21  21:00:00,904.633991942,2.1917496889400003
 08/21  22:00:00,349.356747994,2.18954811319
 08/21  23:00:00,299.991988856,2.1895710919
 08/21  24:00:00,287.769791108,2.18959496618
 08/22  01:00:00,287.769791209,2.1896189485799997
 08/22  02:00:00,287.769791247,2.18964286993
 08/22  03:00:00,287.769791272,2.18936998532
 08/22  04:00:00,299.991989047,2.18939423032
 08/22  05:00:00,349.358141739,4.36400979433
 08/22  06:00:00,515.730524956,6.8425005035
 08/22  07:00:00,755.041220899,17.980212869200003
 08/22  08:00:00,1390.83279877,13.17843057
 08/22  09:00:00,1401.42595516,15.390366598
 08/22  10:00:00,1344.82817127,15.3949712401
 08/22  11:00:00,1334.77372537,17.643191261400002
 08/22  12:00:00,1281.64853968,22.130461668200002
 08/22  13:00:00,1324.88121609,22.107778705900003
 08/22  14:00:00,1314.62501125,13.1727515752
 08/22  15:00:00,1316.62748659,13.1685678489
 08/22  16:00:00,1365.64620957,17.623773893699997
 08/22  17:00:00,1249.08223038,10.9492841124
 08/22  18:00:00,1055.58162381,6.56555729208
 08/22  19:00:00,1054.41679546,6.552587143589999
 08/22  20:00:00,928.9282790010001,6.55695094806
 08/22  21:00:00,881.11390154,4.3639126823500005
 08/22  22:00:00,349.356748155,2.18962400279
 08/22  23:00:00,299.991989077,2.1896479370299997
 08/22  24:00:00,287.76979128,2.18937507256
 08/23  01:00:00,287.769791353,2.18939956694
 08/23  02:00:00,287.769791334,2.18942395411
 08/23  03:00:00,287.769791325,2.18944831441
 08/23  04:00:00,299.99198912599996,2.18947264771
 08/23  05:00:00,349.35814157699997,4.36357309621
 08/23  06:00:00,401.787401073,5.75947762961
 08/23  07:00:00,733.9549225669999,13.225864868299999
 08/23  08:00:00,1392.02071938,15.3690654842
 08/23  09:00:00,1397.37909826,15.389347340399999
 08/23  10:00:00,1348.98076184,15.3955511438
 08/23  11:00:00,1341.00855479,17.6439774374
 08/23  12:00:00,1291.28131159,22.1343079721
 08/23  13:00:00,1339.04388271,22.1078765154
 08/23  14:00:00,1338.94723563,13.1714154519
 08/23  15:00:00,1339.77301432,13.1672733201
 08/23  16:00:00,1388.42530259,17.6244786276
 08/23  17:00:00,1274.97804034,10.9482230154
 08/23  18:00:00,1078.60200307,6.566073069700001
 08/23  19:00:00,1072.61431604,6.551955012560001
 08/23  20:00:00,961.98557781,6.556789222330001
 08/23  21:00:00,919.581524052,4.363497558590001
 08/23  22:00:00,349.35674834300005,2.18941731908
 08/23  23:00:00,299.9919892,2.18944171962
 08/23  24:00:00,287.769791374,2.18946608441
 08/24  01:00:00,287.769791518,2.1894908206
 08/24  02:00:00,287.769791514,2.18951537822
 08/24  03:00:00,287.769791517,2.18953991366
 08/24  04:00:00,299.991989326,2.18956442548
 08/24  05:00:00,349.35814184699996,2.75514910917
 08/24  06:00:00,399.441136458,13.5146989531
 08/24  07:00:00,627.646950491,20.9465894127
 08/24  08:00:00,1365.15341479,15.4121916713
 08/24  09:00:00,1374.42036463,15.3894143644
 08/24  10:00:00,1346.70923043,15.3941595801
 08/24  11:00:00,1356.6891031999999,17.6424444902
 08/24  12:00:00,1316.33740071,22.1325703786
 08/24  13:00:00,1351.62280727,22.109022249499997
 08/24  14:00:00,1346.74863599,13.170311328599999
 08/24  15:00:00,1342.9755032,13.1670819105
 08/24  16:00:00,1390.02776026,17.6254206246
 08/24  17:00:00,1279.41783382,8.76375984867
 08/24  18:00:00,1095.55389437,8.74850023868
 08/24  19:00:00,1068.10733829,6.551434674809999
 08/24  20:00:00,898.8008165389999,6.55579920056
 08/24  21:00:00,829.836524727,4.5519061638
 08/24  22:00:00,349.35674833,2.1895434102
 08/24  23:00:00,299.99198926,2.18956792205
 08/24  24:00:00,287.769791489,2.1895924081700002
 08/25  01:00:00,287.769791722,2.18961745883
 08/25  02:00:00,287.769791747,2.18964223527
 08/25  03:00:00,287.769791768,2.18920199134
 08/25  04:00:00,299.991989527,2.1893951290099998
 08/25  05:00:00,349.35814161400003,2.19183933614
 08/25  06:00:00,513.985191337,27.3579815263
 08/25  07:00:00,656.167277865,31.1502189513
 08/25  08:00:00,1311.42042579,16.4616059093
 08/25  09:00:00,1358.11915857,13.3612679564
 08/25  10:00:00,1343.04869647,15.3951504757
 08/25  11:00:00,1368.33162458,19.8492703718
 08/25  12:00:00,1313.64759886,22.1309877697
 08/25  13:00:00,1351.34428143,22.1075215616
 08/25  14:00:00,1348.94442318,13.1694225411
 08/25  15:00:00,1348.7513789999998,13.1671037827
 08/25  16:00:00,1395.61252912,17.6242703499
 08/25  17:00:00,1284.83421329,8.76320092535
 08/25  18:00:00,1112.22635419,8.747361965389999
 08/25  19:00:00,1071.50168714,6.5510253049900005
 08/25  20:00:00,939.3897300110001,6.5558703644400005
 08/25  21:00:00,842.236410436,6.389703441109999
 08/25  22:00:00,349.356748537,2.18940993363
 08/25  23:00:00,299.99198943700003,2.18943499732
 08/25  24:00:00,287.769791643,2.1894600304
 08/26  01:00:00,237.929064842,2.1894857674900003
 08/26  02:00:00,237.929064855,2.1895111676
 08/26  03:00:00,237.92906487,2.1895365517400003
 08/26  04:00:00,250.15126268900002,2.18956191655
 08/26  05:00:00,274.597051387,2.19170968161
 08/26  06:00:00,467.08635206099996,47.3271929648
 08/26  07:00:00,539.523783825,40.9356911391
 08/26  08:00:00,922.3129473060001,27.9812092729
 08/26  09:00:00,958.3122649630001,21.8921303577
 08/26  10:00:00,933.253354752,15.398737306500001
 08/26  11:00:00,939.4800594430001,11.816131484300001
 08/26  12:00:00,945.40348746,10.1470450387
 08/26  13:00:00,969.249188798,7.49835878748
 08/26  14:00:00,731.423489182,8.875313251760002
 08/26  15:00:00,729.590355861,6.54752955377
 08/26  16:00:00,780.40103877,4.373389830280001
 08/26  17:00:00,740.581937655,6.35019522921
 08/26  18:00:00,641.515427899,2.19124482396
 08/26  19:00:00,577.365014878,2.1912552851599996
 08/26  20:00:00,323.485378989,4.36233704573
 08/26  21:00:00,299.041911549,2.1924523631099997
 08/26  22:00:00,274.595658356,2.18951773186
 08/26  23:00:00,250.15126275400002,2.1895431554
 08/26  24:00:00,237.92906496,2.1895685471400004
 08/27  01:00:00,237.928600572,2.1887945576
 08/27  02:00:00,237.92860078799998,2.1887509201700004
 08/27  03:00:00,237.92860090000002,2.18870732336
 08/27  04:00:00,250.15079870099999,2.1886637654700003
 08/27  05:00:00,274.596587487,2.19124986307
 08/27  06:00:00,289.309318752,2.1887850853099997
 08/27  07:00:00,338.538557089,2.18882377043
 08/27  08:00:00,544.876230949,2.18884557092
 08/27  09:00:00,597.78905338,2.18881821172
 08/27  10:00:00,517.717923791,0.02
 08/27  11:00:00,522.252633526,4.36086037812
 08/27  12:00:00,570.394526562,2.19040469283
 08/27  13:00:00,612.042381219,2.19286218644
 08/27  14:00:00,588.122867051,4.3608300384
 08/27  15:00:00,627.706028261,0.35946065439
 08/27  16:00:00,629.814240145,1.8491633979799997
 08/27  17:00:00,696.142826124,2.18882480993
 08/27  18:00:00,670.461252403,2.1888301998400004
 08/27  19:00:00,677.718938841,2.1888355821400003
 08/27  20:00:00,392.866477182,2.1886932845500002
 08/27  21:00:00,299.040982954,2.19103434939
 08/27  22:00:00,274.595194238,2.18881458663
 08/27  23:00:00,250.15079854299998,2.18877102746
 08/27  24:00:00,237.928600526,2.1887274857700003
 08/28  01:00:00,287.769792575,2.1895028048
 08/28  02:00:00,287.769792594,2.18952940452
 08/28  03:00:00,287.76979261400004,2.1895559917
 08/28  04:00:00,299.991990437,2.18958256166
 08/28  05:00:00,349.35814290400003,2.19189101181
 08/28  06:00:00,521.820431314,32.8558938587
 08/28  07:00:00,795.732669142,26.8747387516
 08/28  08:00:00,1396.34564796,13.341880881500002
 08/28  09:00:00,1393.1660943,15.3881015469
 08/28  10:00:00,1364.09240916,15.394855087
 08/28  11:00:00,1358.92300074,19.8489439947
 08/28  12:00:00,1305.52953833,22.1342269398
 08/28  13:00:00,1348.13343284,19.8992545321
 08/28  14:00:00,1345.00193463,15.368141021400001
 08/28  15:00:00,1345.33135423,13.164617751600002
 08/28  16:00:00,1394.67713718,15.423120431700001
 08/28  17:00:00,1280.87201765,10.950217804700001
 08/28  18:00:00,1084.33955235,8.748757405060001
 08/28  19:00:00,1089.68498673,6.552010567590001
 08/28  20:00:00,954.648882555,6.55754464112
 08/28  21:00:00,894.2592852439999,4.40551550536
 08/28  22:00:00,349.356749455,2.18948446811
 08/28  23:00:00,299.99199037200003,2.18951115663
 08/28  24:00:00,287.769792592,2.18953781448
 08/29  01:00:00,287.769793018,2.18956571457
 08/29  02:00:00,287.76979303900004,2.18959299067
 08/29  03:00:00,287.769793062,2.1896202560599995
 08/29  04:00:00,299.991990887,2.18964750535
 08/29  05:00:00,349.358143534,2.19195805656
 08/29  06:00:00,410.392920781,32.3387279941
 08/29  07:00:00,630.4390850999999,28.9753706601
 08/29  08:00:00,1363.9480604,13.4060276019
 08/29  09:00:00,1372.26130738,15.388736805499999
 08/29  10:00:00,1336.89460379,15.3955440887
 08/29  11:00:00,1338.73233808,19.8482888913
 08/29  12:00:00,1288.20579622,22.1354379824
 08/29  13:00:00,1339.14001833,19.9003932064
 08/29  14:00:00,1340.34315238,15.3635347556
 08/29  15:00:00,1338.24093298,13.1644924922
 08/29  16:00:00,1387.36453609,17.623478293599998
 08/29  17:00:00,1273.76550295,8.76422421916
 08/29  18:00:00,1067.66395071,8.748133464450001
 08/29  19:00:00,1069.98090651,6.5515727297
 08/29  20:00:00,964.208162008,6.5570162187
 08/29  21:00:00,904.358012516,4.36361882866
 08/29  22:00:00,349.3567498,2.18961819296
 08/29  23:00:00,299.991990763,2.18964546608
 08/29  24:00:00,287.769793014,2.18907644891
 08/30  01:00:00,287.769793436,2.18940415388
 08/30  02:00:00,287.769793419,2.18943247162
 08/30  03:00:00,287.769793414,2.18946077584
 08/30  04:00:00,299.991991219,2.18948906151
 08/30  05:00:00,349.358144405,2.1916433303
 08/30  06:00:00,491.703953934,21.411657450899998
 08/30  07:00:00,673.066719573,25.960449617
 08/30  08:00:00,1219.57741884,14.7943246953
 08/30  09:00:00,1263.96451309,14.1538002393
 08/30  10:00:00,1278.60964602,15.3946751327
 08/30  11:00:00,1316.1441851,19.8490656925
 08/30  12:00:00,1292.61438712,22.1328722959
 08/30  13:00:00,1346.12480386,22.1081289832
 08/30  14:00:00,1345.45056536,13.169751834300001
 08/30  15:00:00,1346.39554443,13.165742388800002
 08/30  16:00:00,1404.14345435,17.6252519891
 08/30  17:00:00,1297.77770244,8.76365212151
 08/30  18:00:00,1099.23970838,8.74783682876
 08/30  19:00:00,1091.36663352,6.552227787810001
 08/30  20:00:00,962.373920929,6.556271452280001
 08/30  21:00:00,916.97732999,4.6340247512
 08/30  22:00:00,349.356750248,2.1895366995299996
 08/30  23:00:00,299.991991184,2.1895649295900004
 08/30  24:00:00,287.769793419,2.18959312918
 08/31  01:00:00,287.769793954,2.1896227431599997
 08/31  02:00:00,287.769793985,2.18965172085
 08/31  03:00:00,287.769794002,2.18938304824
 08/31  04:00:00,299.99199175900003,2.1894123858400003
 08/31  05:00:00,349.358145229,2.19186740363
 08/31  06:00:00,420.99161305900003,38.1607600196
 08/31  07:00:00,564.7553922530001,36.7896834557
 08/31  08:00:00,1362.26559217,16.999461693900003
 08/31  09:00:00,1353.3643349000001,13.3204099009
 08/31  10:00:00,1321.49140508,17.593599748800003
 08/31  11:00:00,1333.54174116,17.6432699007
 08/31  12:00:00,1281.04701541,22.1343363631
 08/31  13:00:00,1330.89923074,22.108267528200003
 08/31  14:00:00,1328.92807286,13.172534293900002
 08/31  15:00:00,1332.43139651,13.1685282641
 08/31  16:00:00,1386.74659167,17.6254922533
 08/31  17:00:00,1272.28143656,10.9488002177
 08/31  18:00:00,1077.13994671,6.566452636139999
 08/31  19:00:00,1077.64617111,6.552342364459999
 08/31  20:00:00,924.103513097,6.55746089538
 08/31  21:00:00,845.955077829,4.5150698907899995
 08/31  22:00:00,349.356750846,2.1895540989
 08/31  23:00:00,299.991991757,2.18958326659
 08/31  24:00:00,287.769793973,2.18961239885
 09/01  01:00:00,287.769794543,2.1896429320400004
 09/01  02:00:00,287.769794565,2.1896729117
 09/01  03:00:00,287.769794526,2.18940512449
 09/01  04:00:00,299.991992293,2.18943546092
 09/01  05:00:00,349.358146586,4.36353405672
 09/01  06:00:00,423.42378022800006,33.9131240639
 09/01  07:00:00,695.097794986,27.6968843211
 09/01  08:00:00,1364.22543447,15.8766800712
 09/01  09:00:00,1385.22870575,15.3899952042
 09/01  10:00:00,1338.49809591,15.3949839601
 09/01  11:00:00,1339.4194538,17.6438283198
 09/01  12:00:00,1291.8777605,22.132216305
 09/01  13:00:00,1349.48802936,22.1095192836
 09/01  14:00:00,1351.73689481,13.174096958800002
 09/01  15:00:00,1352.4073752999998,13.1701759026
 09/01  16:00:00,1401.02392685,17.626530353299998
 09/01  17:00:00,1277.20243686,10.9495166556
 09/01  18:00:00,1081.51900821,8.74886624907
 09/01  19:00:00,1077.04071856,4.37395822355
 09/01  20:00:00,953.709320917,8.73543855445
 09/01  21:00:00,915.93268741,2.19187795184
 09/01  22:00:00,349.35675135199995,2.1896732269
 09/01  23:00:00,299.991992245,2.18940470349
 09/01  24:00:00,287.769794435,2.18943509446
 09/02  01:00:00,237.929067967,2.18946668313
 09/02  02:00:00,237.929067975,2.18949797883
 09/02  03:00:00,237.92906799,2.1895292725999997
 09/02  04:00:00,250.15126581099997,2.18956055529
 09/02  05:00:00,274.597057155,4.36347411518
 09/02  06:00:00,719.9290298469999,3.3634768592900004
 09/02  07:00:00,701.180853457,13.348416916400001
 09/02  08:00:00,965.9879707939999,10.1693080085
 09/02  09:00:00,948.348029757,9.14066703451
 09/02  10:00:00,914.1418294580001,6.82907150364
 09/02  11:00:00,928.206434681,10.6696572795
 09/02  12:00:00,945.143230379,6.5635561477
 09/02  13:00:00,954.5181368189999,8.742049474489999
 09/02  14:00:00,701.317859135,6.552360838019999
 09/02  15:00:00,683.632497545,4.37140317382
 09/02  16:00:00,699.5183601460001,14.5913118299
 09/02  17:00:00,652.845305017,21.7059274815
 09/02  18:00:00,296.66777867900004,4.36216320106
 09/02  19:00:00,289.310716191,2.19126729864
 09/02  20:00:00,323.48538247700003,2.19112211538
 09/02  21:00:00,299.041917599,4.365447983309999
 09/02  22:00:00,274.59566131,2.1894989948299997
 09/02  23:00:00,250.151265733,2.18953038525
 09/02  24:00:00,237.92906796,2.18956173845
 09/03  01:00:00,237.928603606,2.18868601969
 09/03  02:00:00,237.92860361400002,2.1886484460499998
 09/03  03:00:00,237.928603443,2.18885631267
 09/03  04:00:00,250.150800988,0.02
 09/03  05:00:00,274.596592488,4.36231599847
 09/03  06:00:00,297.852988015,2.1887056981799997
 09/03  07:00:00,296.66638341099997,2.1886682335099996
 09/03  08:00:00,296.666383382,0.02
 09/03  09:00:00,259.99979025,2.18887614221
 09/03  10:00:00,211.11099917099997,2.18883867777
 09/03  11:00:00,211.11192933200002,2.19037411416
 09/03  12:00:00,211.111929638,2.19037122311
 09/03  13:00:00,211.113324965,4.36533256808
 09/03  14:00:00,211.111929462,2.1902540954400003
 09/03  15:00:00,211.11099908900002,2.1886440948700003
 09/03  16:00:00,259.999790432,2.18885218375
 09/03  17:00:00,296.666383853,2.18881476594
 09/03  18:00:00,296.666383758,2.18877736102
 09/03  19:00:00,297.852987941,2.1887399732299997
 09/03  20:00:00,323.48398781599997,0.02
 09/03  21:00:00,299.04098839799997,4.36208440317
 09/03  22:00:00,274.595196793,2.18883545333
 09/03  23:00:00,250.150800968,0.02
 09/03  24:00:00,237.92860325700002,2.18879803024
 09/04  01:00:00,237.92860403900002,2.1887617498
 09/04  02:00:00,237.928604159,2.18872533286
 09/04  03:00:00,237.928604167,2.18868900158
 09/04  04:00:00,250.150801859,2.18865274208
 09/04  05:00:00,274.596593169,2.19101293889
 09/04  06:00:00,297.85298870599996,2.1887902919999997
 09/04  07:00:00,296.666384232,2.1887540420400002
 09/04  08:00:00,296.666384071,2.18884118989
 09/04  09:00:00,259.999790508,0.02
 09/04  10:00:00,211.11099953299998,2.18868161583
 09/04  11:00:00,284.26817842400004,2.19036118551
 09/04  12:00:00,455.832575124,4.3607890530599995
 09/04  13:00:00,502.522152289,2.1929002695900004
 09/04  14:00:00,457.119435786,4.36091950595
 09/04  15:00:00,493.06186188199996,0.02
 09/04  16:00:00,521.5401229380001,2.1888287860499998
 09/04  17:00:00,609.755102576,2.1888666187599997
 09/04  18:00:00,579.530278626,2.18887953548
 09/04  19:00:00,460.628607514,2.18884348442
 09/04  20:00:00,323.48398856299997,2.1888063523500003
 09/04  21:00:00,299.040988997,2.19092093551
 09/04  22:00:00,274.595197464,2.1886984197099997
 09/04  23:00:00,250.150801774,2.1886622694
 09/04  24:00:00,237.928603741,0.02
 09/05  01:00:00,287.769797116,4.35909046922
 09/05  02:00:00,287.769797114,2.18944868833
 09/05  03:00:00,287.769797108,2.18948398192
 09/05  04:00:00,299.991994917,2.1895192564099997
 09/05  05:00:00,349.35815016699996,2.19184882907
 09/05  06:00:00,438.56382153699997,157.640683859
 09/05  07:00:00,502.423098612,110.124615505
 09/05  08:00:00,1221.9244029000001,34.8410355363
 09/05  09:00:00,1312.96464446,19.4366219821
 09/05  10:00:00,1281.42548234,17.7075319877
 09/05  11:00:00,1294.54958381,21.2614286554
 09/05  12:00:00,1253.76706865,23.1979968519
 09/05  13:00:00,1294.54683387,23.0357437205
 09/05  14:00:00,1289.29851254,13.6221279759
 09/05  15:00:00,1310.52145562,13.172260635499999
 09/05  16:00:00,1377.58264982,17.6282559354
 09/05  17:00:00,1246.50378173,10.9491888382
 09/05  18:00:00,1012.96445199,6.5667258663300005
 09/05  19:00:00,994.140132463,7.38633331498
 09/05  20:00:00,808.4531876880001,22.9928169344
 09/05  21:00:00,737.675198854,36.007974941
 09/05  22:00:00,349.35675405300003,2.1896597166900005
 09/05  23:00:00,299.991994982,2.18939614983
 09/05  24:00:00,287.76979713099996,2.18943164007
 09/06  01:00:00,287.769797893,2.1894689245200003
 09/06  02:00:00,287.76979788299997,2.1895056209
 09/06  03:00:00,287.76979788799997,2.18954231374
 09/06  04:00:00,299.991995705,2.18957899238
 09/06  05:00:00,349.358152195,4.36386039482
 09/06  06:00:00,406.330060217,116.415318427
 09/06  07:00:00,502.397523771,77.41683166
 09/06  08:00:00,1134.86853607,31.9646167213
 09/06  09:00:00,1289.5440376,20.9852805053
 09/06  10:00:00,1263.06892783,17.262416252
 09/06  11:00:00,1272.85658981,18.6826222224
 09/06  12:00:00,1229.87006891,25.2765095824
 09/06  13:00:00,1299.95818345,19.9036204756
 09/06  14:00:00,1313.87954752,13.1781859522
 09/06  15:00:00,1324.18341414,13.1744697858
 09/06  16:00:00,1372.89909695,17.627973998599998
 09/06  17:00:00,1252.59630884,10.9505509627
 09/06  18:00:00,1039.74424832,8.749123522489999
 09/06  19:00:00,983.045414433,6.58472866827
 09/06  20:00:00,717.1474331730001,12.584184913900001
 09/06  21:00:00,631.088619996,22.771341088000003
 09/06  22:00:00,349.356754748,2.1896064687
 09/06  23:00:00,299.99199569900003,2.18964314665
 09/06  24:00:00,287.76979795,2.18967978257
 09/07  01:00:00,287.769798775,2.18941989604
 09/07  02:00:00,287.769798732,2.18945825642
 09/07  03:00:00,287.769798712,2.18949660478
 09/07  04:00:00,299.991996513,2.18953493211
 09/07  05:00:00,349.358152852,2.1917132952
 09/07  06:00:00,415.325096456,154.995385816
 09/07  07:00:00,502.411845025,94.6974117464
 09/07  08:00:00,1053.13621923,36.920825558400004
 09/07  09:00:00,1215.86809314,19.7231285112
 09/07  10:00:00,1276.61377235,19.017593087799998
 09/07  11:00:00,1309.66627245,18.1830956469
 09/07  12:00:00,1282.15530849,22.4849365713
 09/07  13:00:00,1338.6701065,22.11386963
 09/07  14:00:00,1338.22235254,13.1748872875
 09/07  15:00:00,1336.56992328,13.1712592269
 09/07  16:00:00,1384.84090197,17.628832072
 09/07  17:00:00,1276.19020059,10.950869761
 09/07  18:00:00,1088.97480606,8.748275786639999
 09/07  19:00:00,1046.90735132,6.55248368722
 09/07  20:00:00,888.072108579,6.74770424274
 09/07  21:00:00,863.7998070780001,5.38694678441
 09/07  22:00:00,349.356755851,2.1896794383300002
 09/07  23:00:00,299.991996702,2.18941762801
 09/07  24:00:00,287.769798841,2.18945618378
 09/08  01:00:00,287.769799691,2.1894962695299998
 09/08  02:00:00,287.76979968,2.18953615306
 09/08  03:00:00,287.769799685,2.18957603771
 09/08  04:00:00,299.991997505,2.18961591039
 09/08  05:00:00,349.35815460199996,4.36377497306
 09/08  06:00:00,415.762914898,111.12754119200001
 09/08  07:00:00,502.392451651,70.4839641345
 09/08  08:00:00,1180.90509007,23.0714456496
 09/08  09:00:00,1299.00288532,16.9698268573
 09/08  10:00:00,1291.85380212,16.0574821007
 09/08  11:00:00,1335.04623504,19.8551278694
 09/08  12:00:00,1290.60374812,22.1367358321
 09/08  13:00:00,1341.57552028,22.113140456700002
 09/08  14:00:00,1338.73279994,13.1735566184
 09/08  15:00:00,1337.65987724,13.1699558753
 09/08  16:00:00,1387.49676575,17.626141055599998
 09/08  17:00:00,1275.74392734,10.950608425699999
 09/08  18:00:00,1089.04146461,8.7481030145
 09/08  19:00:00,1089.39329949,4.37513449067
 09/08  20:00:00,919.417238837,8.735710286939998
 09/08  21:00:00,849.42702655,4.02281483143
 09/08  22:00:00,349.356756427,2.18965305637
 09/08  23:00:00,299.991997357,2.1896920777599997
 09/08  24:00:00,287.76979955900003,2.18943247118
 09/09  01:00:00,237.929073403,2.1894745806900002
 09/09  02:00:00,237.929073405,2.18951624344
 09/09  03:00:00,237.92907342200002,2.1895579068599997
 09/09  04:00:00,250.151271251,2.1895995573099998
 09/09  05:00:00,274.59706576400004,4.3636121911300005
 09/09  06:00:00,415.266046566,66.0499286184
 09/09  07:00:00,496.797988723,45.492536883599996
 09/09  08:00:00,936.8258833169999,26.9570667648
 09/09  09:00:00,957.674396061,18.966104667
 09/09  10:00:00,932.8701968989999,12.2024438233
 09/09  11:00:00,947.9929735510001,9.77608493617
 09/09  12:00:00,942.7196293769999,9.09706980083
 09/09  13:00:00,936.5687102439999,6.56136736926
 09/09  14:00:00,686.333055365,6.555541459419999
 09/09  15:00:00,686.707323435,4.37191291816
 09/09  16:00:00,739.631892213,6.5498749279799995
 09/09  17:00:00,702.7202034610001,2.19093536642
 09/09  18:00:00,613.907558159,4.3626095308999995
 09/09  19:00:00,435.48522667099996,2.19126461014
 09/09  20:00:00,323.485390746,4.36228186898
 09/09  21:00:00,299.041926936,2.19287569383
 09/09  22:00:00,274.595666927,2.18941346784
 09/09  23:00:00,250.15127128400002,2.18945545517
 09/09  24:00:00,237.92907346799998,2.18949737571
 09/10  01:00:00,237.928607995,2.1887325445299997
 09/10  02:00:00,237.928608188,2.18870513116
 09/10  03:00:00,237.92860827799998,2.1886778315
 09/10  04:00:00,250.150806051,2.18889741407
 09/10  05:00:00,274.59660029099996,2.19128241175
 09/10  06:00:00,306.39665945,2.18880800583
 09/10  07:00:00,296.66638841099996,2.18878081869
 09/10  08:00:00,296.666388324,2.1887536726400003
 09/10  09:00:00,259.999794713,2.18872656328
 09/10  10:00:00,211.11100342400002,0.02
 09/10  11:00:00,211.111936713,4.36082201513
 09/10  12:00:00,382.94309234800005,2.1903342645099997
 09/10  13:00:00,211.113335528,4.365258518959999
 09/10  14:00:00,412.927959424,2.1904654737400002
 09/10  15:00:00,466.910876892,2.18886667805
 09/10  16:00:00,553.33220654,0.02
 09/10  17:00:00,633.780951518,2.18888892997
 09/10  18:00:00,589.817949169,2.18886193063
 09/10  19:00:00,484.087125296,2.18890040431
 09/10  20:00:00,323.483992842,2.18870801164
 09/10  21:00:00,299.04099599200003,2.19093374459
 09/10  22:00:00,274.595201591,2.1888661799799998
 09/10  23:00:00,250.150806013,2.18883904626
 09/10  24:00:00,237.92860813099998,2.1888119279
 09/11  01:00:00,287.769802481,2.18956219182
 09/11  02:00:00,287.769802491,2.18960754385
 09/11  03:00:00,287.769802515,2.18965288857
 09/11  04:00:00,299.992000353,2.18969821308
 09/11  05:00:00,349.35815888400003,2.1918942104299997
 09/11  06:00:00,414.59392401400004,141.431547896
 09/11  07:00:00,502.398297515,76.2627571538
 09/11  08:00:00,1208.47112699,24.234935614
 09/11  09:00:00,1338.96409316,17.1534779729
 09/11  10:00:00,1309.39976637,16.203260242
 09/11  11:00:00,1332.85342268,17.6860125802
 09/11  12:00:00,1283.84085489,24.3511470959
 09/11  13:00:00,1332.58165948,19.903406729
 09/11  14:00:00,1329.65777169,13.1793643042
 09/11  15:00:00,1338.0838164000002,15.3614900194
 09/11  16:00:00,1387.43586395,17.626154643499998
 09/11  17:00:00,1273.17090283,8.76396594317
 09/11  18:00:00,1080.36116113,8.74828276489
 09/11  19:00:00,1083.13246366,6.5521844727
 09/11  20:00:00,889.533235207,6.9653237816399995
 09/11  21:00:00,847.092943772,9.0643466214
 09/11  22:00:00,349.35675938099996,2.18970511809
 09/11  23:00:00,299.992000256,2.18945011775
 09/11  24:00:00,287.769802422,2.1894958405500002
 09/12  01:00:00,287.769803476,2.18954428787
 09/12  02:00:00,287.769803487,2.18959166853
 09/12  03:00:00,287.769803515,2.1896390436099997
 09/12  04:00:00,299.992001357,2.18968639894
 09/12  05:00:00,349.358161097,4.363537225930001
 09/12  06:00:00,639.906611719,31.021263469
 09/12  07:00:00,770.257050238,29.507921911100002
 09/12  08:00:00,1362.44811393,13.3593237579
 09/12  09:00:00,1367.86978786,15.3918974053
 09/12  10:00:00,1336.95987203,15.3978319497
 09/12  11:00:00,1341.72531488,17.6487477247
 09/12  12:00:00,1292.41545059,24.352939947
 09/12  13:00:00,1338.07317575,20.9003827864
 09/12  14:00:00,1340.41443095,14.3765378651
 09/12  15:00:00,1352.33377321,13.1678973474
 09/12  16:00:00,1408.58913087,17.6302980475
 09/12  17:00:00,1273.44197121,10.9501035954
 09/12  18:00:00,1033.84234725,6.58698176502
 09/12  19:00:00,1026.81415144,11.5045413271
 09/12  20:00:00,854.49206822,33.041202218
 09/12  21:00:00,694.1143193339999,47.1048979106
 09/12  22:00:00,349.356760395,2.1895918338199998
 09/12  23:00:00,299.992001238,2.1896384203799997
 09/12  24:00:00,287.7698035,2.1896858882599997
 09/13  01:00:00,287.769804646,2.18943483567
 09/13  02:00:00,287.769804601,2.18948446662
 09/13  03:00:00,287.769804589,2.1895340879
 09/13  04:00:00,299.992002404,2.18958368554
 09/13  05:00:00,349.358162984,4.36362605428
 09/13  06:00:00,415.779452721,92.2215467067
 09/13  07:00:00,502.42271485099997,111.85663694799999
 09/13  08:00:00,1051.62375942,48.4191137831
 09/13  09:00:00,1061.25038972,37.4466513177
 09/13  10:00:00,1058.93059878,26.573382008899998
 09/13  11:00:00,1152.83994105,29.5515254286
 09/13  12:00:00,1190.53545509,30.415934623400002
 09/13  13:00:00,1274.65832056,22.4536820115
 09/13  14:00:00,1288.66784338,13.1752648936
 09/13  15:00:00,1291.08232824,13.1720838752
 09/13  16:00:00,1327.96287592,17.631162544200002
 09/13  17:00:00,1075.86740161,10.952448323499999
 09/13  18:00:00,701.723518732,25.873072536
 09/13  19:00:00,711.465171121,43.0553921608
 09/13  20:00:00,579.057871514,79.4423386866
 09/13  21:00:00,554.625802122,97.70370381209999
 09/13  22:00:00,349.35676186800004,4.35912841628
 09/13  23:00:00,299.992002642,2.1894876028
 09/13  24:00:00,287.76980476200004,2.18953743746
 09/14  01:00:00,287.76980587400004,2.18959086202
 09/14  02:00:00,287.769805867,2.18964250933
 09/14  03:00:00,287.769805885,2.18969414016
 09/14  04:00:00,299.992003689,2.18944426826
 09/14  05:00:00,349.35816404300004,2.1921176837900003
 09/14  06:00:00,451.735524284,265.887833563
 09/14  07:00:00,502.513130679,232.154636138
 09/14  08:00:00,1050.74875984,59.4537843161
 09/14  09:00:00,1015.03964473,42.6544585498
 09/14  10:00:00,966.78425933,35.3251368516
 09/14  11:00:00,1018.53350917,33.0449339887
 09/14  12:00:00,942.4789294,52.46075593810001
 09/14  13:00:00,967.7371435189999,49.1019070945
 09/14  14:00:00,993.060940813,28.9822717317
 09/14  15:00:00,1023.23791478,17.3180245699
 09/14  16:00:00,1120.73259661,18.3759950902
 09/14  17:00:00,1010.42184001,14.109158821800001
 09/14  18:00:00,701.73120025,36.2383675982
 09/14  19:00:00,720.025495977,65.5517651254
 09/14  20:00:00,579.083142721,113.50164124
 09/14  21:00:00,554.661335377,147.777163992
 09/14  22:00:00,349.356762706,2.1896294459
 09/14  23:00:00,299.99200352599996,2.1895296115000003
 09/14  24:00:00,287.76980572,2.1895815668700003
 09/15  01:00:00,287.769806929,2.1896362606
 09/15  02:00:00,287.769806965,2.1896900730400004
 09/15  03:00:00,287.76980700400003,2.18944201413
 09/15  04:00:00,299.992004743,2.18949624898
 09/15  05:00:00,349.35816688,4.36394008593
 09/15  06:00:00,422.66529015699996,420.483298221
 09/15  07:00:00,502.54982679,278.67286399299996
 09/15  08:00:00,1051.28313026,83.2295651009
 09/15  09:00:00,1015.66904996,55.0398718445
 09/15  10:00:00,1102.48162876,37.0737087813
 09/15  11:00:00,1221.35225309,27.487292055100003
 09/15  12:00:00,1191.92338918,28.1917783536
 09/15  13:00:00,1254.08762812,23.7237287918
 09/15  14:00:00,1269.00626779,13.4741794869
 09/15  15:00:00,1277.7387685,13.1738565261
 09/15  16:00:00,1320.51364951,17.6298426616
 09/15  17:00:00,1200.62727443,10.9510289681
 09/15  18:00:00,993.0972764669999,8.750270123810001
 09/15  19:00:00,835.8726746310001,11.903081988
 09/15  20:00:00,588.2711698219999,36.809248001
 09/15  21:00:00,554.599416353,62.2101837134
 09/15  22:00:00,349.35676374199994,2.18949460857
 09/15  23:00:00,299.992004629,2.18954889223
 09/15  24:00:00,287.769806845,2.18960309308
 09/16  01:00:00,237.929081047,2.18966082189
 09/16  02:00:00,237.929081099,2.18971698025
 09/16  03:00:00,237.92908108700001,2.18947092392
 09/16  04:00:00,250.151278835,2.1895274908099998
 09/16  05:00:00,274.59707756299997,2.19205244968
 09/16  06:00:00,422.412154314,161.325323194
 09/16  07:00:00,411.99527496300004,123.89738289
 09/16  08:00:00,741.2048395310001,75.1378259612
 09/16  09:00:00,876.156502357,59.8901488394
 09/16  10:00:00,863.576548434,29.3250092223
 09/16  11:00:00,876.5104405330001,26.5651598231
 09/16  12:00:00,894.5969361289999,16.295579523
 09/16  13:00:00,906.748932898,14.027520445
 09/16  14:00:00,663.069692037,12.451652271199999
 09/16  15:00:00,664.393153155,8.521420619219999
 09/16  16:00:00,718.5922851830001,15.9123009665
 09/16  17:00:00,682.162823623,21.484430309
 09/16  18:00:00,465.330696597,4.3626951862
 09/16  19:00:00,314.941733974,2.19128721575
 09/16  20:00:00,323.485401247,4.36220620707
 09/16  21:00:00,299.041940609,2.19287739316
 09/16  22:00:00,274.595674498,2.18970086803
 09/16  23:00:00,250.151278944,2.18945493688
 09/16  24:00:00,237.92908110099998,2.18951167537
 09/17  01:00:00,237.928614334,2.18875455594
 09/17  02:00:00,237.928614503,2.18874134568
 09/17  03:00:00,237.92861458099998,2.18872827183
 09/17  04:00:00,250.150812366,2.1887153033
 09/17  05:00:00,274.596611472,2.19071577602
 09/17  06:00:00,314.94033245,2.18890463711
 09/17  07:00:00,296.66639476299997,2.18889253565
 09/17  08:00:00,317.477530753,2.18887881085
 09/17  09:00:00,438.50433293300006,2.18892898938
 09/17  10:00:00,420.81902659800005,0.02
 09/17  11:00:00,471.046409896,4.36100251741
 09/17  12:00:00,551.251456226,2.19053616557
 09/17  13:00:00,517.499654417,4.36596389956
 09/17  14:00:00,567.168248035,2.1904989683
 09/17  15:00:00,527.191821079,2.18891393782
 09/17  16:00:00,618.720123398,2.1889011994599996
 09/17  17:00:00,610.797311518,0.02
 09/17  18:00:00,654.156303156,2.1888717049
 09/17  19:00:00,369.67481120400004,2.18890012086
 09/17  20:00:00,323.483999157,2.18876229186
 09/17  21:00:00,299.041007169,2.19127459375
 09/17  22:00:00,274.59520787400004,2.18870314089
 09/17  23:00:00,250.150812405,2.18869049598
 09/17  24:00:00,237.928614633,2.18892677058
 09/18  01:00:00,287.769810728,2.18964629283
 09/18  02:00:00,287.76981075099997,2.1897074472
 09/18  03:00:00,287.769810772,2.1894654876299997
 09/18  04:00:00,299.992008495,2.18952705917
 09/18  05:00:00,349.358172552,4.363904279790001
 09/18  06:00:00,421.495695925,124.06938033700001
 09/18  07:00:00,572.194826716,74.3671222974
 09/18  08:00:00,1365.55952809,18.7917331344
 09/18  09:00:00,1378.56576282,15.544662918399998
 09/18  10:00:00,1332.89264133,15.4009025768
 09/18  11:00:00,1337.56430313,19.8554410607
 09/18  12:00:00,1283.68161265,22.143676100900002
 09/18  13:00:00,1329.23827218,22.1206480291
 09/18  14:00:00,1328.45806996,13.1787113513
 09/18  15:00:00,1333.09631611,13.1759930574
 09/18  16:00:00,1376.50297814,17.6326067548
 09/18  17:00:00,1261.65248975,10.951698
 09/18  18:00:00,1072.61350146,8.74908543285
 09/18  19:00:00,1069.22746922,6.55268409023
 09/18  20:00:00,889.223011818,6.70998679809
 09/18  21:00:00,860.197014973,5.02666923916
 09/18  22:00:00,349.35676762800006,2.18965205724
 09/18  23:00:00,299.99200855099997,2.18971348918
 09/18  24:00:00,287.769810762,2.18947170899
 09/19  01:00:00,287.769812039,2.18953665622
 09/19  02:00:00,287.769812014,2.18960058035
 09/19  03:00:00,287.76981203,2.1896644814400004
 09/19  04:00:00,299.992009879,2.18972834314
 09/19  05:00:00,349.358175054,4.36432301237
 09/19  06:00:00,424.022031519,49.3988163496
 09/19  07:00:00,502.379551391,52.047242368
 09/19  08:00:00,1091.99520986,17.1205420663
 09/19  09:00:00,1199.51407971,15.693646251199999
 09/19  10:00:00,1248.0708338,15.400976684000002
 09/19  11:00:00,1265.30938362,19.8559726575
 09/19  12:00:00,1220.40548554,22.1444311285
 09/19  13:00:00,1281.34539899,22.1188457906
 09/19  14:00:00,1287.04640935,15.375054670399999
 09/19  15:00:00,1288.60356419,13.16760425
 09/19  16:00:00,1340.15281299,17.6316714246
 09/19  17:00:00,1229.61627904,10.9632907901
 09/19  18:00:00,1002.67495174,8.821741532839999
 09/19  19:00:00,874.381570073,22.854378292199996
 09/19  20:00:00,590.47780878,70.2444565295
 09/19  21:00:00,554.613471036,79.2738589062
 09/19  22:00:00,349.356768894,2.18965332404
 09/19  23:00:00,299.992009748,2.18956465661
 09/19  24:00:00,287.769811974,2.18962883048
 09/20  01:00:00,287.769813423,2.18969583744
 09/20  02:00:00,287.769813499,2.18976217898
 09/20  03:00:00,287.769813458,2.1895246534
 09/20  04:00:00,299.992011252,2.18959141939
 09/20  05:00:00,349.35817672300004,4.3643494700300005
 09/20  06:00:00,423.51148168599997,160.353170014
 09/20  07:00:00,502.49991937199997,213.54075441900002
 09/20  08:00:00,1050.69462738,97.330476389
 09/20  09:00:00,1014.78382179,75.5235688188
 09/20  10:00:00,966.5535917689999,69.96107458979999
 09/20  11:00:00,966.9869311189999,73.9953524072
 09/20  12:00:00,915.276166203,104.10492372799999
 09/20  13:00:00,967.3954961539999,94.9650972201
 09/20  14:00:00,967.67225059,69.2813647961
 09/20  15:00:00,967.9272265960001,72.086911218
 09/20  16:00:00,1016.9683989,79.1707937318
 09/20  17:00:00,901.5780126469999,97.3302841503
 09/20  18:00:00,701.8232370439999,160.278278556
 09/20  19:00:00,728.654742553,180.637392037
 09/20  20:00:00,579.172516246,233.21610835
 09/20  21:00:00,554.756402423,274.27998049400003
 09/20  22:00:00,349.356770389,2.1896868667200002
 09/20  23:00:00,299.99201133,2.18975356389
 09/20  24:00:00,287.769813463,2.1895162303
 09/21  01:00:00,287.769814833,2.18958743361
 09/21  02:00:00,287.769814825,2.18965677939
 09/21  03:00:00,287.76981486,2.18972609097
 09/21  04:00:00,299.992012683,2.18949088918
 09/21  05:00:00,349.358178753,2.19204926627
 09/21  06:00:00,422.283982099,511.864216636
 09/21  07:00:00,502.687334476,448.631717754
 09/21  08:00:00,1050.73574303,186.737944938
 09/21  09:00:00,1013.98623344,78.094559391
 09/21  10:00:00,965.078762014,53.501560042799994
 09/21  11:00:00,966.08488659,48.4584831946
 09/21  12:00:00,916.530791092,50.0216935688
 09/21  13:00:00,1000.94544625,32.8535268304
 09/21  14:00:00,1071.54714159,16.379702396
 09/21  15:00:00,1071.37232751,17.5817529495
 09/21  16:00:00,1096.74385054,19.7308903112
 09/21  17:00:00,932.207133894,33.3332895425
 09/21  18:00:00,701.764430877,75.601902173
 09/21  19:00:00,728.5987059619999,100.94987668
 09/21  20:00:00,579.116804924,154.384945873
 09/21  21:00:00,554.698606849,187.69021560099998
 09/21  22:00:00,349.35677170300005,2.1896460266299997
 09/21  23:00:00,299.992012545,2.18956236178
 09/21  24:00:00,287.769814764,2.18963203532
 09/22  01:00:00,287.76981629200003,2.18970469845
 09/22  02:00:00,287.769816376,2.18977665627
 09/22  03:00:00,287.76981633400004,2.18954380147
 09/22  04:00:00,299.992014134,2.18961618366
 09/22  05:00:00,349.358181301,4.36396493888
 09/22  06:00:00,422.06949830300005,545.275021089
 09/22  07:00:00,502.699822539,452.224236355
 09/22  08:00:00,1050.71432152,148.149754428
 09/22  09:00:00,1014.49947015,72.91394619479999
 09/22  10:00:00,965.6196771189999,55.4665615642
 09/22  11:00:00,1083.11136137,46.571618361999995
 09/22  12:00:00,1146.79428722,51.9847699597
 09/22  13:00:00,1236.54576284,37.1510239476
 09/22  14:00:00,1238.88374053,17.225625213599997
 09/22  15:00:00,1244.15451896,13.1749781309
 09/22  16:00:00,1297.70076174,17.6325150163
 09/22  17:00:00,1179.5111622000002,10.9529765773
 09/22  18:00:00,899.047162845,15.299057207999999
 09/22  19:00:00,739.8586369789999,26.7871390896
 09/22  20:00:00,579.0487489669999,62.2470869649
 09/22  21:00:00,554.6311988809999,99.44543781600001
 09/22  22:00:00,349.356773187,2.18967409817
 09/22  23:00:00,299.99201412400004,2.18974647069
 09/22  24:00:00,287.769816316,2.18951379413
 09/23  01:00:00,237.92909069200002,2.1895900513499997
 09/23  02:00:00,237.92909069,2.18966516259
 09/23  03:00:00,237.929090737,2.1897402385799998
 09/23  04:00:00,250.151288567,2.18950983227
 09/23  05:00:00,274.597093601,4.36409583204
 09/23  06:00:00,421.85649026199997,246.11401563299998
 09/23  07:00:00,402.88749633300006,290.038465728
 09/23  08:00:00,661.268684294,206.64962589
 09/23  09:00:00,659.445249107,142.215840885
 09/23  10:00:00,807.747839443,64.2880838834
 09/23  11:00:00,856.565074408,45.6366176562
 09/23  12:00:00,885.719115493,47.696692653199996
 09/23  13:00:00,893.2392899580001,44.9601172554
 09/23  14:00:00,646.917936845,46.6966851227
 09/23  15:00:00,644.7491877780001,37.0293308629
 09/23  16:00:00,684.6107659,44.116479050900004
 09/23  17:00:00,639.467858156,55.1112918184
 09/23  18:00:00,296.667810536,2.1913911266
 09/23  19:00:00,323.485414767,4.36274357647
 09/23  20:00:00,323.48541430299997,2.1912149001
 09/23  21:00:00,299.04195857400003,4.36585921075
 09/23  22:00:00,274.595684002,2.1896817464900002
 09/23  23:00:00,250.15128847900002,2.18975703572
 09/23  24:00:00,237.92909069400002,2.18952679407
 09/24  01:00:00,237.928622437,2.18872544315
 09/24  02:00:00,237.92862248400002,2.18873033778
 09/24  03:00:00,237.928622451,2.18873537395
 09/24  04:00:00,250.15082013900002,2.18874051457
 09/24  05:00:00,274.59662514,2.19121137077
 09/24  06:00:00,323.484007058,2.18896960114
 09/24  07:00:00,296.666402641,2.18843372213
 09/24  08:00:00,296.666402515,2.18889716694
 09/24  09:00:00,259.999808899,2.1888603438900005
 09/24  10:00:00,211.11101769200002,0.02
 09/24  11:00:00,298.399514569,4.36101128432
 09/24  12:00:00,471.580050655,2.1906253419299997
 09/24  13:00:00,520.225791482,4.36618175411
 09/24  14:00:00,483.995931291,2.19057409494
 09/24  15:00:00,522.281586741,2.18896651193
 09/24  16:00:00,528.675328232,2.18897181898
 09/24  17:00:00,606.264958546,0.02
 09/24  18:00:00,553.377993725,2.1889515956
 09/24  19:00:00,323.484007025,2.1889568648299997
 09/24  20:00:00,323.484007056,2.18883589553
 09/24  21:00:00,299.041021183,2.19139747705
 09/24  22:00:00,274.595215715,2.1888142701700004
 09/24  23:00:00,250.150820245,2.18881967551
 09/24  24:00:00,237.928622508,2.18882506995
 09/25  01:00:00,287.769820998,2.1895178603
 09/25  02:00:00,287.769820899,2.18959923668
 09/25  03:00:00,287.76982088200003,2.1896805536
 09/25  04:00:00,299.992018728,2.18976179662
 09/25  05:00:00,349.358189242,4.3640229886699995
 09/25  06:00:00,429.852053125,312.385049714
 09/25  07:00:00,502.54845858199997,266.378650231
 09/25  08:00:00,1050.64028252,61.310376538599996
 09/25  09:00:00,1179.32670971,39.6451604531
 09/25  10:00:00,1282.8329408,27.868754051
 09/25  11:00:00,1313.47299369,20.1717641275
 09/25  12:00:00,1290.08231746,26.1785818984
 09/25  13:00:00,1342.17829819,22.4818108615
 09/25  14:00:00,1335.80261943,13.178764017899999
 09/25  15:00:00,1331.60050402,13.176784016900001
 09/25  16:00:00,1379.20118357,18.287713469
 09/25  17:00:00,1273.4490179000002,10.3054539461
 09/25  18:00:00,1078.0253205,8.78794956819
 09/25  19:00:00,1049.4236231,8.350467672719999
 09/25  20:00:00,725.3070609189999,31.240450669899996
 09/25  21:00:00,610.057000372,47.822023368900005
 09/25  22:00:00,349.35677781699997,2.1897908371200003
 09/25  23:00:00,299.992018666,2.18956488247
 09/25  24:00:00,287.76982085099996,2.18964652028
 09/26  01:00:00,287.769822515,2.18973143955
 09/26  02:00:00,287.769822605,2.18929393897
 09/26  03:00:00,287.769822543,2.18959311173
 09/26  04:00:00,299.99202036099996,2.18967765905
 09/26  05:00:00,349.35819105900003,4.36415941173
 09/26  06:00:00,431.077669267,157.664756997
 09/26  07:00:00,502.45622317699997,149.34105641
 09/26  08:00:00,1259.98139757,36.774242235
 09/26  09:00:00,1326.16352195,20.6445795967
 09/26  10:00:00,1311.79993579,16.7681126942
 09/26  11:00:00,1335.13992702,20.3670556795
 09/26  12:00:00,1289.79755107,22.46494027
 09/26  13:00:00,1338.50619057,22.1230458398
 09/26  14:00:00,1335.59188718,15.3760254724
 09/26  15:00:00,1339.01141397,13.172641598499998
 09/26  16:00:00,1389.19270106,17.6344314917
 09/26  17:00:00,1288.79409145,10.9531370612
 09/26  18:00:00,1057.5463,8.75056144159
 09/26  19:00:00,1043.9338636,6.71340342881
 09/26  20:00:00,856.1762746119999,17.9572383411
 09/26  21:00:00,734.2659447960001,37.4437168424
 09/26  22:00:00,349.356779479,2.18980572303
 09/26  23:00:00,299.99202028,2.18958322836
 09/26  24:00:00,287.769822437,2.18966801644
 09/27  01:00:00,287.769824118,2.1897575699400003
 09/27  02:00:00,287.76982414400004,2.18953742892
 09/27  03:00:00,287.769824055,2.1896253040700002
 09/27  04:00:00,299.99202185900003,2.18971308046
 09/27  05:00:00,349.35819402699997,4.3642904079000004
 09/27  06:00:00,432.182348295,91.5094611174
 09/27  07:00:00,502.434763471,122.32699164600001
 09/27  08:00:00,1053.76098558,64.2145820714
 09/27  09:00:00,1014.8086631000001,67.4234756863
 09/27  10:00:00,966.52521734,67.3536869867
 09/27  11:00:00,966.9733335469999,47.2284915692
 09/27  12:00:00,915.316668964,59.448302193
 09/27  13:00:00,967.554827128,44.6270161121
 09/27  14:00:00,967.811209788,51.31294544
 09/27  15:00:00,967.9409028160001,60.8593429875
 09/27  16:00:00,1016.97460377,61.106342352
 09/27  17:00:00,901.66641967,64.1747201224
 09/27  18:00:00,710.3114882780001,84.0445423518
 09/27  19:00:00,728.601579805,103.94550782299999
 09/27  20:00:00,579.11543915,154.686088602
 09/27  21:00:00,554.68634143,174.13377729099997
 09/27  22:00:00,349.35678099800003,2.1897526794299997
 09/27  23:00:00,299.992021943,2.18953190149
 09/27  24:00:00,287.769824116,2.18962004285
 09/28  01:00:00,287.769825848,2.18971112654
 09/28  02:00:00,287.76982586099996,4.3593863543
 09/28  03:00:00,287.769825832,2.18967565482
 09/28  04:00:00,299.992023651,2.18976668648
 09/28  05:00:00,349.358196026,2.19223620124
 09/28  06:00:00,431.091186563,325.433844947
 09/28  07:00:00,502.560037756,285.601911378
 09/28  08:00:00,1050.65674785,80.8945704047
 09/28  09:00:00,1057.244103,51.49538294479999
 09/28  10:00:00,1201.4602575,36.107888502
 09/28  11:00:00,1288.45395611,38.466536562399995
 09/28  12:00:00,1252.24384949,40.640116364499995
 09/28  13:00:00,1311.66343296,26.776949869299997
 09/28  14:00:00,1342.81376226,13.5470451629
 09/28  15:00:00,1367.5732196,13.1760933782
 09/28  16:00:00,1423.47439667,17.635976461
 09/28  17:00:00,1307.5495918,10.9534486427
 09/28  18:00:00,1073.35140546,9.7321077555
 09/28  19:00:00,1046.83012116,17.706059544200002
 09/28  20:00:00,878.0253970360001,49.12128906270001
 09/28  21:00:00,871.021954143,59.07134110810001
 09/28  22:00:00,349.35678273800005,2.18968862168
 09/28  23:00:00,299.992023559,2.18962475246
 09/28  24:00:00,287.769825778,2.18971606094
 09/29  01:00:00,287.769827582,2.1898108626900004
 09/29  02:00:00,287.76982756900003,2.18959628567
 09/29  03:00:00,287.769827572,2.1896907368700003
 09/29  04:00:00,299.992025397,4.35935578161
 09/29  05:00:00,349.35819885,2.19204808985
 09/29  06:00:00,431.318179004,242.494611908
 09/29  07:00:00,502.505956775,215.305790083
 09/29  08:00:00,1050.66510946,56.9561262443
 09/29  09:00:00,1130.68016961,36.3450280626
 09/29  10:00:00,1258.24534695,24.6847434625
 09/29  11:00:00,1290.27821481,22.234544735100002
 09/29  12:00:00,1256.44451006,26.517267660399998
 09/29  13:00:00,1323.39928169,22.658319136
 09/29  14:00:00,1329.88821994,13.1801008241
 09/29  15:00:00,1333.23002844,13.1766562666
 09/29  16:00:00,1379.60863034,17.6371060681
 09/29  17:00:00,1258.79595999,10.9541109656
 09/29  18:00:00,1035.83088964,8.79520541893
 09/29  19:00:00,860.9022827539999,13.8979616762
 09/29  20:00:00,579.04106683,56.7752220968
 09/29  21:00:00,554.6070553430001,69.5834830377
 09/29  22:00:00,349.35678442,2.18983390121
 09/29  23:00:00,299.99202527799997,2.18977325428
 09/29  24:00:00,287.769827554,2.18955896959
 09/30  01:00:00,237.929102208,2.18965705838
 09/30  02:00:00,237.929102261,4.35929779341
 09/30  03:00:00,237.929102242,2.1896411644200002
 09/30  04:00:00,250.151300008,2.18973914737
 09/30  05:00:00,274.597110902,2.1922256423700004
 09/30  06:00:00,431.00265000300004,166.587849896
 09/30  07:00:00,412.048787189,192.678942374
 09/30  08:00:00,651.950427946,116.16773649299999
 09/30  09:00:00,624.506675515,86.55831843950001
 09/30  10:00:00,654.237754674,81.94118573729999
 09/30  11:00:00,755.875253027,58.6471699011
 09/30  12:00:00,843.885462888,57.92139915
 09/30  13:00:00,875.288794946,56.465010231899996
 09/30  14:00:00,639.284232993,80.1055894505
 09/30  15:00:00,628.2956564780001,100.52547952799999
 09/30  16:00:00,580.102150167,123.908385021
 09/30  17:00:00,446.92386125300004,185.409961062
 09/30  18:00:00,313.755159491,2.19143892743
 09/30  19:00:00,323.485430842,4.36262585961
 09/30  20:00:00,323.485430318,2.19118872504
 09/30  21:00:00,299.04197908,4.36592315189
 09/30  22:00:00,274.59569543,2.18970235254
 09/30  23:00:00,250.151299902,2.1898003991999997
 09/30  24:00:00,237.92910212799998,2.1895890183
 10/01  01:00:00,237.928631735,2.1887984556299998
 10/01  02:00:00,237.928631773,2.18882489869
 10/01  03:00:00,237.928631758,2.18885147658
 10/01  04:00:00,250.150829487,2.18887814712
 10/01  05:00:00,274.596641492,2.19140712944
 10/01  06:00:00,323.484016341,2.1889004285599998
 10/01  07:00:00,296.666412004,2.18892796098
 10/01  08:00:00,296.666411938,2.18895481192
 10/01  09:00:00,389.064849672,2.18898167697
 10/01  10:00:00,366.644843835,0.02
 10/01  11:00:00,509.52692115300005,4.36136881531
 10/01  12:00:00,484.439386485,2.19069804125
 10/01  13:00:00,557.175320199,4.36631168717
 10/01  14:00:00,487.743975115,2.1906665225
 10/01  15:00:00,556.0234533940001,2.1890177344999997
 10/01  16:00:00,535.14391658,2.18899338073
 10/01  17:00:00,642.148219134,2.1890204839
 10/01  18:00:00,543.641926671,2.18899677319
 10/01  19:00:00,323.484016054,0.02
 10/01  20:00:00,323.484016197,2.18881903148
 10/01  21:00:00,299.041037986,4.36297860371
 10/01  22:00:00,274.595224913,2.18886676417
 10/01  23:00:00,250.150829245,0.02
 10/01  24:00:00,237.928631525,2.1888937936099997
 10/02  01:00:00,287.769832846,2.18981840179
 10/02  02:00:00,287.769832867,2.18961260785
 10/02  03:00:00,287.76983287,2.1897176801800002
 10/02  04:00:00,299.99203068099996,4.35943968913
 10/02  05:00:00,349.358207269,2.19212101683
 10/02  06:00:00,694.815611305,155.691333772
 10/02  07:00:00,605.260214384,165.70431558
 10/02  08:00:00,1150.67640134,46.1627740228
 10/02  09:00:00,1187.34960726,31.721532485100003
 10/02  10:00:00,1214.25772586,23.048749502899998
 10/02  11:00:00,1238.50880081,21.9791552027
 10/02  12:00:00,1196.05611829,28.1919198442
 10/02  13:00:00,1250.8939347,22.822234555599998
 10/02  14:00:00,1253.53856798,13.2125543572
 10/02  15:00:00,1258.8394197999999,15.3696119904
 10/02  16:00:00,1314.61378925,17.6387618293
 10/02  17:00:00,1190.70897267,10.9555748364
 10/02  18:00:00,863.001518918,13.7304826633
 10/02  19:00:00,728.550647983,39.6654213231
 10/02  20:00:00,579.062697799,84.203730222
 10/02  21:00:00,554.634003359,108.796662006
 10/02  22:00:00,349.356789488,2.18962036822
 10/02  23:00:00,299.992030379,2.1897257482700003
 10/02  24:00:00,287.769832667,2.18983092146
 10/03  01:00:00,287.76983449799997,2.18962997385
 10/03  02:00:00,287.769834489,2.18973861496
 10/03  03:00:00,287.769834581,2.1898471541799998
 10/03  04:00:00,299.992032364,2.18964460942
 10/03  05:00:00,349.358210874,4.36409050082
 10/03  06:00:00,430.663971495,369.337378124
 10/03  07:00:00,511.141325049,339.312077557
 10/03  08:00:00,1053.76452823,121.49024378700001
 10/03  09:00:00,1034.28203031,60.324675731300005
 10/03  10:00:00,1157.55390175,37.295406923
 10/03  11:00:00,1236.31954494,31.4332093433
 10/03  12:00:00,1194.96241473,36.9713812304
 10/03  13:00:00,1247.60099029,23.979548976799997
 10/03  14:00:00,1243.2911572,14.5196544986
 10/03  15:00:00,1226.503668,20.746014238
 10/03  16:00:00,1218.7308255,30.4777247573
 10/03  17:00:00,1040.81288744,45.195836323
 10/03  18:00:00,768.334463245,77.3623340118
 10/03  19:00:00,728.5873013969999,87.90245772040001
 10/03  20:00:00,579.084656833,112.659741255
 10/03  21:00:00,563.888887706,122.02065958200001
 10/03  22:00:00,349.356791353,2.18979720349
 10/03  23:00:00,299.992032314,2.18959478708
 10/03  24:00:00,287.769834443,2.18970393197
 10/04  01:00:00,287.769836361,2.18981795706
 10/04  02:00:00,287.769836388,2.1896183398
 10/04  03:00:00,287.769836347,2.18973088981
 10/04  04:00:00,299.992034217,2.18984329203
 10/04  05:00:00,349.358213962,4.36436423574
 10/04  06:00:00,430.879470346,389.28970694599997
 10/04  07:00:00,511.171216855,376.18553560699996
 10/04  08:00:00,1050.7826069,250.37044230200001
 10/04  09:00:00,1014.07260612,191.791930452
 10/04  10:00:00,965.141133214,135.549079862
 10/04  11:00:00,965.147931783,144.065447739
 10/04  12:00:00,915.3373611,181.80818525
 10/04  13:00:00,965.1374329439999,128.170361259
 10/04  14:00:00,965.347749519,125.780099408
 10/04  15:00:00,965.7087005860001,171.76557777
 10/04  16:00:00,1014.84850304,233.106287628
 10/04  17:00:00,901.2718070980001,264.99083513
 10/04  18:00:00,719.02633175,304.357296573
 10/04  19:00:00,728.7584817869999,307.522307829
 10/04  20:00:00,579.275364008,355.383523917
 10/04  21:00:00,554.8356802669999,362.982611427
 10/04  22:00:00,349.356793139,2.18975054643
 10/04  23:00:00,299.992034134,2.1898631278900003
 10/04  24:00:00,287.769836302,2.18966388342
 10/05  01:00:00,287.76983822,2.18978129037
 10/05  02:00:00,287.769838339,2.18958478042
 10/05  03:00:00,287.769838272,2.18970122043
 10/05  04:00:00,301.18349124599996,9.15855090305
 10/05  05:00:00,351.345824506,18.3424827135
 10/05  06:00:00,458.057346845,874.014343756
 10/05  07:00:00,511.76794668800005,993.208413951
 10/05  08:00:00,1051.07776838,519.551560815
 10/05  09:00:00,1014.17357529,264.14549358700003
 10/05  10:00:00,965.1686355869999,142.105594752
 10/05  11:00:00,965.316291065,96.6901405761
 10/05  12:00:00,917.440058659,106.683632819
 10/05  13:00:00,969.64068594,81.6295193483
 10/05  14:00:00,970.195522035,53.4685059396
 10/05  15:00:00,969.3634754130001,34.368903116999995
 10/05  16:00:00,1016.7136819,38.1000279175
 10/05  17:00:00,901.646400951,41.8714954974
 10/05  18:00:00,727.398793655,71.3960971846
 10/05  19:00:00,728.637136285,130.37594179
 10/05  20:00:00,579.1951466959999,222.357935288
 10/05  21:00:00,554.796150729,273.09704946799997
 10/05  22:00:00,349.356795285,2.1897857207299998
 10/05  23:00:00,299.99203623,2.1895886245900003
 10/05  24:00:00,287.769838386,2.18970540293
 10/06  01:00:00,287.76984033599996,4.35945775822
 10/06  02:00:00,287.769840317,2.18975243311
 10/06  03:00:00,287.76984033900004,2.18987247935
 10/06  04:00:00,299.99203804,2.18967946773
 10/06  05:00:00,350.945085367,8.438612021339999
 10/06  06:00:00,430.24861126800005,677.156644145
 10/06  07:00:00,511.440802315,601.171787829
 10/06  08:00:00,1050.78759536,211.120454901
 10/06  09:00:00,1014.00821347,91.397326547
 10/06  10:00:00,965.781776338,60.6779425925
 10/06  11:00:00,1101.70863756,49.1773355278
 10/06  12:00:00,1184.19686796,50.385890450299996
 10/06  13:00:00,1265.53242666,34.7334463474
 10/06  14:00:00,1279.42164362,14.7486139792
 10/06  15:00:00,1273.32852094,13.5805191978
 10/06  16:00:00,1310.48254166,19.4459252242
 10/06  17:00:00,1155.12049491,12.6989224846
 10/06  18:00:00,793.655968684,43.112798478500004
 10/06  19:00:00,728.5799927789999,66.11627149510001
 10/06  20:00:00,579.097439723,109.48281323399999
 10/06  21:00:00,554.667690128,129.434053419
 10/06  22:00:00,349.356796921,2.18972554814
 10/06  23:00:00,299.99203787700003,2.18984591558
 10/06  24:00:00,287.769840106,2.1896530376700003
 10/07  01:00:00,237.929114976,2.1897783613099997
 10/07  02:00:00,237.92911509099997,2.18990213874
 10/07  03:00:00,237.929115042,2.1897123182900002
 10/07  04:00:00,250.151312909,2.1898364377
 10/07  05:00:00,274.597132117,4.36456354444
 10/07  06:00:00,430.001744921,382.78915566800003
 10/07  07:00:00,411.50270963400004,343.94270138800005
 10/07  08:00:00,652.0274731659999,189.946133641
 10/07  09:00:00,682.826960214,98.9185556182
 10/07  10:00:00,794.829492505,66.3719690525
 10/07  11:00:00,822.629042865,60.7361493246
 10/07  12:00:00,832.196562675,53.632781468100006
 10/07  13:00:00,838.242340548,48.220801190299994
 10/07  14:00:00,594.4188853969999,72.2231769365
 10/07  15:00:00,592.287757308,85.6338004335
 10/07  16:00:00,639.50976311,120.855114682
 10/07  17:00:00,545.665532848,168.576926227
 10/07  18:00:00,322.298844769,4.363149887840001
 10/07  19:00:00,323.485448254,2.19152839183
 10/07  20:00:00,323.485448894,4.362881472780001
 10/07  21:00:00,299.042002072,2.1928543597799997
 10/07  22:00:00,274.595708633,4.359483197
 10/07  23:00:00,250.151313004,2.18977133309
 10/07  24:00:00,237.929115226,2.18989559182
 10/08  01:00:00,237.92864204900002,2.18889563026
 10/08  02:00:00,237.928642002,0.02
 10/08  03:00:00,237.92864205799998,2.18894694537
 10/08  04:00:00,250.150839986,2.18899834009
 10/08  05:00:00,274.59666062599996,4.36297880356
 10/08  06:00:00,323.48402670900003,2.1888634566599996
 10/08  07:00:00,305.210088935,0.02
 10/08  08:00:00,296.66642233,2.18891534215
 10/08  09:00:00,259.999829023,2.18896717105
 10/08  10:00:00,211.11103788,2.1890189409
 10/08  11:00:00,211.11198755799998,2.19074262799
 10/08  12:00:00,211.11198802099997,4.36120668494
 10/08  13:00:00,211.113412173,2.19279920349
 10/08  14:00:00,334.58931194400003,4.361365902169999
 10/08  15:00:00,211.111037637,2.18892736718
 10/08  16:00:00,259.999828808,0.02
 10/08  17:00:00,296.666422255,2.18897927237
 10/08  18:00:00,322.297422398,2.1890310949400003
 10/08  19:00:00,323.484026901,2.1888245605
 10/08  20:00:00,323.484026893,2.1888766539099995
 10/08  21:00:00,299.041055899,2.19156469518
 10/08  22:00:00,274.59523553400004,2.18895152007
 10/08  23:00:00,250.15084004,2.18900341571
 10/08  24:00:00,237.92864233,2.1890552232900005
 10/09  01:00:00,237.928643936,2.18885255757
 10/09  02:00:00,237.92864388099997,2.18890767538
 10/09  03:00:00,237.92864381299998,2.18896288069
 10/09  04:00:00,250.15084152900002,2.18901813245
 10/09  05:00:00,274.59666274799997,2.19136431042
 10/09  06:00:00,323.484028452,2.18884079474
 10/09  07:00:00,305.21009068,2.18889648188
 10/09  08:00:00,296.66642395599996,2.18895211363
 10/09  09:00:00,259.999830472,2.18900768567
 10/09  10:00:00,211.11103918599997,0.02
 10/09  11:00:00,211.111990053,4.36126978373
 10/09  12:00:00,211.11198956799998,2.1905947016900003
 10/09  13:00:00,211.113415959,4.36596903574
 10/09  14:00:00,211.11198970700002,2.1907773673400004
 10/09  15:00:00,211.111039375,2.18894038626
 10/09  16:00:00,259.999830615,2.18899605932
 10/09  17:00:00,296.66642403,2.18905164741
 10/09  18:00:00,322.297423965,2.1888483759799997
 10/09  19:00:00,323.881050325,4.21241846968
 10/09  20:00:00,325.071535726,7.417567543169999
 10/09  21:00:00,300.62898481599996,12.2640079226
 10/09  22:00:00,276.184002867,11.0985419592
 10/09  23:00:00,252.13712914099997,13.724000699100001
 10/09  24:00:00,239.518154944,11.9960463281
 10/10  01:00:00,289.755966538,13.525044834400001
 10/10  02:00:00,289.35921694,11.8284517876
 10/10  03:00:00,289.756172807,13.7759385051
 10/10  04:00:00,301.581775161,12.2640558856
 10/10  05:00:00,351.34598621099997,15.4979798212
 10/10  06:00:00,430.14156940099997,767.07673636
 10/10  07:00:00,519.869598823,500.240592705
 10/10  08:00:00,1050.76720422,199.649063208
 10/10  09:00:00,1014.02619346,118.633985379
 10/10  10:00:00,965.336775903,85.5027989614
 10/10  11:00:00,967.799703499,76.2566418752
 10/10  12:00:00,920.2702503260001,83.1875191907
 10/10  13:00:00,971.9440091060001,56.1851804534
 10/10  14:00:00,972.6010351760001,29.2283578971
 10/10  15:00:00,980.615848607,17.0334497002
 10/10  16:00:00,1017.63960287,25.590111338099998
 10/10  17:00:00,901.8590995139999,30.8699349171
 10/10  18:00:00,735.9297372410001,59.9805302796
 10/10  19:00:00,728.618725358,115.314889526
 10/10  20:00:00,579.157668145,186.790917012
 10/10  21:00:00,554.7448348519999,228.027913678
 10/10  22:00:00,349.356804792,2.18980127561
 10/10  23:00:00,299.992045798,2.1899377333200003
 10/10  24:00:00,287.769847933,2.18975833945
 10/11  01:00:00,287.769850061,2.18989997073
 10/11  02:00:00,287.769850082,2.18972364299
 10/11  03:00:00,287.769850133,2.18986413556
 10/11  04:00:00,299.992048034,2.1896879579900004
 10/11  05:00:00,349.358235334,4.36450849574
 10/11  06:00:00,429.96257977,455.55811325300004
 10/11  07:00:00,519.7645084440001,395.080547394
 10/11  08:00:00,1050.75738724,198.19263788599997
 10/11  09:00:00,1014.02266948,116.515831621
 10/11  10:00:00,965.114785435,95.7668646226
 10/11  11:00:00,965.1106249430001,88.75759624450001
 10/11  12:00:00,915.284069078,104.860851666
 10/11  13:00:00,965.108247677,84.6150306165
 10/11  14:00:00,988.494674743,62.5948672882
 10/11  15:00:00,965.095654697,72.8515424806
 10/11  16:00:00,1014.00304839,93.80641917930001
 10/11  17:00:00,901.1617037560001,117.53902554
 10/11  18:00:00,736.0518017119999,213.03516852099997
 10/11  19:00:00,728.7626601589999,299.225772501
 10/11  20:00:00,579.24869219,308.969628804
 10/11  21:00:00,554.790242323,295.745097249
 10/11  22:00:00,349.35680699,2.1898107361099997
 10/11  23:00:00,299.992047942,2.18995140598
 10/11  24:00:00,287.769850012,2.18977551122
 10/12  01:00:00,287.76985213,2.1899220176800003
 10/12  02:00:00,287.76985208900004,2.18974925694
 10/12  03:00:00,287.769852126,2.18989399053
 10/12  04:00:00,299.99204996599997,2.18972137684
 10/12  05:00:00,349.358238921,4.3644530263
 10/12  06:00:00,429.95029664699996,552.1527624409999
 10/12  07:00:00,519.787264607,437.61969707
 10/12  08:00:00,1050.7322193,172.571610045
 10/12  09:00:00,1013.99881922,89.8136082217
 10/12  10:00:00,965.251583287,69.0527320796
 10/12  11:00:00,966.50115798,61.575662499799996
 10/12  12:00:00,915.378396042,68.751976659
 10/12  13:00:00,965.081281637,52.4459714292
 10/12  14:00:00,965.065231113,37.7023879452
 10/12  15:00:00,965.069472884,41.3460482009
 10/12  16:00:00,1013.96767488,51.9968111615
 10/12  17:00:00,901.1047046839999,47.0137911758
 10/12  18:00:00,735.953401215,92.3891117267
 10/12  19:00:00,728.617888588,120.81745556899999
 10/12  20:00:00,579.13956492,174.816090828
 10/12  21:00:00,554.703517512,189.17050519999998
 10/12  22:00:00,349.356809002,2.1899415269099998
 10/12  23:00:00,299.99204981400004,2.1897691468500002
 10/12  24:00:00,287.769852059,2.18991418394
 10/13  01:00:00,287.76985414,2.1897469915200003
 10/13  02:00:00,287.76985417099996,2.18989592883
 10/13  03:00:00,287.769854223,2.18972681366
 10/13  04:00:00,299.992052056,2.18987602056
 10/13  05:00:00,349.35824207,4.36478748227
 10/13  06:00:00,430.019165148,397.93951966599997
 10/13  07:00:00,519.705743893,347.170001525
 10/13  08:00:00,1050.74205691,189.51168774
 10/13  09:00:00,1014.04487308,149.958839636
 10/13  10:00:00,965.1228871,110.14285782200001
 10/13  11:00:00,965.110378495,92.0062804728
 10/13  12:00:00,915.2899408589999,116.35575670200001
 10/13  13:00:00,965.145069475,134.449940454
 10/13  14:00:00,965.133544023,125.47103136
 10/13  15:00:00,965.1009632480001,82.5468624857
 10/13  16:00:00,1014.00985399,108.354135961
 10/13  17:00:00,901.183157062,147.728468375
 10/13  18:00:00,736.047869396,217.014179461
 10/13  19:00:00,728.702564182,234.075634889
 10/13  20:00:00,579.2302358219999,297.298511264
 10/13  21:00:00,554.815392149,338.027808724
 10/13  22:00:00,349.356811031,2.1898854712599998
 10/13  23:00:00,299.992052001,2.18971664058
 10/13  24:00:00,287.769854221,2.18986614909
 10/14  01:00:00,237.92912939299998,2.18970131526
 10/14  02:00:00,237.92912939099998,4.35954386636
 10/14  03:00:00,237.929129375,2.1898428287700002
 10/14  04:00:00,250.151327205,2.18967742544
 10/14  05:00:00,274.597154449,2.1921316437200002
 10/14  06:00:00,429.94322420699996,588.772842724
 10/14  07:00:00,420.12385210800005,468.902895054
 10/14  08:00:00,652.120051986,318.91312279
 10/14  09:00:00,615.432270791,292.14185619200003
 10/14  10:00:00,566.522798816,268.635785128
 10/14  11:00:00,566.5109081740001,254.65817925099998
 10/14  12:00:00,566.518236095,264.40593728
 10/14  13:00:00,566.511727679,255.540685511
 10/14  14:00:00,317.363583198,328.755953112
 10/14  15:00:00,317.43805818,423.993891608
 10/14  16:00:00,366.38684737,495.44136957
 10/14  17:00:00,328.361077635,576.0298390219999
 10/14  18:00:00,330.842531357,4.36340013756
 10/14  19:00:00,323.485468195,2.1916523321400003
 10/14  20:00:00,323.485468865,4.3632114528
 10/14  21:00:00,299.042027523,4.3660510131
 10/14  22:00:00,274.59572286,2.1898766508099996
 10/14  23:00:00,250.15132721400002,2.1897114603
 10/14  24:00:00,239.915299075,13.931679156300001
 10/15  01:00:00,239.518577625,12.8046766806
 10/15  02:00:00,239.917960517,17.8099161205
 10/15  03:00:00,239.52071813700002,13.280217218699999
 10/15  04:00:00,252.14324079,21.6126827477
 10/15  05:00:00,276.191175171,20.6157321768
 10/15  06:00:00,325.481757272,28.168499273200002
 10/15  07:00:00,315.35396241,25.4345208716
 10/15  08:00:00,298.669545559,34.7141389071
 10/15  09:00:00,261.59728904400004,19.8038595449
 10/15  10:00:00,213.09746394799998,14.1392077051
 10/15  11:00:00,212.69955389900002,11.9764911626
 10/15  12:00:00,213.095611865,10.6918318227
 10/15  13:00:00,227.01531405900002,9.80781818698
 10/15  14:00:00,232.35138989900003,4.9050155790400005
 10/15  15:00:00,223.493484105,2.1891156311200004
 10/15  16:00:00,259.999840472,2.18906383768
 10/15  17:00:00,297.062641939,3.25963775734
 10/15  18:00:00,332.82286828599996,8.43417361915
 10/15  19:00:00,325.071768501,10.0235589305
 10/15  20:00:00,325.470531316,12.054398053699998
 10/15  21:00:00,300.63401474799997,18.5709847901
 10/15  22:00:00,276.587239402,20.9346919713
 10/15  23:00:00,251.75045317400003,24.5073060348
 10/15  24:00:00,239.92919893799998,31.2970013298
 10/16  01:00:00,289.379589779,36.6904377909
 10/16  02:00:00,289.780584795,43.3878845765
 10/16  03:00:00,289.39977416,60.5457870421
 10/16  04:00:00,302.031765609,77.06893479600001
 10/16  05:00:00,351.013211411,90.4924247914
 10/16  06:00:00,430.881903818,1443.32030299
 10/16  07:00:00,521.076309535,1461.87821332
 10/16  08:00:00,1051.2726455,568.365813832
 10/16  09:00:00,1014.16256242,205.48352393599998
 10/16  10:00:00,965.790772097,135.31265438100002
 10/16  11:00:00,968.772826378,112.07881251200001
 10/16  12:00:00,930.637611477,122.320203884
 10/16  13:00:00,1095.80178667,77.8141887348
 10/16  14:00:00,1231.99415126,41.2776153734
 10/16  15:00:00,1257.91539589,21.3191907815
 10/16  16:00:00,1313.83053228,28.6661574366
 10/16  17:00:00,1090.92641056,31.2965203307
 10/16  18:00:00,744.5132098710001,88.1944024267
 10/16  19:00:00,728.638472521,115.21026296299999
 10/16  20:00:00,579.147263492,149.15538149399998
 10/16  21:00:00,554.715524936,162.669581711
 10/16  22:00:00,349.35681777199994,4.35969278345
 10/16  23:00:00,299.992058527,2.18989753086
 10/16  24:00:00,287.76986067900003,2.18973974651
 10/17  01:00:00,287.769862709,2.18990934394
 10/17  02:00:00,287.76986269599996,2.1897549506900003
 10/17  03:00:00,287.76986262599996,2.1899219436400004
 10/17  04:00:00,299.99206045200003,2.18976772134
 10/17  05:00:00,349.35825593699997,4.3650189377399995
 10/17  06:00:00,429.80189569999993,334.165591647
 10/17  07:00:00,519.71026707,298.489825561
 10/17  08:00:00,1050.71523991,135.461401554
 10/17  09:00:00,1154.98475135,55.965888935600006
 10/17  10:00:00,1254.95265674,41.6724485285
 10/17  11:00:00,1265.73940774,40.4717003217
 10/17  12:00:00,1201.83848903,47.429921020100004
 10/17  13:00:00,1202.93849579,40.500776183
 10/17  14:00:00,1130.21409249,22.469463135
 10/17  15:00:00,1032.31667628,34.3743319998
 10/17  16:00:00,1013.96875816,48.387772750100005
 10/17  17:00:00,901.101062482,37.947689304099995
 10/17  18:00:00,744.4955744460001,83.9142236155
 10/17  19:00:00,728.613107741,103.650012913
 10/17  20:00:00,579.133488072,151.407181178
 10/17  21:00:00,554.712460317,182.310779817
 10/17  22:00:00,349.356819464,2.18978952088
 10/17  23:00:00,299.992060354,2.1899567704900003
 10/17  24:00:00,287.769862563,2.18980273499
 10/18  01:00:00,287.769864819,2.1899754544
 10/18  02:00:00,287.76986484,2.18982484754
 10/18  03:00:00,287.769864964,2.1899962282
 10/18  04:00:00,299.992062811,2.18984581806
 10/18  05:00:00,349.358258673,4.36500573359
 10/18  06:00:00,429.99634658400004,584.847006647
 10/18  07:00:00,528.625579055,717.6694575810001
 10/18  08:00:00,1050.84436956,274.293205386
 10/18  09:00:00,1014.02860925,115.03233214
 10/18  10:00:00,966.364054925,74.0928161938
 10/18  11:00:00,969.689749174,65.878947048
 10/18  12:00:00,922.243105238,70.73918428340001
 10/18  13:00:00,973.470693038,55.64641148
 10/18  14:00:00,973.439742001,28.265048719
 10/18  15:00:00,972.391925142,16.135007638199998
 10/18  16:00:00,1018.42776327,25.6240855099
 10/18  17:00:00,901.8921630660001,31.517178584
 10/18  18:00:00,744.483815297,68.6541699507
 10/18  19:00:00,728.622448599,113.83283529399999
 10/18  20:00:00,579.137100597,157.245413369
 10/18  21:00:00,554.704229409,170.131526915
 10/18  22:00:00,349.356822048,4.35983402725
 10/18  23:00:00,299.992062885,2.19001292566
 10/18  24:00:00,287.769864888,2.18986276817
 10/19  01:00:00,287.769867119,2.19004137211
 10/19  02:00:00,287.769866953,2.18989468855
 10/19  03:00:00,287.76986702,2.18974803617
 10/19  04:00:00,299.99206475799997,2.1899244118200003
 10/19  05:00:00,349.358262808,4.36489091445
 10/19  06:00:00,430.04069800900004,335.339150345
 10/19  07:00:00,528.24217132,312.63256075099997
 10/19  08:00:00,1050.722031,153.696431951
 10/19  09:00:00,1013.98967748,78.1558360144
 10/19  10:00:00,966.216926778,47.438776723900006
 10/19  11:00:00,970.293414444,46.2028336469
 10/19  12:00:00,966.599384708,53.6678755322
 10/19  13:00:00,1095.3153068,39.3515203181
 10/19  14:00:00,1177.4250620999999,18.3089549265
 10/19  15:00:00,1228.63284941,13.5792082516
 10/19  16:00:00,1239.5234854,20.4673612544
 10/19  17:00:00,962.865627065,24.984944066700002
 10/19  18:00:00,744.477090752,64.9625134064
 10/19  19:00:00,728.591430827,84.3172726638
 10/19  20:00:00,579.107618039,131.604324421
 10/19  21:00:00,554.672091354,141.650811285
 10/19  22:00:00,349.356824276,2.1900013898700004
 10/19  23:00:00,299.99206501,4.35994783064
 10/19  24:00:00,287.769867181,2.18975441458
 10/20  01:00:00,287.769869222,2.18993803117
 10/20  02:00:00,287.769869202,2.18979519292
 10/20  03:00:00,287.76986915,2.18997607185
 10/20  04:00:00,299.992066949,2.18983341679
 10/20  05:00:00,349.35826639699997,4.36473557562
 10/20  06:00:00,430.33922445900004,292.47546949599996
 10/20  07:00:00,528.190079143,265.274112548
 10/20  08:00:00,1050.65694526,80.9549105486
 10/20  09:00:00,1013.97168327,58.7974041988
 10/20  10:00:00,965.084814533,58.4485006523
 10/20  11:00:00,965.0925888119999,67.81737950109999
 10/20  12:00:00,915.251479652,68.2907080051
 10/20  13:00:00,965.231479489,40.411442002
 10/20  14:00:00,968.280806742,18.935118569100002
 10/20  15:00:00,967.299155909,14.3050527719
 10/20  16:00:00,1015.95923391,23.2195949878
 10/20  17:00:00,901.0901120010001,27.6316520277
 10/20  18:00:00,744.4793721389999,70.1107615298
 10/20  19:00:00,728.595256205,92.1948358665
 10/20  20:00:00,579.116781165,147.779931385
 10/20  21:00:00,554.717246076,205.29722516599998
 10/20  22:00:00,349.356826272,2.18977878393
 10/20  23:00:00,299.99206701,2.18996007857
 10/20  24:00:00,287.769869172,2.18981763697
 10/21  01:00:00,237.929144313,2.19000516964
 10/21  02:00:00,237.929144282,2.18986626061
 10/21  03:00:00,237.929144387,2.19005169159
 10/21  04:00:00,250.15134216799999,2.18991297926
 10/21  05:00:00,274.597179014,4.36507261191
 10/21  06:00:00,430.075256186,558.175813979
 10/21  07:00:00,428.68690750400003,480.57395361
 10/21  08:00:00,652.089252085,272.879137908
 10/21  09:00:00,615.348763815,182.23752777099998
 10/21  10:00:00,566.821085104,140.387812996
 10/21  11:00:00,569.54212458,123.27596191299999
 10/21  12:00:00,572.070352806,116.280226626
 10/21  13:00:00,573.262523748,104.941516748
 10/21  14:00:00,332.51800479999997,122.55276465600001
 10/21  15:00:00,321.609142968,84.6312890517
 10/21  16:00:00,367.76118753,92.9029565224
 10/21  17:00:00,327.998081923,125.91863239799999
 10/21  18:00:00,339.386218401,2.19177312028
 10/21  19:00:00,323.485489799,4.363098893
 10/21  20:00:00,323.485489498,2.1915480701599996
 10/21  21:00:00,299.042054857,4.36676559108
 10/21  22:00:00,274.595737697,2.1898004557700004
 10/21  23:00:00,250.15134208900002,2.18998645381
 10/21  24:00:00,237.929144347,2.18984795
 10/22  01:00:00,237.92866581,2.18909825521
 10/22  02:00:00,237.928665902,2.1889405342
 10/22  03:00:00,237.928665862,2.1890499916099997
 10/22  04:00:00,250.150863703,2.18915936125
 10/22  05:00:00,274.596701587,2.19173609417
 10/22  06:00:00,323.484050395,2.1890868420400005
 10/22  07:00:00,322.297446094,2.1891964595299997
 10/22  08:00:00,296.666446114,2.1891293221400003
 10/22  09:00:00,259.99985271400004,2.1891493297799998
 10/22  10:00:00,211.111061495,2.18899236528
 10/22  11:00:00,217.82956748700002,2.19096571287
 10/22  12:00:00,230.07000742,4.36172008869
 10/22  13:00:00,273.59069165200003,2.1934392100599998
 10/22  14:00:00,306.401756368,4.36183683074
 10/22  15:00:00,342.612918455,2.18895319897
 10/22  16:00:00,283.855376121,2.18915383215
 10/22  17:00:00,296.66644591,2.18899694127
 10/22  18:00:00,347.9284459,0.02
 10/22  19:00:00,323.48405030099997,2.18910696316
 10/22  20:00:00,323.484050417,2.1889500257299996
 10/22  21:00:00,299.041097766,4.362896461569999
 10/22  22:00:00,274.595259162,2.18898616229
 10/22  23:00:00,250.150863478,2.1890961999400003
 10/22  24:00:00,237.92866566900003,2.1889392447400002
 10/23  01:00:00,287.769875971,2.18996437687
 10/23  02:00:00,288.959005837,6.029614834
 10/23  03:00:00,288.959061481,6.098605804069999
 10/23  04:00:00,299.99207356200003,2.18989785339
 10/23  05:00:00,349.358276795,4.36479535938
 10/23  06:00:00,429.930625461,546.6581800580001
 10/23  07:00:00,537.556563715,407.87767269
 10/23  08:00:00,1050.75298092,195.124698753
 10/23  09:00:00,1014.1451384,266.717760998
 10/23  10:00:00,965.23722045,241.305020982
 10/23  11:00:00,965.1903259060001,187.657843057
 10/23  12:00:00,915.347191123,182.090214866
 10/23  13:00:00,965.1353541589999,118.083244909
 10/23  14:00:00,966.0959872330001,71.5101385062
 10/23  15:00:00,967.455224978,48.3594081587
 10/23  16:00:00,1014.97011751,52.0523446809
 10/23  17:00:00,901.118546128,64.6358011287
 10/23  18:00:00,753.0721451730001,130.814162151
 10/23  19:00:00,728.653834307,164.90824173
 10/23  20:00:00,579.184657466,232.40631674099998
 10/23  21:00:00,554.762522635,259.841455806
 10/23  22:00:00,349.356832887,2.18998264731
 10/23  23:00:00,299.992073832,2.1898511651400003
 10/23  24:00:00,287.769875997,4.35996287177
 10/24  01:00:00,287.769878295,2.18979286632
 10/24  02:00:00,287.76987808900003,2.1899929658
 10/24  03:00:00,287.769878048,2.18986619683
 10/24  04:00:00,299.99207585700003,2.1900663074
 10/24  05:00:00,349.35828047300004,4.36516047198
 10/24  06:00:00,429.930323485,556.712899426
 10/24  07:00:00,528.325579175,431.26475269599996
 10/24  08:00:00,1050.72530774,164.072737413
 10/24  09:00:00,1014.00859408,103.69766554200001
 10/24  10:00:00,965.617304625,76.3228566354
 10/24  11:00:00,968.640319077,72.21588164090001
 10/24  12:00:00,919.4237762930001,82.4221888741
 10/24  13:00:00,966.0864648080001,79.1358178845
 10/24  14:00:00,969.252198079,45.2095004338
 10/24  15:00:00,969.688574285,35.4790001519
 10/24  16:00:00,1015.88297442,44.6887165682
 10/24  17:00:00,901.133122748,80.8098366011
 10/24  18:00:00,753.117093963,186.649640413
 10/24  19:00:00,728.703294418,225.72140866599997
 10/24  20:00:00,579.248974636,309.734923871
 10/24  21:00:00,554.854128028,369.151394719
 10/24  22:00:00,349.356835227,2.1898255154700004
 10/24  23:00:00,299.992075956,2.1900260304400003
 10/24  24:00:00,287.76987806799997,2.1898995664300003
 10/25  01:00:00,287.769880393,2.1901064204
 10/25  02:00:00,287.769880301,2.18998362331
 10/25  03:00:00,289.754964423,12.4368167811
 10/25  04:00:00,301.58211526599996,12.7880941251
 10/25  05:00:00,351.34919738699995,21.713862212
 10/25  06:00:00,430.28282054,924.3144976110001
 10/25  07:00:00,537.6440994540001,1173.89882463
 10/25  08:00:00,1051.09245505,483.748638241
 10/25  09:00:00,1014.09128712,161.28585935700002
 10/25  10:00:00,966.434588211,96.7939288801
 10/25  11:00:00,969.766142421,72.7170431326
 10/25  12:00:00,922.202656579,90.2376891388
 10/25  13:00:00,973.400501016,65.5408715724
 10/25  14:00:00,972.393492551,39.420621004299996
 10/25  15:00:00,968.416232548,30.0464688486
 10/25  16:00:00,1015.16309476,36.2925664904
 10/25  17:00:00,901.13789113,51.0051332786
 10/25  18:00:00,753.087048422,124.245361574
 10/25  19:00:00,728.672634793,157.708933686
 10/25  20:00:00,579.189713184,202.13440051
 10/25  21:00:00,554.758625671,217.344608843
 10/25  22:00:00,349.356837375,2.19001187893
 10/25  23:00:00,299.99207833,2.1898885314400003
 10/25  24:00:00,287.769880498,4.36006520949
 10/26  01:00:00,287.769882741,2.1898563445900003
 10/26  02:00:00,287.769882618,2.19006618672
 10/26  03:00:00,287.769882523,2.18994761867
 10/26  04:00:00,299.992080391,2.18982911335
 10/26  05:00:00,349.358287825,4.36489338415
 10/26  06:00:00,430.126782884,638.349095627
 10/26  07:00:00,537.335983695,834.3886623889999
 10/26  08:00:00,1050.89311001,301.083394085
 10/26  09:00:00,1014.05112973,127.574195785
 10/26  10:00:00,966.973126726,78.2880196287
 10/26  11:00:00,970.198900347,59.8515071421
 10/26  12:00:00,980.428267829,63.8799687806
 10/26  13:00:00,1142.10317077,49.9306950808
 10/26  14:00:00,1211.24776611,23.7932440107
 10/26  15:00:00,1227.8123305,16.6067356564
 10/26  16:00:00,1274.09929091,19.2284725218
 10/26  17:00:00,974.9900542810001,27.4388075392
 10/26  18:00:00,753.0257491,62.5207552154
 10/26  19:00:00,728.625275156,109.342090089
 10/26  20:00:00,579.1624008069999,171.98802900299998
 10/26  21:00:00,554.746084981,206.326217568
 10/26  22:00:00,349.356839596,2.1900831846599997
 10/26  23:00:00,299.992080595,2.19012815018
 10/26  24:00:00,287.769882747,4.359901487809999
 10/27  01:00:00,287.769885092,2.19010996406
 10/27  02:00:00,287.769884881,2.18999545437
 10/27  03:00:00,287.76988485,2.18988102803
 10/27  04:00:00,299.992082627,2.19009604447
 10/27  05:00:00,349.35829135,4.3653039823699995
 10/27  06:00:00,430.222809469,532.5143875069999
 10/27  07:00:00,537.053092011,567.629922653
 10/27  08:00:00,1050.76522355,185.91088998799998
 10/27  09:00:00,1014.10839129,89.68744670000001
 10/27  10:00:00,1003.82942446,57.1617198359
 10/27  11:00:00,1231.9348565999999,45.7923182467
 10/27  12:00:00,1238.76230346,46.8084598965
 10/27  13:00:00,1320.8007977,29.9479430682
 10/27  14:00:00,1319.18786875,16.053788466300002
 10/27  15:00:00,1318.48564264,15.3846978343
 10/27  16:00:00,1366.10761564,17.6569796951
 10/27  17:00:00,1134.59144302,14.3395614147
 10/27  18:00:00,753.0878020010001,30.8120060663
 10/27  19:00:00,728.5666001669999,50.3139567004
 10/27  20:00:00,634.571687987,77.5140325208
 10/27  21:00:00,598.018125827,89.9858642726
 10/27  22:00:00,349.356842111,4.36000814635
 10/27  23:00:00,299.992082941,2.1901285067500003
 10/27  24:00:00,287.769884902,2.19001439011
 10/28  01:00:00,237.92916008400002,2.18990695292
 10/28  02:00:00,237.92916008400002,2.1901267067299997
 10/28  03:00:00,237.929160025,2.19001644951
 10/28  04:00:00,250.15135792700002,2.18990626242
 10/28  05:00:00,274.597204253,4.365258212390001
 10/28  06:00:00,430.3229222,147.17919842700002
 10/28  07:00:00,446.234833386,176.611769248
 10/28  08:00:00,651.966779569,118.419373916
 10/28  09:00:00,615.246191222,56.670839510600004
 10/28  10:00:00,674.992766732,51.064992814700005
 10/28  11:00:00,805.10066088,45.2978881617
 10/28  12:00:00,814.068594336,50.2981567822
 10/28  13:00:00,811.4795399330001,52.65929260520001
 10/28  14:00:00,558.578707541,53.245706505200005
 10/28  15:00:00,479.79736731199995,43.4639663235
 10/28  16:00:00,408.46935169,100.190638839
 10/28  17:00:00,355.06197218,155.707981176
 10/28  18:00:00,347.92990781599997,4.36357304789
 10/28  19:00:00,323.485511486,2.19165214157
 10/28  20:00:00,323.485511987,4.36339774604
 10/28  21:00:00,299.04208361900004,4.36693779465
 10/28  22:00:00,274.595753373,2.18991084087
 10/28  23:00:00,250.151357798,2.19013110458
 10/28  24:00:00,237.92915996099998,2.19002115279
 10/29  01:00:00,237.92867849700002,2.18922855368
 10/29  02:00:00,237.92867848400002,2.18909849948
 10/29  03:00:00,237.92867853099997,2.18923998717
 10/29  04:00:00,250.15087628700002,2.1891102786900003
 10/29  05:00:00,274.596723581,2.19176958466
 10/29  06:00:00,323.484063071,2.1890999385099996
 10/29  07:00:00,330.841125403,2.1892419365099998
 10/29  08:00:00,296.666458701,2.18911255344
 10/29  09:00:00,259.99986535799997,2.1892554514500002
 10/29  10:00:00,211.11107415799998,2.18926160312
 10/29  11:00:00,211.11204201400002,2.1910380980400004
 10/29  12:00:00,211.112042385,4.3618621958
 10/29  13:00:00,211.11349372799998,4.366941150030001
 10/29  14:00:00,211.112042068,2.19070560269
 10/29  15:00:00,211.11107409299998,2.18912660636
 10/29  16:00:00,259.999865356,2.18926872944
 10/29  17:00:00,305.210125331,2.18913949079
 10/29  18:00:00,347.928458697,2.1890101666799997
 10/29  19:00:00,323.484062978,2.18915262454
 10/29  20:00:00,323.48406297900004,2.18902331004
 10/29  21:00:00,299.041119246,2.19158953349
 10/29  22:00:00,274.595271832,2.18901316912
 10/29  23:00:00,250.150876194,2.18915558547
 10/29  24:00:00,239.118059072,6.156180021340001
 10/30  01:00:00,288.95971620299997,6.67936004257
 10/30  02:00:00,289.357904168,10.0338063349
 10/30  03:00:00,289.7565274,13.9015936019
 10/30  04:00:00,301.583178192,13.653886718099999
 10/30  05:00:00,351.348044475,19.7327455458
 10/30  06:00:00,430.173518999,781.8954493089999
 10/30  07:00:00,537.017433975,551.729037364
 10/30  08:00:00,1050.85701739,294.192244244
 10/30  09:00:00,1014.09180514,185.98092317299998
 10/30  10:00:00,965.145107644,124.27814698899999
 10/30  11:00:00,965.1202670160001,97.13364287530001
 10/30  12:00:00,915.284080262,99.5372394408
 10/30  13:00:00,1024.58754848,68.6095527561
 10/30  14:00:00,1096.65326439,51.323283411599995
 10/30  15:00:00,1088.86706989,33.235935190700005
 10/30  16:00:00,1048.16340607,47.7771936979
 10/30  17:00:00,909.676163456,77.3722389059
 10/30  18:00:00,753.0658495160001,115.794502604
 10/30  19:00:00,728.632609077,130.746585913
 10/30  20:00:00,579.14964716,178.870271853
 10/30  21:00:00,554.722875136,202.03307536900002
 10/30  22:00:00,349.356848915,2.18990339855
 10/30  23:00:00,299.992089629,2.19013394442
 10/30  24:00:00,287.76989169,2.1900324494
 10/31  01:00:00,287.769894031,2.1899370133200002
 10/31  02:00:00,287.769894105,2.19017204468
 10/31  03:00:00,287.769894128,2.19007447225
 10/31  04:00:00,299.992092082,4.359856560969999
 10/31  05:00:00,349.358305411,2.1927088225099998
 10/31  06:00:00,430.00503759099996,265.56723032599996
 10/31  07:00:00,536.734600697,264.109928264
 10/31  08:00:00,1050.69369442,124.787386025
 10/31  09:00:00,1014.01778526,114.425202156
 10/31  10:00:00,965.135886357,122.665248082
 10/31  11:00:00,965.115874739,96.0777421258
 10/31  12:00:00,985.304611855,94.5268281462
 10/31  13:00:00,1199.37576404,56.80588152520001
 10/31  14:00:00,1227.42992405,34.6251527262
 10/31  15:00:00,1260.01121114,33.6955993995
 10/31  16:00:00,1304.31424933,29.7821422875
 10/31  17:00:00,1000.84322559,37.5592490601
 10/31  18:00:00,753.047665439,102.998912075
 10/31  19:00:00,728.6152793210001,117.48969717700001
 10/31  20:00:00,579.128033512,160.364976236
 10/31  21:00:00,613.7629637719999,164.06072781700001
 10/31  22:00:00,349.356850776,2.19004870527
 10/31  23:00:00,299.9920918,2.18995146843
 10/31  24:00:00,287.769894202,2.19018701237
 11/01  01:00:00,287.769896487,4.36009523759
 11/01  02:00:00,287.769896512,2.1899075654900004
 11/01  03:00:00,287.769896334,2.1901480771
 11/01  04:00:00,299.992094027,2.19005490605
 11/01  05:00:00,349.358309611,4.365365509630001
 11/01  06:00:00,430.174645219,270.13319697400004
 11/01  07:00:00,536.735596029,277.922215561
 11/01  08:00:00,1050.69682359,133.750040706
 11/01  09:00:00,1014.00633015,104.131306819
 11/01  10:00:00,965.1123809630001,97.1659543062
 11/01  11:00:00,965.11939089,105.801524649
 11/01  12:00:00,915.2882555069999,114.354371896
 11/01  13:00:00,965.118983008,103.582479601
 11/01  14:00:00,965.110301402,96.0692169645
 11/01  15:00:00,965.10396715,88.70232180040001
 11/01  16:00:00,1013.99741726,92.45107344540001
 11/01  17:00:00,909.70284455,117.342816712
 11/01  18:00:00,753.123280496,202.55475104599998
 11/01  19:00:00,728.710641725,245.428186942
 11/01  20:00:00,579.2566679509999,334.052002326
 11/01  21:00:00,554.842148388,371.596181148
 11/01  22:00:00,349.35685310400004,2.18994167652
 11/01  23:00:00,299.992094008,2.19018244412
 11/01  24:00:00,287.769896191,2.1900894816900003
 11/02  01:00:00,287.769898645,2.1900018877200003
 11/02  02:00:00,287.769898868,2.1899127913
 11/02  03:00:00,287.76989880400004,4.36022794277
 11/02  04:00:00,299.992096533,2.18998068902
 11/02  05:00:00,349.35831295400004,2.1926558114900003
 11/02  06:00:00,430.13984024,729.437147331
 11/02  07:00:00,545.584646617,628.576625861
 11/02  08:00:00,1050.95154064,424.40981291699995
 11/02  09:00:00,1014.22142897,347.431106951
 11/02  10:00:00,965.266100525,268.572406962
 11/02  11:00:00,965.22233243,215.48562777
 11/02  12:00:00,915.387318253,223.58119336599998
 11/02  13:00:00,965.17957917,167.045132227
 11/02  14:00:00,965.15858524,145.20494636200002
 11/02  15:00:00,965.1546780360001,141.57382868
 11/02  16:00:00,1014.06393563,164.17399053
 11/02  17:00:00,909.7930295560001,214.467380271
 11/02  18:00:00,753.221033692,301.594944527
 11/02  19:00:00,728.7945166630001,326.503020928
 11/02  20:00:00,579.34077336,403.886208072
 11/02  21:00:00,555.019826577,547.085056793
 11/02  22:00:00,349.356855279,2.19004612216
 11/02  23:00:00,299.992096262,2.18995749635
 11/02  24:00:00,287.769898579,2.1902034448500003
 11/03  01:00:00,287.76990099200003,2.19012016949
 11/03  02:00:00,289.359232931,13.5966914966
 11/03  03:00:00,289.758569313,16.0552866451
 11/03  04:00:00,301.586594783,17.400817179100002
 11/03  05:00:00,351.353172173,25.3786422243
 11/03  06:00:00,430.409132146,995.508353873
 11/03  07:00:00,546.0726969269999,1022.55929351
 11/03  08:00:00,1051.21842665,606.278151918
 11/03  09:00:00,1014.31954277,379.671841904
 11/03  10:00:00,965.26041381,212.922868543
 11/03  11:00:00,966.4455451030001,174.736337796
 11/03  12:00:00,919.1758949560001,173.778854476
 11/03  13:00:00,971.2996541839999,130.55274899
 11/03  14:00:00,969.475900882,108.560491364
 11/03  15:00:00,968.981893218,77.78220121380001
 11/03  16:00:00,1015.64472572,86.38138890889999
 11/03  17:00:00,909.738281193,130.961021669
 11/03  18:00:00,753.3209331769999,364.95961290300005
 11/03  19:00:00,729.008958835,488.767827336
 11/03  20:00:00,579.5964160340001,583.268415078
 11/03  21:00:00,555.250586593,662.007547586
 11/03  22:00:00,349.356857984,2.19014370162
 11/03  23:00:00,299.992098998,2.18994623696
 11/03  24:00:00,287.76990113799997,4.360310696
 11/04  01:00:00,238.325974638,3.55221235055
 11/04  02:00:00,239.914508097,10.254280546799999
 11/04  03:00:00,239.521296202,12.2440179819
 11/04  04:00:00,252.14369827299998,16.8015813886
 11/04  05:00:00,276.19586028599997,20.5227939149
 11/04  06:00:00,430.375796233,808.149138434
 11/04  07:00:00,446.467800481,962.0855429530001
 11/04  08:00:00,652.726412554,745.1338627360001
 11/04  09:00:00,615.770306399,499.294436576
 11/04  10:00:00,566.576268207,243.16645195599997
 11/04  11:00:00,566.578888382,193.090862737
 11/04  12:00:00,567.070251795,161.895315797
 11/04  13:00:00,601.151784238,144.14145504
 11/04  14:00:00,349.01659316300004,169.513709049
 11/04  15:00:00,345.007939417,175.47028148200002
 11/04  16:00:00,366.18197783,198.693174675
 11/04  17:00:00,345.26563972099996,301.392218436
 11/04  18:00:00,347.929929932,4.36375186054
 11/04  19:00:00,323.485534159,2.19174431389
 11/04  20:00:00,323.485534395,4.36368334045
 11/04  21:00:00,299.04211203200003,4.36709165454
 11/04  22:00:00,274.595769774,2.19001289196
 11/04  23:00:00,250.15137408299998,2.1899330244499997
 11/04  24:00:00,237.92917615099998,2.19018962617
 11/05  01:00:00,237.92869146599998,2.1890763776199997
 11/05  02:00:00,237.928691409,2.18925176093
 11/05  03:00:00,237.928691408,2.18915084119
 11/05  04:00:00,251.34086934200002,6.47393432771
 11/05  05:00:00,275.787123584,6.9063918947600005
 11/05  06:00:00,325.072435874,9.76134748905
 11/05  07:00:00,341.37112606200003,12.6002354677
 11/05  08:00:00,298.256555629,11.6318323523
 11/05  09:00:00,261.98748399,13.999488380699999
 11/05  10:00:00,212.702083155,12.6259832111
 11/05  11:00:00,213.100011815,14.3831893893
 11/05  12:00:00,212.70246239099998,14.1655527524
 11/05  13:00:00,213.100735147,15.773545013900002
 11/05  14:00:00,212.703119944,12.7178216357
 11/05  15:00:00,213.101486547,17.0643407272
 11/05  16:00:00,261.597572409,19.917691716900002
 11/05  17:00:00,315.753627927,27.2718417722
 11/05  18:00:00,349.54009424099996,34.9405490066
 11/05  19:00:00,325.49131272299996,35.1505210625
 11/05  20:00:00,325.10345994200003,43.0920228415
 11/05  21:00:00,301.07204129400003,60.117083498999996
 11/05  22:00:00,276.245763355,75.2584043546
 11/05  23:00:00,252.20270409999998,80.5853053667
 11/05  24:00:00,239.595406818,89.9340194742
 11/06  01:00:00,289.83601419900003,92.5738844763
 11/06  02:00:00,289.44362779799997,93.88400133100001
 11/06  03:00:00,289.841580969,96.970101698
 11/06  04:00:00,326.27986360200003,156.973761398
 11/06  05:00:00,338.136500298,161.187369408
 11/06  06:00:00,372.186809651,190.65041085
 11/06  07:00:00,422.88494394400004,1650.57906075
 11/06  08:00:00,504.59129031199996,1714.08370512
 11/06  09:00:00,1051.99116305,987.583715247
 11/06  10:00:00,1014.97336831,739.42412012
 11/06  11:00:00,965.946615196,655.6952756630001
 11/06  12:00:00,965.771396546,537.45315186
 11/06  13:00:00,915.8723948689999,505.110262095
 11/06  14:00:00,967.269492475,385.19453528400004
 11/06  15:00:00,967.2089896069999,348.43795741800005
 11/06  16:00:00,965.926744843,487.484563214
 11/06  17:00:00,1032.10678308,773.913649915
 11/06  18:00:00,953.936399118,982.489084739
 11/06  19:00:00,754.909282675,1049.13930177
 11/06  20:00:00,730.7487151239999,1076.1686029999998
 11/06  21:00:00,581.199646978,1006.71072349
 11/06  22:00:00,556.665678805,988.671403733
 11/06  23:00:00,349.35686485599996,2.19027015625
 11/06  24:00:00,301.184317627,5.11493946382
 11/07  01:00:00,289.767391179,14.2250380991
 11/07  02:00:00,289.377761217,14.8485617296
 11/07  03:00:00,289.817565456,36.222995915
 11/07  04:00:00,310.54011708,69.290715363
 11/07  05:00:00,319.034844994,119.239779697
 11/07  06:00:00,372.25938072199995,152.31494273799998
 11/07  07:00:00,422.96312519099996,1179.51166609
 11/07  08:00:00,509.36638498199994,2561.41098932
 11/07  09:00:00,1055.23086625,1180.30368873
 11/07  10:00:00,1016.80977383,805.4483392689999
 11/07  11:00:00,966.815704038,616.01499121
 11/07  12:00:00,966.127596955,468.817549784
 11/07  13:00:00,915.947439835,385.511617026
 11/07  14:00:00,965.7050827080001,334.794309699
 11/07  15:00:00,965.5849217760001,339.656482835
 11/07  16:00:00,965.562491363,346.175945761
 11/07  17:00:00,1031.5657517000002,385.13403213
 11/07  18:00:00,953.1110488139999,560.76130239
 11/07  19:00:00,754.0091268580001,746.796461369
 11/07  20:00:00,729.533809933,721.3522391989999
 11/07  21:00:00,580.015960689,738.92375241
 11/07  22:00:00,555.55242924,736.777846091
 11/07  23:00:00,349.356867048,2.19022335987
 11/07  24:00:00,299.99210792599996,2.18998617838
 11/08  01:00:00,287.769912523,2.1902648447
 11/08  02:00:00,289.756885535,9.851459043410001
 11/08  03:00:00,289.361306541,11.860561903099999
 11/08  04:00:00,289.762484763,14.0844574173
 11/08  05:00:00,301.587699639,12.8832531999
 11/08  06:00:00,351.35878085699994,22.2522204108
 11/08  07:00:00,422.071994655,835.0931600739999
 11/08  08:00:00,503.20951955099997,701.494191994
 11/08  09:00:00,1051.03187302,383.68709477699997
 11/08  10:00:00,1014.14786808,201.569222253
 11/08  11:00:00,965.31886213,165.10316223700002
 11/08  12:00:00,965.497016263,162.886124187
 11/08  13:00:00,915.381642113,183.581812031
 11/08  14:00:00,965.1636659889999,128.513594203
 11/08  15:00:00,965.77985967,83.9592817275
 11/08  16:00:00,965.3388606110001,75.5164257138
 11/08  17:00:00,1031.123573,116.091732575
 11/08  18:00:00,952.4979234639999,176.591939293
 11/08  19:00:00,753.2083467660001,254.237134828
 11/08  20:00:00,728.798888889,296.15015082
 11/08  21:00:00,579.380132342,412.37866105800003
 11/08  22:00:00,555.0127664,497.228863939
 11/08  23:00:00,349.35686950400003,2.19029746084
 11/08  24:00:00,299.992110246,2.1902351478
 11/09  01:00:00,287.769914787,2.19017910568
 11/09  02:00:00,287.769914913,2.1901208252
 11/09  03:00:00,287.769915116,4.36006735921
 11/09  04:00:00,288.96059434,7.229745804430001
 11/09  05:00:00,301.579751745,8.9842454527
 11/09  06:00:00,351.34356559800005,13.5942757444
 11/09  07:00:00,430.22736786400003,778.1837584939999
 11/09  08:00:00,502.86397103400003,545.098128362
 11/09  09:00:00,1050.8553318,283.239380342
 11/09  10:00:00,1014.09485583,183.49123861099997
 11/09  11:00:00,965.15819385,137.559247995
 11/09  12:00:00,965.1326981330001,106.478296954
 11/09  13:00:00,927.823402396,118.395052205
 11/09  14:00:00,1058.00574651,72.9773838137
 11/09  15:00:00,1118.11145951,44.482138326000005
 11/09  16:00:00,1117.890361,44.517056778800004
 11/09  17:00:00,1137.54539058,64.8167008774
 11/09  18:00:00,962.487722515,97.40869863120001
 11/09  19:00:00,776.4450431,132.66341727399998
 11/09  20:00:00,822.0578514919999,137.707021652
 11/09  21:00:00,668.6941261,188.07708601599998
 11/09  22:00:00,633.445821883,206.071445484
 11/09  23:00:00,349.356871533,2.19008290927
 11/09  24:00:00,299.99211259099997,2.1900251435499998
 11/10  01:00:00,287.769917361,2.19031369958
 11/10  02:00:00,287.769917312,4.36046583633
 11/10  03:00:00,287.769917172,2.19015239708
 11/10  04:00:00,287.76991706900003,2.1900988569999997
 11/10  05:00:00,299.992114887,2.1900454044099997
 11/10  06:00:00,349.358342855,4.36577417288
 11/10  07:00:00,429.767404374,343.454132006
 11/10  08:00:00,502.58716736,295.65147599700003
 11/10  09:00:00,1050.68392102,111.73570520000001
 11/10  10:00:00,1159.44774812,70.7748374218
 11/10  11:00:00,1227.47874519,55.7956043783
 11/10  12:00:00,1247.9103764000001,49.0550345442
 11/10  13:00:00,1206.33916641,56.9219463502
 11/10  14:00:00,1251.02614298,34.742127975900004
 11/10  15:00:00,1247.69630768,20.5610796178
 11/10  16:00:00,1242.26037006,22.8396355671
 11/10  17:00:00,1194.22077279,35.6064222512
 11/10  18:00:00,1020.11794525,53.5724187829
 11/10  19:00:00,753.0403029280001,92.3159765549
 11/10  20:00:00,728.612846016,112.569513046
 11/10  21:00:00,579.120665375,150.911575859
 11/10  22:00:00,554.67717943,153.790089799
 11/10  23:00:00,349.356874356,2.1900389231
 11/10  24:00:00,299.992115065,2.190327401
 11/11  01:00:00,237.928702549,2.18916157553
 11/11  02:00:00,237.92870253099997,2.1893668138
 11/11  03:00:00,237.928702484,2.18929150416
 11/11  04:00:00,237.928702484,2.18921632979
 11/11  05:00:00,250.150900323,2.18914127153
 11/11  06:00:00,274.59676552400003,2.19214964133
 11/11  07:00:00,323.484087057,2.18925361162
 11/11  08:00:00,296.6664827,2.18936679905
 11/11  09:00:00,296.66648271400004,2.1893852808500003
 11/11  10:00:00,344.151253556,2.18931060952
 11/11  11:00:00,454.88070901599997,2.18937610564
 11/11  12:00:00,429.781490024,2.19128242151
 11/11  13:00:00,498.08169739,4.36245067516
 11/11  14:00:00,445.04331227800003,4.368066659519999
 11/11  15:00:00,502.52633959599996,2.19125217359
 11/11  16:00:00,438.005570004,2.1893889865
 11/11  17:00:00,432.353901071,2.18931396723
 11/11  18:00:00,347.928482686,2.18923855175
 11/11  19:00:00,347.928482738,2.18916383127
 11/11  20:00:00,323.484087128,2.18936999101
 11/11  21:00:00,323.484087097,2.1892952634
 11/11  22:00:00,299.041161501,2.19212053942
 11/11  23:00:00,274.595295947,2.1894083538599998
 11/11  24:00:00,250.150900287,2.1893336591
 11/12  01:00:00,237.928704345,2.18926268007
 11/12  02:00:00,237.92870436799998,2.18919138476
 11/12  03:00:00,237.92870438900002,2.1894017185299997
 11/12  04:00:00,237.928704345,2.18933079782
 11/12  05:00:00,250.150902146,2.18925999435
 11/12  06:00:00,274.596769547,4.364022902019999
 11/12  07:00:00,323.484088918,2.18930910974
 11/12  08:00:00,296.66648454200003,2.1893798747299997
 11/12  09:00:00,296.666484538,2.1893094948
 11/12  10:00:00,286.127673569,2.18938009747
 11/12  11:00:00,403.79905847699996,2.18921646423
 11/12  12:00:00,484.10690037,2.1912505713900003
 11/12  13:00:00,465.80774595599996,2.1912709689099996
 11/12  14:00:00,508.474357428,4.36822818234
 11/12  15:00:00,458.424682195,4.3621455427599996
 11/12  16:00:00,463.58610721699995,2.18935422969
 11/12  17:00:00,285.630891128,2.1890322329
 11/12  18:00:00,347.928484505,2.1893535707900003
 11/12  19:00:00,347.928484477,2.1892831536900004
 11/12  20:00:00,323.484088882,2.1892127479299996
 11/12  21:00:00,323.48408892,1.78939656689
 11/12  22:00:00,299.041164469,2.59193883463
 11/12  23:00:00,274.595297632,2.18926433546
 11/12  24:00:00,250.150902085,2.18919390955
 11/13  01:00:00,287.769923955,2.19019252253
 11/13  02:00:00,287.76992411099997,2.19015221681
 11/13  03:00:00,288.562948581,7.27230784902
 11/13  04:00:00,289.35674394,8.9682747303
 11/13  05:00:00,301.978022017,13.6010948663
 11/13  06:00:00,350.948345349,15.065346046199998
 11/13  07:00:00,430.206092333,850.948997586
 11/13  08:00:00,502.802765202,525.061307808
 11/13  09:00:00,1050.77302229,209.756184942
 11/13  10:00:00,1014.03768309,131.052807309
 11/13  11:00:00,965.1599493169999,108.131080368
 11/13  12:00:00,1126.01424805,84.3663857703
 11/13  13:00:00,1191.23465573,83.5488282727
 11/13  14:00:00,1246.96737793,45.1238985467
 11/13  15:00:00,1248.46002509,29.589558023200002
 11/13  16:00:00,1243.6757812,32.6469042542
 11/13  17:00:00,1242.44791185,49.95417036439999
 11/13  18:00:00,967.44162051,84.0487261196
 11/13  19:00:00,753.06959174,121.981086859
 11/13  20:00:00,728.633220569,135.70473831
 11/13  21:00:00,579.1481668069999,177.54240876900002
 11/13  22:00:00,554.720921952,202.48069511900002
 11/13  23:00:00,349.356881159,2.1902114154400003
 11/13  24:00:00,299.992122085,4.360301278590001
 11/14  01:00:00,287.769926584,2.19009885622
 11/14  02:00:00,287.76992641,2.19006320456
 11/14  03:00:00,287.769926339,2.19037301632
 11/14  04:00:00,287.769926355,2.19033736604
 11/14  05:00:00,299.99212432,2.19030179095
 11/14  06:00:00,349.358357205,4.36603712541
 11/14  07:00:00,429.797885833,360.51671602199997
 11/14  08:00:00,511.82549857099997,291.643920505
 11/14  09:00:00,1087.67232666,127.40671462899999
 11/14  10:00:00,1014.00789549,102.589614715
 11/14  11:00:00,965.1061538539999,88.6094852399
 11/14  12:00:00,965.363901563,78.0538369328
 11/14  13:00:00,915.269923488,88.2204712758
 11/14  14:00:00,965.093096835,70.7102367812
 11/14  15:00:00,1167.72181216,29.7173809197
 11/14  16:00:00,1242.32539651,27.8919607249
 11/14  17:00:00,1123.08049498,52.4601451538
 11/14  18:00:00,952.396262549,84.432434073
 11/14  19:00:00,753.0588085530001,115.030686907
 11/14  20:00:00,728.637777451,148.32572769799998
 11/14  21:00:00,579.171666091,215.86670391099997
 11/14  22:00:00,554.7527053809999,252.051838858
 11/14  23:00:00,349.356883144,2.19032339624
 11/14  24:00:00,299.99212422700003,2.19028799818
 11/15  01:00:00,287.769928837,4.36048332827
 11/15  02:00:00,287.769928735,2.19019479476
 11/15  03:00:00,287.769928593,2.19016372146
 11/15  04:00:00,287.76992859,2.1901327482700004
 11/15  05:00:00,299.99212652,2.1901018580900002
 11/15  06:00:00,349.358361241,4.36566711497
 11/15  07:00:00,430.048828681,659.276311803
 11/15  08:00:00,502.747026451,489.865714321
 11/15  09:00:00,1050.77837905,225.63128623400002
 11/15  10:00:00,1014.09745124,118.731937731
 11/15  11:00:00,967.181089962,111.83146624700001
 11/15  12:00:00,967.521569142,108.287803575
 11/15  13:00:00,920.076381979,115.30936392
 11/15  14:00:00,969.811031545,79.7785759044
 11/15  15:00:00,966.152896878,64.2406414557
 11/15  16:00:00,965.1293591839999,69.2892449202
 11/15  17:00:00,1039.63329071,95.0037728102
 11/15  18:00:00,952.444519581,143.77787797
 11/15  19:00:00,753.127850436,200.251211062
 11/15  20:00:00,728.7282874069999,259.756489137
 11/15  21:00:00,579.266283716,329.931765082
 11/15  22:00:00,554.839631406,354.16283672699996
 11/15  23:00:00,349.356885834,2.1903228461099995
 11/15  24:00:00,299.992126687,4.36055055956
 11/16  01:00:00,287.76993105099996,2.19023696222
 11/16  02:00:00,287.76993089900003,2.19021028434
 11/16  03:00:00,287.769930895,2.1901837301
 11/16  04:00:00,288.167038457,4.37179086967
 11/16  05:00:00,301.978649587,16.480076491600002
 11/16  06:00:00,350.95056739999995,15.564596143800001
 11/16  07:00:00,430.25600702599996,905.638536282
 11/16  08:00:00,511.907659125,1085.9215652
 11/16  09:00:00,1051.02014001,427.033680727
 11/16  10:00:00,1014.38546196,174.486998743
 11/16  11:00:00,968.298552447,130.012349616
 11/16  12:00:00,971.414477124,104.94270007600001
 11/16  13:00:00,922.801946558,115.467616675
 11/16  14:00:00,972.8837571839999,70.8407643342
 11/16  15:00:00,971.164019589,38.383932066199996
 11/16  16:00:00,968.063405247,39.647838456100004
 11/16  17:00:00,1039.97644029,62.5704617721
 11/16  18:00:00,952.443494098,120.126920827
 11/16  19:00:00,753.141104113,187.88852541
 11/16  20:00:00,728.733331968,227.86699310900002
 11/16  21:00:00,579.26677066,290.583734885
 11/16  22:00:00,554.821024164,292.453717956
 11/16  23:00:00,349.356887772,2.19015641959
 11/16  24:00:00,299.992128657,2.19013023303
 11/17  01:00:00,287.76993329,2.19010956859
 11/17  02:00:00,287.769933543,2.19008747065
 11/17  03:00:00,287.76993349400004,4.36080510009
 11/17  04:00:00,287.769933227,2.19036945117
 11/17  05:00:00,299.992130915,2.19034747755
 11/17  06:00:00,349.358368574,4.36589868166
 11/17  07:00:00,430.128143849,641.28325042
 11/17  08:00:00,511.411343331,560.9653075130001
 11/17  09:00:00,1050.85608733,283.79287548599996
 11/17  10:00:00,1014.10513416,196.49818215599998
 11/17  11:00:00,965.156788353,135.394548616
 11/17  12:00:00,965.126031124,98.58095668879999
 11/17  13:00:00,915.285734637,100.963373386
 11/17  14:00:00,1032.55603082,73.6084039142
 11/17  15:00:00,1015.74146865,58.9751599314
 11/17  16:00:00,965.0920861210001,65.5918372407
 11/17  17:00:00,1039.63242496,89.5345628241
 11/17  18:00:00,952.434027395,118.52770452600001
 11/17  19:00:00,753.116748153,174.36169248
 11/17  20:00:00,728.704357754,211.844673665
 11/17  21:00:00,579.250802947,294.268488374
 11/17  22:00:00,554.826533651,320.359304281
 11/17  23:00:00,349.35689036800005,2.19017944586
 11/17  24:00:00,299.992131054,2.1901578021900003
 11/18  01:00:00,237.929208438,2.19014246952
 11/18  02:00:00,237.92920853799998,2.1901249332700004
 11/18  03:00:00,237.92920878400002,2.19010752673
 11/18  04:00:00,237.92920873900002,4.360860961559999
 11/18  05:00:00,250.151406251,2.19040426815
 11/18  06:00:00,274.597281586,4.3664201452
 11/18  07:00:00,430.016428034,617.328033976
 11/18  08:00:00,411.63184239699996,491.08563236199996
 11/18  09:00:00,652.19568994,381.009939609
 11/18  10:00:00,615.485772943,335.060061391
 11/18  11:00:00,566.5250163430001,253.486806385
 11/18  12:00:00,566.483774061,207.338199466
 11/18  13:00:00,566.467433335,189.190270822
 11/18  14:00:00,566.453182222,174.133889448
 11/18  15:00:00,317.287129898,222.744149263
 11/18  16:00:00,317.29663476400003,234.56921291400002
 11/18  17:00:00,391.897915198,334.218124992
 11/18  18:00:00,379.551939835,477.854660037
 11/18  19:00:00,347.929975354,4.36443372366
 11/18  20:00:00,323.485579491,4.336533119559999
 11/18  21:00:00,323.485579408,2.2195883866900004
 11/18  22:00:00,299.042170453,4.36843804041
 11/18  23:00:00,274.595801803,2.19018953492
 11/18  24:00:00,250.548460355,6.45483864412
 11/19  01:00:00,239.914463512,13.2438345958
 11/19  02:00:00,239.519256524,11.2313645242
 11/19  03:00:00,239.91817614400003,17.768745786900002
 11/19  04:00:00,239.523817518,18.9540175982
 11/19  05:00:00,252.14468643,23.00736088
 11/19  06:00:00,276.195632912,25.6578733094
 11/19  07:00:00,325.482183097,28.2004707475
 11/19  08:00:00,306.810924996,25.748747636399997
 11/19  09:00:00,298.657167213,19.1451017573
 11/19  10:00:00,261.588658013,11.1661349209
 11/19  11:00:00,213.095418179,11.426703636800001
 11/19  12:00:00,212.69896563400002,8.880505720910001
 11/19  13:00:00,212.697694645,9.51271008908
 11/19  14:00:00,211.509791159,5.4278928641499995
 11/19  15:00:00,261.39483002099996,2.19138174717
 11/19  16:00:00,211.11111274200002,2.1892240170400004
 11/19  17:00:00,285.63090394700004,2.18947171784
 11/19  18:00:00,349.91003878199996,8.07975653231
 11/19  19:00:00,349.51472005,8.100196153019999
 11/19  20:00:00,325.468672533,11.7494615214
 11/19  21:00:00,325.072802621,11.101501618299999
 11/19  22:00:00,301.02908502599996,17.950003104500002
 11/19  23:00:00,276.186752555,14.4164159149
 11/19  24:00:00,252.142856534,20.661289468499998
 11/20  01:00:00,289.363947978,17.5107357433
 11/20  02:00:00,289.76610850099996,25.748841120399998
 11/20  03:00:00,289.36695523599997,21.1173940324
 11/20  04:00:00,289.769422533,29.7051864412
 11/20  05:00:00,301.592494999,27.2795128396
 11/20  06:00:00,351.357580088,29.3122795938
 11/20  07:00:00,430.343179487,974.630078747
 11/20  08:00:00,511.363790505,525.738219671
 11/20  09:00:00,1091.22234725,218.545485559
 11/20  10:00:00,1165.44735522,138.166514392
 11/20  11:00:00,1205.59718464,120.989143989
 11/20  12:00:00,1230.93623552,102.040716707
 11/20  13:00:00,1184.92059824,107.423709845
 11/20  14:00:00,1232.06050804,80.0476210385
 11/20  15:00:00,1183.55293389,70.30055760489999
 11/20  16:00:00,1123.17377141,72.6842047622
 11/20  17:00:00,1101.04368459,89.1041856385
 11/20  18:00:00,952.4287711989999,115.73917002
 11/20  19:00:00,762.384263685,206.89128523
 11/20  20:00:00,728.752573698,274.167457406
 11/20  21:00:00,579.295156272,353.042613204
 11/20  22:00:00,554.864670563,371.120149759
 11/20  23:00:00,349.35689673,2.1903234287
 11/20  24:00:00,299.992137852,2.1903152962599997
 11/21  01:00:00,287.76994247,4.36061962586
 11/21  02:00:00,287.76994234299997,2.19030381562
 11/21  03:00:00,287.76994218,2.19029996327
 11/21  04:00:00,287.769942193,2.19029618932
 11/21  05:00:00,301.18290827,7.8573776983300005
 11/21  06:00:00,350.947138204,13.190678896400001
 11/21  07:00:00,460.90558047300004,839.6020752860001
 11/21  08:00:00,511.568273264,749.180160424
 11/21  09:00:00,1050.86712628,300.249600762
 11/21  10:00:00,1014.10769187,200.070525033
 11/21  11:00:00,965.62463177,177.97574445
 11/21  12:00:00,965.838225845,156.820041896
 11/21  13:00:00,915.3433954589999,165.326038719
 11/21  14:00:00,965.149093093,129.060619285
 11/21  15:00:00,965.128918122,106.98555180700001
 11/21  16:00:00,965.14416141,125.422672735
 11/21  17:00:00,1039.6870589,153.05333467
 11/21  18:00:00,952.497634525,195.749660925
 11/21  19:00:00,753.1870600889999,255.94573435
 11/21  20:00:00,728.7496310519999,269.297489159
 11/21  21:00:00,579.27296717,321.263333295
 11/21  22:00:00,554.839470365,339.302863629
 11/21  23:00:00,349.356899161,2.19041419324
 11/21  24:00:00,299.992140279,4.3603459253
 11/22  01:00:00,287.769944721,2.19017571938
 11/22  02:00:00,287.769944475,2.19017643524
 11/22  03:00:00,287.76994441799997,2.19017725351
 11/22  04:00:00,287.769944539,2.19017814942
 11/22  05:00:00,299.992142589,4.360359207569999
 11/22  06:00:00,349.35838631900003,2.19330507404
 11/22  07:00:00,429.91125760000006,511.786073941
 11/22  08:00:00,511.213280561,386.86378379800004
 11/22  09:00:00,1050.76764052,211.71887631099997
 11/22  10:00:00,1014.05641119,158.193163881
 11/22  11:00:00,990.329586681,106.495806241
 11/22  12:00:00,1055.48938769,96.3394554007
 11/22  13:00:00,1015.67780428,103.799771714
 11/22  14:00:00,1052.40494251,76.7038502817
 11/22  15:00:00,1040.68697189,56.12455963479999
 11/22  16:00:00,1036.64866288,57.6699380326
 11/22  17:00:00,1056.62146781,81.0957961191
 11/22  18:00:00,952.410578353,100.877862244
 11/22  19:00:00,753.0767685630001,137.859626816
 11/22  20:00:00,728.6360054989999,142.210414371
 11/22  21:00:00,579.15507808,195.014509475
 11/22  22:00:00,554.728826993,219.703468883
 11/22  23:00:00,349.35690168,2.19027593156
 11/22  24:00:00,299.992142338,2.1902769860299998
 11/23  01:00:00,237.928724397,2.18947823854
 11/23  02:00:00,237.928724374,2.1894548334099997
 11/23  03:00:00,237.92872436,2.1894316247799996
 11/23  04:00:00,237.92872435400002,2.18940857244
 11/23  05:00:00,250.15092215400003,2.18938564535
 11/23  06:00:00,274.596804178,4.36441033975
 11/23  07:00:00,323.484109043,2.18930104567
 11/23  08:00:00,305.210171305,2.18942408611
 11/23  09:00:00,296.666504618,2.0791940955
 11/23  10:00:00,259.999911178,0.130128370371
 11/23  11:00:00,313.698469669,2.18952360839
 11/23  12:00:00,321.685625411,4.3628752548800005
 11/23  13:00:00,211.11211062200002,2.1914628095599995
 11/23  14:00:00,405.625781714,4.3687652862199995
 11/23  15:00:00,424.252758205,4.36284385072
 11/23  16:00:00,211.11111990700002,2.1894764036
 11/23  17:00:00,294.174577772,2.18945314105
 11/23  18:00:00,347.928504527,2.18943053363
 11/23  19:00:00,347.928504531,2.18940794474
 11/23  20:00:00,323.484108933,2.1893853748
 11/23  21:00:00,323.484108941,2.18936282414
 11/23  22:00:00,299.041199472,2.1920538978599997
 11/23  23:00:00,274.595317764,2.1893037851700003
 11/23  24:00:00,250.150922168,2.1892813095099997
 11/24  01:00:00,287.76994929299997,4.3604758849000005
 11/24  02:00:00,287.769949205,2.19025256509
 11/24  03:00:00,287.76994895900003,2.1902624364500003
 11/24  04:00:00,287.769948923,2.19027236962
 11/24  05:00:00,299.992146885,2.1902823472299997
 11/24  06:00:00,349.35839355900004,4.36629962669
 11/24  07:00:00,683.425737376,262.77999334099997
 11/24  08:00:00,773.0586241939999,231.18359390400002
 11/24  09:00:00,1308.03810811,64.8908704402
 11/24  10:00:00,1285.09038646,46.8950856969
 11/24  11:00:00,1253.90579519,39.0973158687
 11/24  12:00:00,1267.77923415,38.901364654
 11/24  13:00:00,1225.65015595,41.3845926841
 11/24  14:00:00,1266.00934999,27.293744441399998
 11/24  15:00:00,1160.55056499,23.272585263299998
 11/24  16:00:00,965.3276579010001,38.269645899000004
 11/24  17:00:00,1048.15909178,76.3818863166
 11/24  18:00:00,952.4135357639999,105.435088875
 11/24  19:00:00,753.108037298,181.605328055
 11/24  20:00:00,728.74973442,288.918587552
 11/24  21:00:00,579.4003896959999,497.07515687800003
 11/24  22:00:00,555.086434554,631.614897125
 11/24  23:00:00,349.35690577400004,2.19039778083
 11/24  24:00:00,299.992146859,2.19040678552
 11/25  01:00:00,237.929224347,4.36085682691
 11/25  02:00:00,237.929224165,2.19044953026
 11/25  03:00:00,237.92922404900003,2.19046372749
 11/25  04:00:00,239.916075965,13.906283331800001
 11/25  05:00:00,251.74389037400002,15.0036939489
 11/25  06:00:00,276.594666524,28.1723076388
 11/25  07:00:00,430.377658834,969.010364828
 11/25  08:00:00,421.482967105,1580.85629308
 11/25  09:00:00,653.136430581,972.3221194939999
 11/25  10:00:00,616.156131789,702.4447867839999
 11/25  11:00:00,566.867679126,416.091417389
 11/25  12:00:00,566.623682723,250.127077318
 11/25  13:00:00,566.556812562,206.771793807
 11/25  14:00:00,566.507356416,175.62386509
 11/25  15:00:00,317.316510876,191.03043196
 11/25  16:00:00,317.35056432700003,230.78749893
 11/25  17:00:00,489.776944136,244.362510654
 11/25  18:00:00,625.634465637,286.535490079
 11/25  19:00:00,347.92999669999995,2.19205015592
 11/25  20:00:00,323.485601486,4.36461362056
 11/25  21:00:00,323.485601551,4.36432749314
 11/25  22:00:00,299.04219840400003,4.36836630454
 11/25  23:00:00,274.59581761,2.19022216777
 11/25  24:00:00,250.15142190900002,2.19023693507
 11/26  01:00:00,238.723184861,6.029854627480001
 11/26  02:00:00,239.518406315,10.6524372402
 11/26  03:00:00,239.91827846099997,15.2690896662
 11/26  04:00:00,239.521743867,14.061333863900002
 11/26  05:00:00,252.14685807700002,21.7833405665
 11/26  06:00:00,276.196147683,22.6802034943
 11/26  07:00:00,325.49330108099997,35.245344574899995
 11/26  08:00:00,315.361971833,29.369834901500003
 11/26  09:00:00,298.691373452,50.873502494499995
 11/26  10:00:00,261.618611215,39.7034089527
 11/26  11:00:00,213.144245152,58.444203334099996
 11/26  12:00:00,212.734588105,42.8454932885
 11/26  13:00:00,213.151631375,65.88717786710001
 11/26  14:00:00,212.74539892599998,53.2607273974
 11/26  15:00:00,213.171175343,81.0488272326
 11/26  16:00:00,212.75620388599998,62.393886217200006
 11/26  17:00:00,306.383678329,120.48061507700001
 11/26  18:00:00,366.486794111,127.559270642
 11/26  19:00:00,371.14977865300006,181.19491042299998
 11/26  20:00:00,342.076418444,160.027835718
 11/26  21:00:00,346.77674991,248.358918092
 11/26  22:00:00,317.731657671,252.64216826900002
 11/26  23:00:00,297.98648050599996,334.605155393
 11/26  24:00:00,270.74814252,298.001851961
 11/27  01:00:00,312.630678796,346.54125636
 11/27  02:00:00,307.5594528,285.960546883
 11/27  03:00:00,313.22792097900003,367.874230502
 11/27  04:00:00,308.154439072,308.627959631
 11/27  05:00:00,325.474336127,379.10929767
 11/27  06:00:00,369.775350874,328.714397428
 11/27  07:00:00,432.432966886,2086.2272784
 11/27  08:00:00,524.0079256280001,2539.87690203
 11/27  09:00:00,1053.43127728,1263.05193284
 11/27  10:00:00,1015.60925462,768.137623991
 11/27  11:00:00,966.2243731010001,513.583108139
 11/27  12:00:00,967.8094817360001,328.395632277
 11/27  13:00:00,918.9512423960001,271.633204025
 11/27  14:00:00,967.48598409,228.783768124
 11/27  15:00:00,965.508333588,317.232502693
 11/27  16:00:00,965.43808079,322.900215376
 11/27  17:00:00,1048.56680917,389.978564846
 11/27  18:00:00,953.028295195,582.932613573
 11/27  19:00:00,753.717942397,624.441730637
 11/27  20:00:00,729.28738248,648.172961454
 11/27  21:00:00,579.806947587,688.425150715
 11/27  22:00:00,555.269455487,634.064003811
 11/27  23:00:00,349.35691284,4.360409671619999
 11/27  24:00:00,299.99215356400003,2.1903317853099997
 11/28  01:00:00,287.769957729,2.1903624545400002
 11/28  02:00:00,289.75605072900004,10.6977476913
 11/28  03:00:00,289.360880102,10.858375782000001
 11/28  04:00:00,289.761459764,17.7939751262
 11/28  05:00:00,301.586760522,14.2265957577
 11/28  06:00:00,351.355091186,22.546399215500003
 11/28  07:00:00,430.77685551900004,1113.49418564
 11/28  08:00:00,520.709412095,1122.9154657
 11/28  09:00:00,1051.42417471,714.602211783
 11/28  10:00:00,1014.49382919,477.533481879
 11/28  11:00:00,966.176168022,287.117608558
 11/28  12:00:00,967.455338016,203.96257992
 11/28  13:00:00,918.853233346,213.412725008
 11/28  14:00:00,970.16876532,172.55216934
 11/28  15:00:00,968.47418677,121.107978234
 11/28  16:00:00,965.75098797,156.735035516
 11/28  17:00:00,1048.46996258,361.666080427
 11/28  18:00:00,952.898905366,540.62348764
 11/28  19:00:00,753.711183996,680.880562243
 11/28  20:00:00,729.37858196,747.438404849
 11/28  21:00:00,580.015481806,845.589264803
 11/28  22:00:00,555.647199984,866.1044639139999
 11/28  23:00:00,349.356914823,2.19043362405
 11/28  24:00:00,299.992155594,2.1902815106799998
 11/29  01:00:00,288.16733748400003,3.7715739309599994
 11/29  02:00:00,289.755340564,11.1089046332
 11/29  03:00:00,289.36103219,9.749909333180002
 11/29  04:00:00,289.762023719,14.171979300799999
 11/29  05:00:00,301.594848875,18.846392691400002
 11/29  06:00:00,351.359082561,23.1128747467
 11/29  07:00:00,430.647532619,883.36342496
 11/29  08:00:00,520.488398873,847.636767214
 11/29  09:00:00,1050.99945377,348.780734017
 11/29  10:00:00,1014.15198092,205.093329152
 11/29  11:00:00,965.204860804,160.238506201
 11/29  12:00:00,965.298338362,148.748871952
 11/29  13:00:00,918.85012818,154.85816761200002
 11/29  14:00:00,1014.53924253,98.6737328943
 11/29  15:00:00,980.3664411589999,62.5466776667
 11/29  16:00:00,965.251248948,79.0392000059
 11/29  17:00:00,1048.20648836,112.57886738100001
 11/29  18:00:00,952.462261528,138.60008011600002
 11/29  19:00:00,767.0389848089999,153.907103357
 11/29  20:00:00,738.813200727,154.162171228
 11/29  21:00:00,579.204391979,222.13603930099998
 11/29  22:00:00,554.777500672,243.44920469099998
 11/29  23:00:00,349.356917206,4.360972675209999
 11/29  24:00:00,299.992157835,2.1904625935
 11/30  01:00:00,287.769962051,2.19050208386
 11/30  02:00:00,287.769962147,2.1905386724
 11/30  03:00:00,287.769962469,4.36082724902
 11/30  04:00:00,287.769962422,2.19028907824
 11/30  05:00:00,299.992159893,2.19032622367
 11/30  06:00:00,349.358414948,4.36623702246
 11/30  07:00:00,429.817301747,378.72216323
 11/30  08:00:00,519.754713143,366.94983623400003
 11/30  09:00:00,1050.82781401,271.699712307
 11/30  10:00:00,1014.16344851,274.421286801
 11/30  11:00:00,965.2576742739999,257.641633649
 11/30  12:00:00,965.2463267869999,243.29904044
 11/30  13:00:00,915.439658175,282.062521607
 11/30  14:00:00,965.238032523,235.23297586200002
 11/30  15:00:00,965.209179531,204.719790912
 11/30  16:00:00,965.2241414460001,221.129361477
 11/30  17:00:00,1048.32832006,269.401376956
 11/30  18:00:00,952.6174209589999,335.996804775
 11/30  19:00:00,753.286559321,373.632024479
 11/30  20:00:00,728.897051007,438.187587923
 11/30  21:00:00,579.536780031,613.2696374430001
 11/30  22:00:00,555.181795676,689.4593822139999
 11/30  23:00:00,349.356919353,4.36104216798
 11/30  24:00:00,299.992159985,2.19050385603
 12/01  01:00:00,287.769964207,2.19054776384
 12/01  02:00:00,287.76996433,2.19058878032
 12/01  03:00:00,289.757031368,15.5594062114
 12/01  04:00:00,289.362100785,13.8318663623
 12/01  05:00:00,301.987966114,22.820751188600003
 12/01  06:00:00,350.957539834,23.5357764762
 12/01  07:00:00,430.604648285,1109.72599972
 12/01  08:00:00,521.0646062630001,1411.11994673
 12/01  09:00:00,1051.32259601,578.93698437
 12/01  10:00:00,1014.2928488,298.90221017700003
 12/01  11:00:00,965.2449650039999,179.226752819
 12/01  12:00:00,965.182473176,130.587430741
 12/01  13:00:00,915.998160087,140.13701754299998
 12/01  14:00:00,965.1500716510001,107.36119628200001
 12/01  15:00:00,965.12838018,90.9053005233
 12/01  16:00:00,965.1349041860001,96.4721322585
 12/01  17:00:00,1048.22117845,121.02505240200001
 12/01  18:00:00,952.4971759910001,165.488461345
 12/01  19:00:00,753.223999855,257.77226855099997
 12/01  20:00:00,728.797417148,279.91184235599997
 12/01  21:00:00,579.331510748,345.02136599199997
 12/01  22:00:00,554.93685522,403.124653774
 12/01  23:00:00,349.356921231,2.1903247703099997
 12/01  24:00:00,299.992162033,2.19036651818
 12/02  01:00:00,237.92923948700002,2.1904134862799998
 12/02  02:00:00,237.92923964099998,4.36096387031
 12/02  03:00:00,237.929239446,2.19055046587
 12/02  04:00:00,237.92923932,2.1905961698599996
 12/02  05:00:00,250.15143725299998,2.1902799516
 12/02  06:00:00,274.59733088,4.36653391113
 12/02  07:00:00,471.20721313900003,426.062135269
 12/02  08:00:00,493.13854746199996,348.739716739
 12/02  09:00:00,732.463695173,255.379797687
 12/02  10:00:00,638.6640310509999,233.236697695
 12/02  11:00:00,566.51325064,233.20440031599998
 12/02  12:00:00,566.484229147,202.67176373900003
 12/02  13:00:00,566.466465918,185.852353545
 12/02  14:00:00,566.452915553,170.03488457
 12/02  15:00:00,317.274883751,201.582140277
 12/02  16:00:00,317.305577902,240.590041625
 12/02  17:00:00,400.453149149,344.814279418
 12/02  18:00:00,379.55754387,480.72540039
 12/02  19:00:00,347.930018533,4.3651597009
 12/02  20:00:00,323.485622855,4.364795963530001
 12/02  21:00:00,323.485622579,2.1922133848599996
 12/02  22:00:00,299.042226089,4.4734309014399996
 12/02  23:00:00,274.595833087,4.256533891469999
 12/02  24:00:00,250.151437123,2.19036631366
 12/03  01:00:00,237.928741745,2.18958865228
 12/03  02:00:00,238.722361453,5.76796588596
 12/03  03:00:00,239.516808323,10.351117528
 12/03  04:00:00,239.518247178,12.0980394027
 12/03  05:00:00,252.139969734,17.1827197324
 12/03  06:00:00,276.192118668,21.2816940579
 12/03  07:00:00,325.478291185,23.3979729182
 12/03  08:00:00,323.896102375,23.0753067454
 12/03  09:00:00,298.65727969200003,19.2365523151
 12/03  10:00:00,261.58939682,12.0222603967
 12/03  11:00:00,213.095765106,11.8064656523
 12/03  12:00:00,215.707104765,8.619504374260002
 12/03  13:00:00,234.484008545,6.73782456888
 12/03  14:00:00,221.64017971099997,4.369173975390001
 12/03  15:00:00,211.11213666900002,2.19124936487
 12/03  16:00:00,211.111137327,2.18965019416
 12/03  17:00:00,295.561811795,6.4752427888
 12/03  18:00:00,349.912178331,10.6329725506
 12/03  19:00:00,349.516737578,10.5052449291
 12/03  20:00:00,325.469794616,13.065208831300001
 12/03  21:00:00,325.074449506,13.0527103911
 12/03  22:00:00,301.029125268,17.930515221300002
 12/03  23:00:00,276.187104016,14.796241961199998
 12/03  24:00:00,252.14224563099998,19.8713728912
 12/04  01:00:00,289.36477482,18.4552808328
 12/04  02:00:00,289.76260814200003,21.4640733702
 12/04  03:00:00,289.36699561,23.2893689997
 12/04  04:00:00,289.766954435,26.6795932008
 12/04  05:00:00,301.594298966,27.2330724556
 12/04  06:00:00,351.359691268,33.9431883683
 12/04  07:00:00,430.59025421800004,1226.22328815
 12/04  08:00:00,528.741422878,811.8498513410001
 12/04  09:00:00,1050.98675401,423.068854449
 12/04  10:00:00,1014.24514959,346.14733411199995
 12/04  11:00:00,965.283849041,273.101853909
 12/04  12:00:00,965.230163932,217.71707986
 12/04  13:00:00,915.387015248,214.41746809400001
 12/04  14:00:00,965.1771422239999,161.159874078
 12/04  15:00:00,965.1564783389999,141.22837028
 12/04  16:00:00,965.1680137610001,153.95027218299998
 12/04  17:00:00,1048.25594017,183.908388748
 12/04  18:00:00,952.521292897,226.36022952099998
 12/04  19:00:00,753.22227889,304.491583855
 12/04  20:00:00,728.782088772,310.75031820099997
 12/04  21:00:00,579.303004994,365.400452057
 12/04  22:00:00,554.865745639,376.603583144
 12/04  23:00:00,349.35692741199995,2.19054937539
 12/04  24:00:00,299.992168422,2.1906041693400002
 12/05  01:00:00,287.769973038,4.36102232977
 12/05  02:00:00,287.769972885,2.19041735443
 12/05  03:00:00,287.7699726,2.19047646894
 12/05  04:00:00,287.76997264,2.1905355667900004
 12/05  05:00:00,299.992170778,2.19059463403
 12/05  06:00:00,349.35843155599997,4.36725186127
 12/05  07:00:00,430.057860137,682.33365132
 12/05  08:00:00,528.3938684999999,491.671815165
 12/05  09:00:00,1050.82080951,271.726252069
 12/05  10:00:00,1014.06713281,171.423258608
 12/05  11:00:00,965.14454546,131.663468787
 12/05  12:00:00,1039.47943976,102.14531106700001
 12/05  13:00:00,1144.68359261,108.059505352
 12/05  14:00:00,1131.88764845,81.6168165214
 12/05  15:00:00,1087.47112715,47.5808292314
 12/05  16:00:00,995.437436342,53.0403668911
 12/05  17:00:00,1048.18089321,98.07914658889999
 12/05  18:00:00,952.4504535939999,148.67427567299998
 12/05  19:00:00,753.144399653,219.72411356799998
 12/05  20:00:00,728.741187494,272.107105117
 12/05  21:00:00,579.26554722,326.043998563
 12/05  22:00:00,554.845509339,359.26075417699997
 12/05  23:00:00,349.356929929,4.36121986276
 12/05  24:00:00,299.992170534,2.1906250310799997
 12/06  01:00:00,287.769974714,2.1903254250999997
 12/06  02:00:00,287.769974819,2.19038892896
 12/06  03:00:00,287.769975009,4.36096837226
 12/06  04:00:00,287.76997483599996,2.19057939691
 12/06  05:00:00,299.992172506,2.1906428172
 12/06  06:00:00,350.549565824,10.6476405337
 12/06  07:00:00,430.183900009,825.357581282
 12/06  08:00:00,528.654449699,766.998500981
 12/06  09:00:00,1050.93014213,375.36774121300004
 12/06  10:00:00,1014.14815075,247.42697484400003
 12/06  11:00:00,965.521319195,196.50511447099998
 12/06  12:00:00,968.4188778160001,146.018541408
 12/06  13:00:00,918.922256313,144.351432225
 12/06  14:00:00,967.937249953,99.5277550213
 12/06  15:00:00,967.806521716,55.7267428649
 12/06  16:00:00,965.9582353789999,51.893436129899996
 12/06  17:00:00,1048.1807691,95.66345549129998
 12/06  18:00:00,952.457759845,149.635306993
 12/06  19:00:00,753.144850796,209.22767731099998
 12/06  20:00:00,728.726846502,240.449083965
 12/06  21:00:00,579.2595053709999,306.857667068
 12/06  22:00:00,554.822139679,317.709602962
 12/06  23:00:00,349.356932049,4.36101703506
 12/06  24:00:00,299.992172749,2.19045712035
 12/07  01:00:00,287.769976727,2.19052755014
 12/07  02:00:00,287.769976795,2.19059515483
 12/07  03:00:00,287.76997714099997,4.36102678491
 12/07  04:00:00,287.769977037,2.19043210632
 12/07  05:00:00,299.992174521,2.1905001257700003
 12/07  06:00:00,349.358438231,4.366785580899999
 12/07  07:00:00,429.98761143300004,592.644443495
 12/07  08:00:00,528.334097037,419.073476379
 12/07  09:00:00,1050.76420943,204.255469113
 12/07  10:00:00,1014.0672436000001,168.407321053
 12/07  11:00:00,965.159971349,149.249749992
 12/07  12:00:00,966.090428137,122.962997587
 12/07  13:00:00,915.706779819,125.39226763200001
 12/07  14:00:00,966.1650424410001,94.6058992755
 12/07  15:00:00,965.195473016,75.08752082720001
 12/07  16:00:00,965.1052569310001,87.43776997209999
 12/07  17:00:00,1048.19544949,115.743462117
 12/07  18:00:00,952.4549855839999,154.324416746
 12/07  19:00:00,753.1489025019999,225.42086674
 12/07  20:00:00,728.73542648,265.55210245
 12/07  21:00:00,579.2605639880001,322.841686594
 12/07  22:00:00,554.8174440480001,325.465705251
 12/07  23:00:00,349.356934048,2.82904800117
 12/07  24:00:00,299.99217456599996,2.1904761156599997
 12/08  01:00:00,287.769978798,2.19055008467
 12/08  02:00:00,287.769979132,2.19062199249
 12/08  03:00:00,287.76997914099996,4.36109253294
 12/08  04:00:00,287.769978772,2.19047101244
 12/08  05:00:00,299.992176565,2.1905433226400004
 12/08  06:00:00,350.15225488699997,8.2412434862
 12/08  07:00:00,430.169979791,817.17196993
 12/08  08:00:00,528.913114094,1030.33759225
 12/08  09:00:00,1051.04802145,474.82434375599996
 12/08  10:00:00,1014.13494983,205.70584804400002
 12/08  11:00:00,967.046984121,153.306075803
 12/08  12:00:00,970.0945306010001,127.41589347700001
 12/08  13:00:00,922.580063107,140.196156893
 12/08  14:00:00,972.9851266810001,100.90368696200001
 12/08  15:00:00,970.985711215,58.6165095526
 12/08  16:00:00,968.069356212,57.3910570572
 12/08  17:00:00,1048.37135771,124.97017077299999
 12/08  18:00:00,952.6404021339999,338.58001509900004
 12/08  19:00:00,753.429055552,491.145669984
 12/08  20:00:00,729.123167775,612.440962829
 12/08  21:00:00,579.789407066,759.160391136
 12/08  22:00:00,555.334457627,708.167927502
 12/08  23:00:00,349.356935688,2.19059353308
 12/08  24:00:00,299.992176887,4.36103448891
 12/09  01:00:00,237.92925397099998,2.19044968013
 12/09  02:00:00,237.92925365,2.19052611757
 12/09  03:00:00,239.914141433,9.494411049410001
 12/09  04:00:00,239.518936937,11.7909562049
 12/09  05:00:00,252.14054884799998,13.269997995499999
 12/09  06:00:00,276.190186249,14.633569290599999
 12/09  07:00:00,430.33068264599996,739.5673473319999
 12/09  08:00:00,429.272716085,863.19309757
 12/09  09:00:00,652.4361977140001,497.22224478699997
 12/09  10:00:00,615.461260388,231.669020586
 12/09  11:00:00,567.376608913,208.931555772
 12/09  12:00:00,566.983704363,189.994501595
 12/09  13:00:00,568.781188294,180.42533524
 12/09  14:00:00,569.236505315,168.33344533
 12/09  15:00:00,318.163398759,191.25624816799998
 12/09  16:00:00,317.31774163,222.42140896400002
 12/09  17:00:00,400.42894273900004,276.458363809
 12/09  18:00:00,379.52910276,399.125619325
 12/09  19:00:00,347.93003842300004,2.1926664808200003
 12/09  20:00:00,323.485643179,4.36504946313
 12/09  21:00:00,323.485643176,4.36500685267
 12/09  22:00:00,299.042252177,4.36881037721
 12/09  23:00:00,274.595847055,2.19070875088
 12/09  24:00:00,250.151451596,2.19041710658
 12/10  01:00:00,237.928753188,2.18948427451
 12/10  02:00:00,237.928753186,2.1895333389
 12/10  03:00:00,237.92875319700002,2.18958252819
 12/10  04:00:00,237.92875322,2.18963179839
 12/10  05:00:00,250.150951048,4.3591097519
 12/10  06:00:00,274.59685431,2.1925237695299997
 12/10  07:00:00,323.484137725,2.18951938357
 12/10  08:00:00,322.297533345,2.18956910699
 12/10  09:00:00,296.66653337,2.18961878903
 12/10  10:00:00,259.999939997,2.1896684249700002
 12/10  11:00:00,211.11114882799998,2.18971801123
 12/10  12:00:00,211.112154246,4.36297418864
 12/10  13:00:00,211.112153854,2.1914547829499997
 12/10  14:00:00,211.113662185,4.36911763574
 12/10  15:00:00,211.11215426099997,4.3634117878800005
 12/10  16:00:00,211.111148773,2.1896753006
 12/10  17:00:00,294.174606685,2.1897249360099997
 12/10  18:00:00,347.928533388,2.1894727773700002
 12/10  19:00:00,347.92853336900004,2.1895227263
 12/10  20:00:00,323.484137765,2.18957259407
 12/10  21:00:00,323.48413777900004,2.18962238532
 12/10  22:00:00,299.04125045,4.36498296523
 12/10  23:00:00,275.786419385,7.68692329886
 12/10  24:00:00,251.741695197,12.395307558399999
 12/11  01:00:00,289.75852017,15.0684478897
 12/11  02:00:00,289.363386676,15.2935905328
 12/11  03:00:00,289.762478865,21.5514073404
 12/11  04:00:00,289.36621538599996,18.376170131600002
 12/11  05:00:00,301.985397621,20.1733016646
 12/11  06:00:00,350.95386496,19.6730318939
 12/11  07:00:00,430.428155621,971.888785468
 12/11  08:00:00,537.136156939,627.197281152
 12/11  09:00:00,1050.89409672,315.151136553
 12/11  10:00:00,1014.14431013,234.045272407
 12/11  11:00:00,965.237166688,217.17416922299998
 12/11  12:00:00,965.221058351,200.51022871599997
 12/11  13:00:00,915.3923161439999,217.19246129200002
 12/11  14:00:00,965.1928435460001,174.71142294900002
 12/11  15:00:00,965.1637123180001,145.849681508
 12/11  16:00:00,965.175725225,160.729397274
 12/11  17:00:00,1048.282267,208.38125041599997
 12/11  18:00:00,952.558827141,261.35441092599996
 12/11  19:00:00,753.258262155,332.448280788
 12/11  20:00:00,728.845036338,373.08809349800003
 12/11  21:00:00,579.435043622,499.60555497
 12/11  22:00:00,555.121217001,638.7897819980001
 12/11  23:00:00,349.35694149,2.19064055975
 12/11  24:00:00,299.992182582,2.1907256623199998
 12/12  01:00:00,287.769986998,4.36097926625
 12/12  02:00:00,288.167260706,4.33426975437
 12/12  03:00:00,289.756426827,12.9904482517
 12/12  04:00:00,289.362089868,14.0995297645
 12/12  05:00:00,301.984022741,21.1436089099
 12/12  06:00:00,350.955496813,21.7474152461
 12/12  07:00:00,430.486402085,1034.00562935
 12/12  08:00:00,537.628250095,1080.06211967
 12/12  09:00:00,1051.30371411,653.871046745
 12/12  10:00:00,1014.35259143,387.6881922
 12/12  11:00:00,965.3882903010001,326.786037415
 12/12  12:00:00,965.361357912,308.709865619
 12/12  13:00:00,915.5698106410001,360.540385622
 12/12  14:00:00,965.457973852,407.097032849
 12/12  15:00:00,965.5126242260001,457.367085599
 12/12  16:00:00,965.522104406,460.34948073
 12/12  17:00:00,1048.63705475,505.465674701
 12/12  18:00:00,952.958135012,580.360761055
 12/12  19:00:00,753.694130732,660.2375227040001
 12/12  20:00:00,729.275124748,673.691189246
 12/12  21:00:00,579.866800623,762.758724321
 12/12  22:00:00,555.48133318,796.480053037
 12/12  23:00:00,349.356943921,2.1905330885099996
 12/12  24:00:00,299.992184513,2.19062263871
 12/13  01:00:00,288.961785785,7.101191171519999
 12/13  02:00:00,289.760467725,16.0853564964
 12/13  03:00:00,289.365393974,14.161617765999999
 12/13  04:00:00,289.771943541,23.7420833065
 12/13  05:00:00,301.59590139799997,21.2831896706
 12/13  06:00:00,351.373503392,37.096754151199995
 12/13  07:00:00,430.79345768,1049.65517111
 12/13  08:00:00,538.36924908,1385.5889717
 12/13  09:00:00,1052.10794415,1030.28584437
 12/13  10:00:00,1015.24599109,852.464176467
 12/13  11:00:00,966.124528375,681.230735452
 12/13  12:00:00,966.0693508589999,650.23474715
 12/13  13:00:00,916.21307544,652.178495023
 12/13  14:00:00,965.9358225289999,588.772916869
 12/13  15:00:00,965.912292202,568.445325733
 12/13  16:00:00,965.9735873589999,593.940863606
 12/13  17:00:00,1049.53585045,851.17067024
 12/13  18:00:00,954.833084992,1227.88848078
 12/13  19:00:00,756.722361355,1377.58500093
 12/13  20:00:00,732.040689412,1093.48527252
 12/13  21:00:00,582.1534290430001,1070.52462706
 12/13  22:00:00,557.230305852,976.039144764
 12/13  23:00:00,349.35694590400004,2.19076223924
 12/13  24:00:00,301.185729794,5.13671142884
 12/14  01:00:00,289.768904094,10.9636858397
 12/14  02:00:00,289.381694229,16.4795723672
 12/14  03:00:00,294.05913199099996,43.2510908626
 12/14  04:00:00,310.55615386799997,67.0565164671
 12/14  05:00:00,319.029250874,102.498062969
 12/14  06:00:00,372.22152440300005,117.581400355
 12/14  07:00:00,431.394313132,1030.73043204
 12/14  08:00:00,544.365494476,2604.97583375
 12/14  09:00:00,1055.82515908,1222.84863786
 12/14  10:00:00,1016.8052641,780.135197449
 12/14  11:00:00,967.1969376789999,589.460606367
 12/14  12:00:00,968.91192765,349.303936001
 12/14  13:00:00,920.273036757,231.771962235
 12/14  14:00:00,969.959263725,186.52790956099997
 12/14  15:00:00,968.449256123,210.37341173599998
 12/14  16:00:00,966.1292200419999,339.16660259599996
 12/14  17:00:00,1049.11447681,674.252915249
 12/14  18:00:00,954.1898305010001,1074.56788227
 12/14  19:00:00,755.4802427289999,1177.34402924
 12/14  20:00:00,731.925055458,1287.4457924
 12/14  21:00:00,582.702598568,1186.94063834
 12/14  22:00:00,557.922712651,1101.94639561
 12/14  23:00:00,349.35694736199997,2.19078744249
 12/14  24:00:00,301.587181247,6.77843788885
 12/15  01:00:00,289.774391077,13.789380136099998
 12/15  02:00:00,289.402761871,19.911398971500002
 12/15  03:00:00,289.818041148,27.0634327954
 12/15  04:00:00,310.579198411,66.5875063541
 12/15  05:00:00,319.012378535,85.1775684062
 12/15  06:00:00,372.26907770300005,125.487246899
 12/15  07:00:00,431.337914278,927.965783255
 12/15  08:00:00,542.331986496,2327.1258058000003
 12/15  09:00:00,1054.8560097000002,1213.99423883
 12/15  10:00:00,1016.26400851,724.3796438769999
 12/15  11:00:00,966.842270184,495.822242775
 12/15  12:00:00,968.7608449769999,340.043901917
 12/15  13:00:00,920.301187675,246.67401054799998
 12/15  14:00:00,970.5866413680001,172.532061286
 12/15  15:00:00,968.983213418,145.35666827
 12/15  16:00:00,966.5930773169999,287.52014387599996
 12/15  17:00:00,1048.94451678,585.113167588
 12/15  18:00:00,953.4177979880001,719.500983571
 12/15  19:00:00,754.362228372,878.380369565
 12/15  20:00:00,730.362148035,1050.86950134
 12/15  21:00:00,581.137876091,1092.6782495999998
 12/15  22:00:00,556.436659512,922.3146928269999
 12/15  23:00:00,349.35694963199995,4.36142181494
 12/15  24:00:00,301.18452520299996,5.3692057677600005
 12/16  01:00:00,239.53103053799998,12.4937500125
 12/16  02:00:00,239.942331255,22.8210215255
 12/16  03:00:00,239.57819686599998,36.5264106508
 12/16  04:00:00,252.65641208,63.1341305111
 12/16  05:00:00,272.970590199,100.886643209
 12/16  06:00:00,293.622723247,119.489632264
 12/16  07:00:00,431.39816561099997,1086.75072328
 12/16  08:00:00,442.373233045,2398.74986267
 12/16  09:00:00,656.372711367,1439.01373251
 12/16  10:00:00,618.788448669,1168.12189543
 12/16  11:00:00,569.075387685,996.49645661
 12/16  12:00:00,568.26841124,813.161369758
 12/16  13:00:00,567.773155308,690.904386441
 12/16  14:00:00,567.581370989,664.034787455
 12/16  15:00:00,318.606174264,879.493109645
 12/16  16:00:00,318.70854775,1024.26021394
 12/16  17:00:00,401.803503841,1098.14734673
 12/16  18:00:00,380.944078881,1231.62770471
 12/16  19:00:00,347.93005743699996,4.36549595672
 12/16  20:00:00,324.677908406,6.50696666329
 12/16  21:00:00,325.479380688,16.1810362962
 12/16  22:00:00,300.641115942,16.5371515034
 12/16  23:00:00,276.609623928,30.2088009822
 12/16  24:00:00,257.57093050000003,39.1288488554
 12/17  01:00:00,261.10853872,108.87882129200001
 12/17  02:00:00,256.508913218,116.40039650799999
 12/17  03:00:00,261.184515093,171.295762932
 12/17  04:00:00,256.543356791,148.041104251
 12/17  05:00:00,273.432644518,198.394658472
 12/17  06:00:00,293.246403195,183.05463078900002
 12/17  07:00:00,346.800830386,232.527012375
 12/17  08:00:00,349.519216191,208.78533294599998
 12/17  09:00:00,326.84250352099997,237.25435774299999
 12/17  10:00:00,278.616477604,161.758218145
 12/17  11:00:00,234.323283827,154.32020113299998
 12/17  12:00:00,225.421302647,84.928495508
 12/17  13:00:00,213.15339739799998,56.3318957024
 12/17  14:00:00,212.73047342700002,34.004752062899996
 12/17  15:00:00,213.12689809900002,36.1749689299
 12/17  16:00:00,221.157860134,39.1909648087
 12/17  17:00:00,313.097639411,90.17945695690001
 12/17  18:00:00,370.724644867,141.276512659
 12/17  19:00:00,366.931278895,162.710355712
 12/17  20:00:00,346.29973853800004,163.318888237
 12/17  21:00:00,342.490561851,171.45127694
 12/17  22:00:00,321.88769429,198.539960435
 12/17  23:00:00,293.632572804,204.38886631900002
 12/17  24:00:00,273.046777966,246.466592363
 12/18  01:00:00,306.855098431,251.836459183
 12/18  02:00:00,310.692883221,273.125745323
 12/18  03:00:00,308.035853769,306.630187195
 12/18  04:00:00,312.780645574,344.278778363
 12/18  05:00:00,320.780856423,336.835422914
 12/18  06:00:00,374.396741179,364.69450963199995
 12/18  07:00:00,432.98390146699995,2454.57454213
 12/18  08:00:00,541.810397914,2938.83384906
 12/18  09:00:00,1054.23952238,1560.80117035
 12/18  10:00:00,1015.80211369,821.1112598880001
 12/18  11:00:00,966.0577448360001,508.256777597
 12/18  12:00:00,967.0597637430001,373.208942911
 12/18  13:00:00,917.8055514289999,320.952636533
 12/18  14:00:00,968.198558392,211.38871137400002
 12/18  15:00:00,966.942661357,163.460740729
 12/18  16:00:00,965.3531324080001,183.193166084
 12/18  17:00:00,1048.48117351,337.62576374400004
 12/18  18:00:00,952.86830225,479.39650796
 12/18  19:00:00,753.6426287,610.699244065
 12/18  20:00:00,729.184773472,612.514653443
 12/18  21:00:00,579.7000780340001,667.295802295
 12/18  22:00:00,555.259603984,697.671090535
 12/18  23:00:00,349.35695477900003,2.1906859724200003
 12/18  24:00:00,299.99219583900003,2.19080011253
 12/19  01:00:00,287.7700001,4.361202591880001
 12/19  02:00:00,287.769999892,2.1907781691999997
 12/19  03:00:00,288.563587751,5.10827628126
 12/19  04:00:00,289.357848354,8.70182066598
 12/19  05:00:00,301.97963221599997,15.1349517151
 12/19  06:00:00,350.94985458300005,14.4294463774
 12/19  07:00:00,430.75683751199995,1201.65049095
 12/19  08:00:00,537.866276751,1267.52261748
 12/19  09:00:00,1051.59934698,908.61369713
 12/19  10:00:00,1014.85277848,801.084723393
 12/19  11:00:00,965.8162943089999,652.529371736
 12/19  12:00:00,965.7003945580001,548.138512777
 12/19  13:00:00,916.31119626,485.81775218900003
 12/19  14:00:00,966.892265915,392.305631411
 12/19  15:00:00,965.58712941,466.63139676099996
 12/19  16:00:00,965.673093683,530.572970114
 12/19  17:00:00,1048.83352133,597.18393893
 12/19  18:00:00,953.23337703,711.875000673
 12/19  19:00:00,754.264035213,962.6435811380001
 12/19  20:00:00,730.3302133430001,1178.47351037
 12/19  21:00:00,581.284454628,1256.181427
 12/19  22:00:00,556.658656221,1054.29201102
 12/19  23:00:00,349.35695696,2.19083893692
 12/19  24:00:00,300.787363028,4.475357063040001
 12/20  01:00:00,289.362815801,8.04586804791
 12/20  02:00:00,289.77227134,17.510807463499997
 12/20  03:00:00,289.380454075,17.2437465229
 12/20  04:00:00,307.543915459,61.7966767292
 12/20  05:00:00,318.531466073,67.4428838187
 12/20  06:00:00,372.586409427,119.38771076100001
 12/20  07:00:00,431.365875388,1162.49340119
 12/20  08:00:00,539.582121733,1813.32733692
 12/20  09:00:00,1052.0609658,829.074284885
 12/20  10:00:00,1014.89572594,568.939946484
 12/20  11:00:00,966.423119199,389.323863389
 12/20  12:00:00,968.83570284,222.269220765
 12/20  13:00:00,920.420868348,207.249225806
 12/20  14:00:00,970.753999304,173.05213738
 12/20  15:00:00,969.0486031610001,140.504141471
 12/20  16:00:00,966.3139135560001,208.592861319
 12/20  17:00:00,1048.70928331,505.425283046
 12/20  18:00:00,953.337124247,783.500507963
 12/20  19:00:00,754.142285368,843.383327245
 12/20  20:00:00,729.970172455,968.342437416
 12/20  21:00:00,580.406871716,875.557472279
 12/20  22:00:00,555.773748114,776.725780016
 12/20  23:00:00,349.35695866300006,2.19074521565
 12/20  24:00:00,299.992199428,2.1908672674000003
 12/21  01:00:00,287.77000350099996,2.19061646146
 12/21  02:00:00,288.96071145900004,7.3888513205600015
 12/21  03:00:00,289.756738842,8.68530190159
 12/21  04:00:00,289.362519592,9.430996740560001
 12/21  05:00:00,301.989349836,17.678766518299998
 12/21  06:00:00,350.95578010099996,14.7912269047
 12/21  07:00:00,431.877012661,708.0062439239999
 12/21  08:00:00,537.19466299,521.443267828
 12/21  09:00:00,1050.93303815,289.411766514
 12/21  10:00:00,1014.15200722,204.376709357
 12/21  11:00:00,965.2290524839999,176.247935049
 12/21  12:00:00,965.2064029689999,164.304181234
 12/21  13:00:00,915.38725143,188.32091912599998
 12/21  14:00:00,965.199489367,163.75660903
 12/21  15:00:00,965.17267634,140.79969505100001
 12/21  16:00:00,965.149393277,119.731352466
 12/21  17:00:00,1048.28682824,195.02868186599997
 12/21  18:00:00,952.646982732,328.731903358
 12/21  19:00:00,753.3563331439999,406.477459058
 12/21  20:00:00,728.8981097999999,397.361142409
 12/21  21:00:00,579.399856199,426.941299484
 12/21  22:00:00,555.000518659,480.66329418199996
 12/21  23:00:00,349.356960145,2.19076812759
 12/21  24:00:00,299.992201286,2.19070408636
 12/22  01:00:00,287.770005305,4.36141839997
 12/22  02:00:00,288.564609563,6.41822204325
 12/22  03:00:00,289.361130509,12.708721595799998
 12/22  04:00:00,289.76263279799997,21.513034708800003
 12/22  05:00:00,301.58830342,18.0631031159
 12/22  06:00:00,351.36313289199995,34.4136389469
 12/22  07:00:00,430.605940114,1110.87387387
 12/22  08:00:00,537.978556858,1315.90360037
 12/22  09:00:00,1051.68201144,890.695090834
 12/22  10:00:00,1014.67418878,604.61010695
 12/22  11:00:00,965.5507594119999,426.605886414
 12/22  12:00:00,965.477780599,380.255690407
 12/22  13:00:00,915.719152426,462.087011539
 12/22  14:00:00,965.541329925,452.566782148
 12/22  15:00:00,965.518801287,433.53267637
 12/22  16:00:00,965.5133620510001,430.17821871300004
 12/22  17:00:00,1048.61226773,468.612505597
 12/22  18:00:00,952.8927834460001,511.063384004
 12/22  19:00:00,753.602492868,579.024748264
 12/22  20:00:00,729.1778347139999,597.25127052
 12/22  21:00:00,579.75495625,688.360882752
 12/22  22:00:00,555.35906887,725.131848472
 12/22  23:00:00,349.356962198,4.36148341671
 12/22  24:00:00,299.992202737,2.19074647977
 12/23  01:00:00,238.32673332599998,4.082921218819999
 12/23  02:00:00,239.91874060400002,15.7932037376
 12/23  03:00:00,239.525733293,15.723914256099999
 12/23  04:00:00,239.92452095299998,18.8412644234
 12/23  05:00:00,251.75616744,25.3193061321
 12/23  06:00:00,276.601871062,29.3186706219
 12/23  07:00:00,430.74724078300005,1063.10070776
 12/23  08:00:00,438.465996383,1321.67728604
 12/23  09:00:00,653.2209560480001,1039.19276015
 12/23  10:00:00,616.4614034919999,936.689879301
 12/23  11:00:00,567.519071207,878.9510626660001
 12/23  12:00:00,567.4787091019999,842.4419403539999
 12/23  13:00:00,567.402423174,781.065615903
 12/23  14:00:00,567.465192434,827.31305607
 12/23  15:00:00,318.510286315,998.030617355
 12/23  16:00:00,318.565139113,1048.45099519
 12/23  17:00:00,401.738057825,1134.63275461
 12/23  18:00:00,380.936311011,1273.84584888
 12/23  19:00:00,347.93007467,4.36544179986
 12/23  20:00:00,324.67833538,6.91136386045
 12/23  21:00:00,325.480335336,17.1591700756
 12/23  22:00:00,300.643405771,18.4768655825
 12/23  23:00:00,276.61266328,33.037208542100004
 12/23  24:00:00,260.225062357,53.1671354375
 12/24  01:00:00,256.894684231,109.851451321
 12/24  02:00:00,260.736403644,132.820100476
 12/24  03:00:00,256.947953792,157.043041732
 12/24  04:00:00,260.79593958099997,186.45888458099998
 12/24  05:00:00,269.244041149,222.830882779
 12/24  06:00:00,299.016514878,280.502797258
 12/24  07:00:00,344.713507737,330.821561319
 12/24  08:00:00,355.553973169,384.58425647
 12/24  09:00:00,317.864342703,297.612032998
 12/24  10:00:00,284.114157472,215.334409894
 12/24  11:00:00,230.195712383,204.36520387599998
 12/24  12:00:00,233.969679465,173.343082698
 12/24  13:00:00,230.135705963,157.596238804
 12/24  14:00:00,233.92000681,138.60353368399998
 12/24  15:00:00,230.075587131,114.23929990200001
 12/24  16:00:00,233.89894143700002,122.00174054200001
 12/24  17:00:00,314.848481113,196.71904468900001
 12/24  18:00:00,372.938691364,288.617703827
 12/24  19:00:00,368.726364274,290.038598905
 12/24  20:00:00,348.565370202,337.247352833
 12/24  21:00:00,344.40869481699997,376.00203099099997
 12/24  22:00:00,324.24960118900003,416.617573374
 12/24  23:00:00,295.610517147,421.41473292300003
 12/24  24:00:00,275.40997058,427.999602375
 12/25  01:00:00,259.012694474,447.39921312300004
 12/25  02:00:00,263.27293793900003,463.715527693
 12/25  03:00:00,264.054321819,447.40065634900003
 12/25  04:00:00,263.2408784,430.069638306
 12/25  05:00:00,271.22684781,414.40597839099996
 12/25  06:00:00,299.832860178,379.272721045
 12/25  07:00:00,344.507474665,386.740201475
 12/25  08:00:00,356.056863994,374.30782129199997
 12/25  09:00:00,317.62143409099997,353.967741321
 12/25  10:00:00,285.084723917,300.219043688
 12/25  11:00:00,231.50354484599998,256.839163039
 12/25  12:00:00,234.03489515799998,206.563204542
 12/25  13:00:00,230.18624585799998,190.28737528
 12/25  14:00:00,233.96215422900002,165.060203711
 12/25  15:00:00,230.13945788,163.132528746
 12/25  16:00:00,233.9604625,175.57278894200002
 12/25  17:00:00,314.279157199,200.044579897
 12/25  18:00:00,372.451911485,240.63115124700002
 12/25  19:00:00,369.01906099800004,230.48292777
 12/25  20:00:00,348.011685945,256.433487743
 12/25  21:00:00,344.574666395,240.577683213
 12/25  22:00:00,323.571524629,270.858146392
 12/25  23:00:00,295.696040325,257.75955820400003
 12/25  24:00:00,274.687658049,281.951623794
 12/26  01:00:00,308.861398789,254.774259083
 12/26  02:00:00,312.200107369,262.404056868
 12/26  03:00:00,307.62935419999997,235.31932459700002
 12/26  04:00:00,310.640029674,233.937367845
 12/26  05:00:00,319.026046797,215.36642428099998
 12/26  06:00:00,373.205055193,253.18850589
 12/26  07:00:00,433.30120396,2814.55442552
 12/26  08:00:00,539.162557174,2130.34852297
 12/26  09:00:00,1052.13949712,1290.68747912
 12/26  10:00:00,1015.01284858,937.459779037
 12/26  11:00:00,965.704129821,597.047036228
 12/26  12:00:00,966.075581065,387.711372616
 12/26  13:00:00,916.373371835,421.37344124300006
 12/26  14:00:00,965.859558006,302.654725475
 12/26  15:00:00,965.348830203,260.709091192
 12/26  16:00:00,965.3056489060001,292.705924853
 12/26  17:00:00,1048.51559381,445.232595638
 12/26  18:00:00,952.96842426,667.6810676
 12/26  19:00:00,753.756051654,809.53151516
 12/26  20:00:00,729.4690189419999,953.93420856
 12/26  21:00:00,580.298706358,1233.00779766
 12/26  22:00:00,555.7570568159999,1088.87971434
 12/26  23:00:00,349.356968501,2.19087800439
 12/26  24:00:00,299.992209617,2.19064088353
 12/27  01:00:00,287.77001366900004,4.36172781386
 12/27  02:00:00,288.96060623799997,6.33857407883
 12/27  03:00:00,289.358181987,8.3703890786
 12/27  04:00:00,289.758417257,14.989146493800002
 12/27  05:00:00,301.588925761,16.1430671559
 12/27  06:00:00,351.355798075,23.105702952199998
 12/27  07:00:00,431.140433945,1407.77937155
 12/27  08:00:00,547.32465449,1820.20774398
 12/27  09:00:00,1052.04171698,1027.05807155
 12/27  10:00:00,1014.84651781,625.0945083409999
 12/27  11:00:00,966.0791023639999,364.96908862699996
 12/27  12:00:00,968.473854876,189.746414803
 12/27  13:00:00,920.102221768,192.44609328
 12/27  14:00:00,970.5815177869999,162.312318708
 12/27  15:00:00,969.09032025,128.57843016200002
 12/27  16:00:00,966.6089093119999,214.47984881099998
 12/27  17:00:00,1048.55805516,405.736519306
 12/27  18:00:00,953.075090672,638.2054432880001
 12/27  19:00:00,753.9921251510001,823.2451500039999
 12/27  20:00:00,729.5908925,812.502569073
 12/27  21:00:00,580.347915089,973.466847377
 12/27  22:00:00,555.969107003,963.4548402989999
 12/27  23:00:00,349.35697031800004,2.19093910565
 12/27  24:00:00,299.99221125,2.19089549032
 12/28  01:00:00,288.961794949,8.25181445618
 12/28  02:00:00,289.764751768,14.3874735199
 12/28  03:00:00,289.371772469,16.0129332149
 12/28  04:00:00,289.78960543200003,33.4427226979
 12/28  05:00:00,304.989528342,34.372642807300004
 12/28  06:00:00,372.528659208,101.18168758799999
 12/28  07:00:00,431.213602172,1190.22076456
 12/28  08:00:00,549.175885665,2286.89063361
 12/28  09:00:00,1053.91365621,1302.41114709
 12/28  10:00:00,1016.22899247,825.400121011
 12/28  11:00:00,966.779056432,552.083593304
 12/28  12:00:00,968.37155621,346.85361358
 12/28  13:00:00,919.5627427689999,277.84120021
 12/28  14:00:00,970.0438919569999,186.266736959
 12/28  15:00:00,968.868743126,133.51668837399998
 12/28  16:00:00,966.4675451530001,205.977853944
 12/28  17:00:00,1048.78625483,496.131693959
 12/28  18:00:00,953.327381403,695.0973538310001
 12/28  19:00:00,754.23085216,841.108447849
 12/28  20:00:00,730.1929523389999,1025.6247024
 12/28  21:00:00,580.9940033280001,1091.68379708
 12/28  22:00:00,557.032788463,1206.51330799
 12/28  23:00:00,349.356971731,2.1908931863
 12/28  24:00:00,300.786963603,6.18568457541
 12/29  01:00:00,289.360841603,6.44776836178
 12/29  02:00:00,289.769817453,12.647125848
 12/29  03:00:00,289.375879182,13.3695497392
 12/29  04:00:00,289.795259849,26.6834707029
 12/29  05:00:00,301.61514128700003,21.4280474433
 12/29  06:00:00,359.00508952,46.818011976
 12/29  07:00:00,431.08405561,827.20968674
 12/29  08:00:00,547.743234801,1500.02201552
 12/29  09:00:00,1052.27341019,925.9201738810001
 12/29  10:00:00,1014.93824652,594.212034592
 12/29  11:00:00,965.611052152,370.303623482
 12/29  12:00:00,965.776741225,227.774206762
 12/29  13:00:00,917.17540313,189.760254391
 12/29  14:00:00,965.4709063260001,161.42121309
 12/29  15:00:00,965.208999125,145.634568665
 12/29  16:00:00,965.218247854,157.92265536
 12/29  17:00:00,1048.39238775,255.69212768900002
 12/29  18:00:00,952.786770605,400.60478347
 12/29  19:00:00,753.537852772,507.143362272
 12/29  20:00:00,729.4601166289999,812.921389562
 12/29  21:00:00,580.118762612,898.196612352
 12/29  22:00:00,555.566482762,789.238394716
 12/29  23:00:00,349.356973785,4.36182085311
 12/29  24:00:00,299.992214309,2.19064382377
 12/30  01:00:00,239.121464093,6.958151342869999
 12/30  02:00:00,239.523668147,14.4578010205
 12/30  03:00:00,239.926514113,18.1441364771
 12/30  04:00:00,239.539747633,24.830610159099997
 12/30  05:00:00,252.16160406400002,30.373325991799998
 12/30  06:00:00,279.60882153299997,52.1581615305
 12/30  07:00:00,430.99394294900003,1110.21434107
 12/30  08:00:00,448.334333599,1887.28135758
 12/30  09:00:00,654.533019704,1374.83700542
 12/30  10:00:00,617.639189098,1183.63765737
 12/30  11:00:00,569.1185121569999,1281.52228569
 12/30  12:00:00,569.518426344,1294.98022802
 12/30  13:00:00,569.774706352,1266.85295082
 12/30  14:00:00,570.086364605,1265.5861220999998
 12/30  15:00:00,321.239551683,1383.18327202
 12/30  16:00:00,321.57687793400004,1515.11793431
 12/30  17:00:00,405.49373099800005,1667.75517035
 12/30  18:00:00,385.479151791,1765.12277243
 12/30  19:00:00,348.92639814300003,6.51178450787
 12/30  20:00:00,338.208801354,37.4617376111
 12/30  21:00:00,342.087615671,63.6933794028
 12/30  22:00:00,322.337336214,107.543604393
 12/30  23:00:00,294.478853138,115.03118594
 12/30  24:00:00,274.730400028,175.094242568
 12/31  01:00:00,258.714508895,194.019184604
 12/31  02:00:00,263.06239320000003,290.208071601
 12/31  03:00:00,258.819732882,280.451975766
 12/31  04:00:00,263.127165889,355.23339241599996
 12/31  05:00:00,271.111459608,341.200133697
 12/31  06:00:00,303.688674016,408.71940796300004
 12/31  07:00:00,344.461711826,358.970679323
 12/31  08:00:00,364.68981138,441.195942189
 12/31  09:00:00,317.686118718,384.927099025
 12/31  10:00:00,289.969347512,351.76234963800005
 12/31  11:00:00,231.883413921,220.06850417299998
 12/31  12:00:00,234.875346089,217.953690724
 12/31  13:00:00,229.76964385,154.311770254
 12/31  14:00:00,234.417937535,188.635300894
 12/31  15:00:00,230.402619132,154.268797247
 12/31  16:00:00,236.035715122,201.75367091200002
 12/31  17:00:00,314.953913996,246.517681531
 12/31  18:00:00,373.07060619199996,362.699050362
 12/31  19:00:00,368.87244420900004,368.816915728
 12/31  20:00:00,348.644564515,379.40281819
 12/31  21:00:00,344.391104006,350.690541739
 12/31  22:00:00,329.03319979400004,414.810803813
 12/31  23:00:00,295.496921743,346.86747314400003
 12/31  24:00:00,275.302849567,384.897835221
