Date/Time,Electricity:Facility [kW](Hourly),Gas:Facility [kW](Hourly)
 01/01  01:00:00,141.000915961,218.87084047099998
 01/01  02:00:00,150.681489727,166.436774099
 01/01  03:00:00,137.268406335,158.486960487
 01/01  04:00:00,140.028165436,148.908151343
 01/01  05:00:00,150.695707084,172.151168561
 01/01  06:00:00,166.973877488,205.446651492
 01/01  07:00:00,300.772555888,287.073952056
 01/01  08:00:00,332.922347511,515.775170197
 01/01  09:00:00,377.69070334400004,724.726172297
 01/01  10:00:00,312.75270943099997,603.599277126
 01/01  11:00:00,246.51419597900002,509.73622942800006
 01/01  12:00:00,247.98307030700002,419.46188804199994
 01/01  13:00:00,235.42548954400002,348.072018262
 01/01  14:00:00,208.03318196200001,349.36125937199995
 01/01  15:00:00,217.673264795,336.882146973
 01/01  16:00:00,212.526124775,364.54571308699997
 01/01  17:00:00,235.667197224,358.23689646
 01/01  18:00:00,276.12061577099996,356.534343523
 01/01  19:00:00,354.262399393,398.044001445
 01/01  20:00:00,371.521429437,442.236421179
 01/01  21:00:00,403.09766321300003,429.62321551900004
 01/01  22:00:00,376.725500856,443.02199115699995
 01/01  23:00:00,321.211159593,573.201180297
 01/01  24:00:00,237.91741522700002,397.779506608
 01/02  01:00:00,129.181449061,218.738181149
 01/02  02:00:00,130.65431426799998,163.386289904
 01/02  03:00:00,126.87623013,158.46284804200002
 01/02  04:00:00,129.493014541,143.20791991
 01/02  05:00:00,140.15846909200002,172.733873838
 01/02  06:00:00,176.922401716,280.119150643
 01/02  07:00:00,328.426170315,454.95504713199995
 01/02  08:00:00,390.59758269699995,654.173515907
 01/02  09:00:00,322.450555696,552.997588147
 01/02  10:00:00,276.717346525,504.472227969
 01/02  11:00:00,216.535021884,438.08618937800003
 01/02  12:00:00,210.499725879,346.03171621900003
 01/02  13:00:00,210.61545474099998,339.679373904
 01/02  14:00:00,207.123510304,326.134430365
 01/02  15:00:00,210.41311623599998,328.193376651
 01/02  16:00:00,205.592505925,333.414810005
 01/02  17:00:00,230.890699762,318.372242414
 01/02  18:00:00,282.874074865,350.26193725400003
 01/02  19:00:00,361.19173833599996,535.336911888
 01/02  20:00:00,374.07918903300003,424.56461859800004
 01/02  21:00:00,405.776064176,416.67125951699995
 01/02  22:00:00,395.134743684,534.176054863
 01/02  23:00:00,315.264519892,432.09797351300006
 01/02  24:00:00,224.557214731,284.243297074
 01/03  01:00:00,126.892741662,222.385321435
 01/03  02:00:00,127.67210995299999,184.935171415
 01/03  03:00:00,123.259444719,178.46973283
 01/03  04:00:00,125.866431855,168.45824999
 01/03  05:00:00,136.656852374,184.332800004
 01/03  06:00:00,173.454096228,280.594255039
 01/03  07:00:00,333.79517966099996,460.695190571
 01/03  08:00:00,368.7173619,735.686295006
 01/03  09:00:00,315.473104128,640.24917469
 01/03  10:00:00,290.410949489,559.439886583
 01/03  11:00:00,237.772419378,517.4170663159999
 01/03  12:00:00,225.615198773,459.824509896
 01/03  13:00:00,221.28191676900002,464.531706654
 01/03  14:00:00,210.866341925,474.54581848699996
 01/03  15:00:00,206.601966069,475.23428925400003
 01/03  16:00:00,196.014849104,504.51382086
 01/03  17:00:00,218.31483429099998,473.944196182
 01/03  18:00:00,258.28107554900004,519.092255583
 01/03  19:00:00,336.076073072,698.5785246739999
 01/03  20:00:00,348.267064564,572.140502253
 01/03  21:00:00,374.56825873599996,572.73210024
 01/03  22:00:00,350.136674025,708.0336363389999
 01/03  23:00:00,270.06675113,617.917331087
 01/03  24:00:00,189.290236285,484.43963712699997
 01/04  01:00:00,139.643428456,200.958551754
 01/04  02:00:00,128.134750138,161.036551399
 01/04  03:00:00,117.52610756799999,149.73415621200002
 01/04  04:00:00,116.016987036,153.883465405
 01/04  05:00:00,124.18218557899999,183.390430648
 01/04  06:00:00,159.533613148,294.210015294
 01/04  07:00:00,283.72094020099996,470.998827496
 01/04  08:00:00,366.894744764,837.4845443910001
 01/04  09:00:00,290.347971798,761.50172298
 01/04  10:00:00,304.012104733,665.974620005
 01/04  11:00:00,273.21557320200003,596.080450193
 01/04  12:00:00,266.028753162,511.312827781
 01/04  13:00:00,253.54844417599998,490.57591416099996
 01/04  14:00:00,240.987276396,471.513476607
 01/04  15:00:00,241.587528693,444.21472019199996
 01/04  16:00:00,242.210570902,430.33985217400004
 01/04  17:00:00,258.739539394,407.356978346
 01/04  18:00:00,290.267195205,443.006024755
 01/04  19:00:00,354.07032470800004,625.2703091530001
 01/04  20:00:00,365.21389687699997,515.022257685
 01/04  21:00:00,390.767981609,519.699480304
 01/04  22:00:00,375.63713538300004,656.854294645
 01/04  23:00:00,297.081348465,566.119641181
 01/04  24:00:00,203.70541764900003,438.047733558
 01/05  01:00:00,131.968003004,200.71689366900003
 01/05  02:00:00,123.846065059,148.45952938
 01/05  03:00:00,115.165840663,150.06042872
 01/05  04:00:00,115.21002203100001,141.087286334
 01/05  05:00:00,124.00337785299999,177.773825793
 01/05  06:00:00,160.570174168,285.603093322
 01/05  07:00:00,284.971947318,463.538796064
 01/05  08:00:00,404.804034662,775.616484193
 01/05  09:00:00,332.885359384,698.369741275
 01/05  10:00:00,292.314826899,619.994145604
 01/05  11:00:00,227.10834826200002,574.982939881
 01/05  12:00:00,223.12659454400003,489.54702586300004
 01/05  13:00:00,216.23323163599997,461.549274986
 01/05  14:00:00,207.677504423,435.749846855
 01/05  15:00:00,207.93214292099998,407.07261668300004
 01/05  16:00:00,205.44674461,397.388573727
 01/05  17:00:00,229.989291991,416.40043701900004
 01/05  18:00:00,274.33831557900004,472.59256678199995
 01/05  19:00:00,348.90445935599996,627.598682809
 01/05  20:00:00,360.26118158400004,516.1841398419999
 01/05  21:00:00,391.16849144599996,510.755535395
 01/05  22:00:00,380.597135231,635.4484057340001
 01/05  23:00:00,305.60331115599996,535.572735265
 01/05  24:00:00,221.77008025599997,389.954392251
 01/06  01:00:00,124.43662632600001,190.850353711
 01/06  02:00:00,120.62861189899999,139.27163819700002
 01/06  03:00:00,115.155919489,140.685847553
 01/06  04:00:00,117.254281585,131.274202941
 01/06  05:00:00,127.533971257,171.197399189
 01/06  06:00:00,189.77723057900002,270.920709244
 01/06  07:00:00,328.347594502,455.515168988
 01/06  08:00:00,377.402581723,730.785760957
 01/06  09:00:00,306.577282432,658.191180232
 01/06  10:00:00,263.955887795,598.9625439619999
 01/06  11:00:00,216.364779495,562.901301819
 01/06  12:00:00,209.43556677,506.289071542
 01/06  13:00:00,206.014816064,508.22847215900003
 01/06  14:00:00,195.111770482,499.759183489
 01/06  15:00:00,193.877651014,498.250410233
 01/06  16:00:00,189.61316240099998,516.82826015
 01/06  17:00:00,215.120231509,477.217463343
 01/06  18:00:00,259.607485236,517.9529942409999
 01/06  19:00:00,333.588951394,699.822259488
 01/06  20:00:00,344.935978748,573.617009178
 01/06  21:00:00,371.089439588,576.109205208
 01/06  22:00:00,352.039897339,712.3252413710001
 01/06  23:00:00,278.097299404,608.066660441
 01/06  24:00:00,200.39005803700002,475.918234009
 01/07  01:00:00,132.886596578,200.983141955
 01/07  02:00:00,131.596909313,162.048696098
 01/07  03:00:00,112.89741200799999,151.302443525
 01/07  04:00:00,110.318502717,156.298070468
 01/07  05:00:00,118.788572183,186.625043786
 01/07  06:00:00,132.346773082,231.335539343
 01/07  07:00:00,215.50465618099997,309.488085215
 01/07  08:00:00,289.77448156400004,719.15499641
 01/07  09:00:00,340.744324284,938.557133172
 01/07  10:00:00,291.106322376,789.5515208139999
 01/07  11:00:00,240.418581547,709.7557540989999
 01/07  12:00:00,207.04744028099998,657.284701941
 01/07  13:00:00,179.65848821,609.964096113
 01/07  14:00:00,178.993056964,600.928733013
 01/07  15:00:00,180.889049,594.629485535
 01/07  16:00:00,181.02442902,604.018149216
 01/07  17:00:00,205.979129,585.289901474
 01/07  18:00:00,245.59403825299998,623.65176403
 01/07  19:00:00,325.128357128,682.492477934
 01/07  20:00:00,331.546449864,725.48053874
 01/07  21:00:00,351.38542317199995,724.932485226
 01/07  22:00:00,342.579290608,727.7346660019999
 01/07  23:00:00,288.339058676,856.8653749619999
 01/07  24:00:00,193.254533743,699.2998917
 01/08  01:00:00,143.50994854200002,225.280972023
 01/08  02:00:00,137.25901352399998,184.570118898
 01/08  03:00:00,115.558771325,179.37546069400003
 01/08  04:00:00,113.866108731,176.734574247
 01/08  05:00:00,120.89768298700001,205.826558958
 01/08  06:00:00,133.86444076799998,250.71301604099997
 01/08  07:00:00,214.879793812,326.33498452
 01/08  08:00:00,293.002081048,811.9067217639999
 01/08  09:00:00,341.77847046,1038.73347525
 01/08  10:00:00,273.807809382,872.830461471
 01/08  11:00:00,220.47494664200002,770.3529374189999
 01/08  12:00:00,221.655455841,689.857479641
 01/08  13:00:00,222.459497999,605.8656302669999
 01/08  14:00:00,206.61765267799998,591.838274813
 01/08  15:00:00,209.880048372,568.129552627
 01/08  16:00:00,213.214414092,575.675460825
 01/08  17:00:00,218.05210291900002,555.578950954
 01/08  18:00:00,251.976006665,601.06510081
 01/08  19:00:00,326.254695191,667.4230502930001
 01/08  20:00:00,341.148520065,720.10045773
 01/08  21:00:00,368.611306921,726.132084286
 01/08  22:00:00,341.06487640299997,730.6397635530001
 01/08  23:00:00,285.934266524,871.826619729
 01/08  24:00:00,198.12659642,699.6266612210001
 01/09  01:00:00,135.311064907,228.756888697
 01/09  02:00:00,120.80931726899999,176.65500964400002
 01/09  03:00:00,111.274819255,176.109537208
 01/09  04:00:00,109.83734637100001,168.774037055
 01/09  05:00:00,116.26656459899999,207.03420900900002
 01/09  06:00:00,151.075516147,314.061455658
 01/09  07:00:00,277.013665135,491.677468879
 01/09  08:00:00,357.96496174,948.4828403339999
 01/09  09:00:00,282.26572453200004,876.569272805
 01/09  10:00:00,257.926589883,748.339778741
 01/09  11:00:00,257.575939932,644.751814673
 01/09  12:00:00,290.379989483,542.605073125
 01/09  13:00:00,267.76603061099996,513.0276042969999
 01/09  14:00:00,240.13254943599998,486.902382831
 01/09  15:00:00,237.00556610099997,461.04526903699997
 01/09  16:00:00,237.544079169,429.0410187
 01/09  17:00:00,255.18416490099997,420.76383469800004
 01/09  18:00:00,283.699807984,464.757007681
 01/09  19:00:00,348.83992362099997,651.981500093
 01/09  20:00:00,364.562267111,531.447972526
 01/09  21:00:00,393.438570991,524.433686659
 01/09  22:00:00,381.129497647,648.666091007
 01/09  23:00:00,305.237613264,539.43064958
 01/09  24:00:00,215.119227788,404.16506867
 01/10  01:00:00,123.426326276,195.845575459
 01/10  02:00:00,117.90549038,144.945465159
 01/10  03:00:00,110.96052530700001,147.204905193
 01/10  04:00:00,111.68410484,145.098805209
 01/10  05:00:00,120.762803416,174.91789364099998
 01/10  06:00:00,155.328236788,286.72226501299997
 01/10  07:00:00,277.15014819,466.100516154
 01/10  08:00:00,405.811330404,774.33568958
 01/10  09:00:00,323.42666252,692.925584655
 01/10  10:00:00,292.706343413,607.028107797
 01/10  11:00:00,234.20708188,562.849356
 01/10  12:00:00,236.479101496,495.75537019999996
 01/10  13:00:00,243.033336631,490.19800228300005
 01/10  14:00:00,236.560699922,479.637653015
 01/10  15:00:00,240.507349412,469.45788518300003
 01/10  16:00:00,238.604968166,469.980952564
 01/10  17:00:00,255.249437165,438.886676685
 01/10  18:00:00,278.931915923,487.96788871300004
 01/10  19:00:00,342.171223031,691.774329464
 01/10  20:00:00,353.290229401,581.424725182
 01/10  21:00:00,376.303671497,577.002347419
 01/10  22:00:00,361.26447913199996,711.36799048
 01/10  23:00:00,288.62432891,609.140060754
 01/10  24:00:00,195.50936666,476.38096689599996
 01/11  01:00:00,142.340996977,199.25216237599997
 01/11  02:00:00,131.43958302,158.734605122
 01/11  03:00:00,121.79912324600001,152.908848986
 01/11  04:00:00,120.75853946,143.639634502
 01/11  05:00:00,128.360914215,186.145147815
 01/11  06:00:00,163.57770436299998,291.178019085
 01/11  07:00:00,288.760213238,470.626272322
 01/11  08:00:00,373.08869082,812.6808324360001
 01/11  09:00:00,289.14260126,751.2144249339999
 01/11  10:00:00,286.768798677,668.3919124619999
 01/11  11:00:00,257.568549718,613.260148284
 01/11  12:00:00,253.750033618,534.381758485
 01/11  13:00:00,243.864280155,519.574787096
 01/11  14:00:00,226.046139093,502.679532931
 01/11  15:00:00,220.312185384,494.71583468800003
 01/11  16:00:00,210.37780158799998,506.50000233599997
 01/11  17:00:00,229.379555309,464.26214435400004
 01/11  18:00:00,265.831934507,510.060571014
 01/11  19:00:00,334.856642242,702.494073006
 01/11  20:00:00,337.749792884,595.879317455
 01/11  21:00:00,360.40249542,595.069816738
 01/11  22:00:00,350.027680312,737.0328658139999
 01/11  23:00:00,270.902303125,634.71887871
 01/11  24:00:00,188.615860257,502.15855092199996
 01/12  01:00:00,138.81400988299998,211.30884847299998
 01/12  02:00:00,127.45630869799999,158.711800689
 01/12  03:00:00,116.221290592,159.910456859
 01/12  04:00:00,115.678522122,157.557147192
 01/12  05:00:00,124.686479597,186.69033356
 01/12  06:00:00,159.08371301399998,299.038101818
 01/12  07:00:00,284.464061036,481.21702972699995
 01/12  08:00:00,368.95318976699997,857.165226423
 01/12  09:00:00,288.489204891,781.513472795
 01/12  10:00:00,281.635736402,688.812435403
 01/12  11:00:00,275.50572767200003,613.781097187
 01/12  12:00:00,249.348385913,527.192892667
 01/12  13:00:00,228.50877546599997,504.33517899
 01/12  14:00:00,205.24785087900003,501.365491121
 01/12  15:00:00,192.442477691,506.302990403
 01/12  16:00:00,184.719004513,523.595446934
 01/12  17:00:00,210.33887733900002,493.21305295400003
 01/12  18:00:00,251.492181365,532.525699603
 01/12  19:00:00,324.771241979,721.577345311
 01/12  20:00:00,339.805717339,602.690479563
 01/12  21:00:00,373.73543138199994,586.800988361
 01/12  22:00:00,356.721302974,719.41456231
 01/12  23:00:00,281.00460451,613.7540897619999
 01/12  24:00:00,199.538055481,481.606520744
 01/13  01:00:00,130.084450232,210.3552586
 01/13  02:00:00,120.794864125,158.445282187
 01/13  03:00:00,112.124834184,160.194384947
 01/13  04:00:00,111.449592902,157.94046893700002
 01/13  05:00:00,119.935701081,187.686452295
 01/13  06:00:00,154.73332969700002,299.11224485099996
 01/13  07:00:00,277.505095555,483.665365328
 01/13  08:00:00,392.61561023699994,821.575407822
 01/13  09:00:00,316.587337349,733.913917288
 01/13  10:00:00,292.37921217400003,652.9781020309999
 01/13  11:00:00,241.97779081099998,584.950104195
 01/13  12:00:00,241.702771455,494.028074295
 01/13  13:00:00,246.094778768,461.319434623
 01/13  14:00:00,242.721905497,373.36347167400004
 01/13  15:00:00,243.179017195,354.12175495699995
 01/13  16:00:00,241.054207385,375.111520798
 01/13  17:00:00,263.444290298,351.596813
 01/13  18:00:00,290.255253342,488.405639315
 01/13  19:00:00,357.824308546,663.062293195
 01/13  20:00:00,368.89883578,514.286421595
 01/13  21:00:00,395.347628447,506.969166583
 01/13  22:00:00,381.54704335400004,641.720168379
 01/13  23:00:00,308.844655216,538.634531238
 01/13  24:00:00,211.741543141,410.30665125400003
 01/14  01:00:00,128.63539757,191.91578405200002
 01/14  02:00:00,130.642647029,152.843177334
 01/14  03:00:00,113.92866605100001,149.05892535700002
 01/14  04:00:00,113.582250336,141.400521246
 01/14  05:00:00,122.315287697,185.144458153
 01/14  06:00:00,143.778998961,222.879326822
 01/14  07:00:00,254.74155010799998,298.54335757900003
 01/14  08:00:00,333.03020549,663.19798107
 01/14  09:00:00,368.63774335,877.757483943
 01/14  10:00:00,344.42558473199995,710.24752807
 01/14  11:00:00,289.074292559,586.911296568
 01/14  12:00:00,270.022163321,438.058079412
 01/14  13:00:00,278.344073531,309.757181671
 01/14  14:00:00,276.586960726,284.627630054
 01/14  15:00:00,289.00133827400003,265.245104072
 01/14  16:00:00,289.235694601,275.43105906
 01/14  17:00:00,289.868137713,261.425040412
 01/14  18:00:00,304.96223910599997,277.675690787
 01/14  19:00:00,372.33717232099997,414.218312969
 01/14  20:00:00,371.151388409,597.231307972
 01/14  21:00:00,389.49899463400004,527.28394038
 01/14  22:00:00,380.848464612,513.826160456
 01/14  23:00:00,322.061705648,646.473404593
 01/14  24:00:00,232.01365701400002,488.678485915
 01/15  01:00:00,145.214739855,196.35915777
 01/15  02:00:00,147.7562542,150.210173394
 01/15  03:00:00,131.057285379,145.110806035
 01/15  04:00:00,132.367535115,142.18216335399998
 01/15  05:00:00,151.679901345,170.573808599
 01/15  06:00:00,181.164006606,215.011984278
 01/15  07:00:00,294.241161263,299.79337102
 01/15  08:00:00,285.78802048200004,654.0951182169999
 01/15  09:00:00,350.848405922,878.242755012
 01/15  10:00:00,331.902396532,714.42810686
 01/15  11:00:00,301.540824857,548.321689985
 01/15  12:00:00,272.396841058,370.98618263300006
 01/15  13:00:00,273.209272954,289.39802246799997
 01/15  14:00:00,273.79851217,278.616904776
 01/15  15:00:00,285.98335931599996,265.591214343
 01/15  16:00:00,286.334190793,274.470508877
 01/15  17:00:00,314.36609407099996,248.58726279
 01/15  18:00:00,317.981626027,266.337025627
 01/15  19:00:00,374.042442685,352.977935988
 01/15  20:00:00,382.72335476,490.293573803
 01/15  21:00:00,406.79383426199996,601.3895716569999
 01/15  22:00:00,379.68604809,514.511335911
 01/15  23:00:00,321.445403092,641.371249665
 01/15  24:00:00,236.97734887099998,470.60368970400003
 01/16  01:00:00,155.353576935,193.396278782
 01/16  02:00:00,159.810079667,147.46154186
 01/16  03:00:00,143.1474501,142.152453946
 01/16  04:00:00,143.601171757,138.906547072
 01/16  05:00:00,153.282294092,173.885151351
 01/16  06:00:00,169.225848885,210.723376358
 01/16  07:00:00,286.579743695,287.01939596799997
 01/16  08:00:00,323.60303214,602.038654173
 01/16  09:00:00,368.52212117199997,807.95015643
 01/16  10:00:00,309.99333328299997,677.738916187
 01/16  11:00:00,242.84640478900002,593.859724112
 01/16  12:00:00,227.93750345900003,543.087549701
 01/16  13:00:00,221.296607058,463.851883938
 01/16  14:00:00,205.504169869,436.71892516800006
 01/16  15:00:00,203.61729762599998,428.962066218
 01/16  16:00:00,202.971173102,426.641038169
 01/16  17:00:00,231.03091752900002,423.69848224599997
 01/16  18:00:00,265.908016362,425.51804224
 01/16  19:00:00,344.406124121,478.20249596699995
 01/16  20:00:00,359.19607398,515.683257944
 01/16  21:00:00,389.947730605,510.601398243
 01/16  22:00:00,365.61285858900004,506.94864159900004
 01/16  23:00:00,311.016837995,634.85138888
 01/16  24:00:00,230.440947868,460.365318288
 01/17  01:00:00,134.384253996,190.895545468
 01/17  02:00:00,131.48785682,145.267209964
 01/17  03:00:00,126.071753552,138.10255162200002
 01/17  04:00:00,127.927931504,132.578833532
 01/17  05:00:00,138.32717296200002,172.122695805
 01/17  06:00:00,175.067630243,276.553638649
 01/17  07:00:00,319.093315899,460.227086811
 01/17  08:00:00,380.85839743300005,733.723821622
 01/17  09:00:00,317.209636032,641.008185187
 01/17  10:00:00,296.507442887,538.58377948
 01/17  11:00:00,252.880877537,421.1019438
 01/17  12:00:00,262.887949819,310.31395669200003
 01/17  13:00:00,242.86330104900003,291.721353937
 01/17  14:00:00,232.37524803099998,286.867591631
 01/17  15:00:00,217.800039603,296.508714112
 01/17  16:00:00,209.963333426,322.334313136
 01/17  17:00:00,236.14112076,307.16168185
 01/17  18:00:00,285.90165262,347.823867904
 01/17  19:00:00,366.677292608,542.709479395
 01/17  20:00:00,378.255213202,445.005461262
 01/17  21:00:00,408.49345355699995,447.48596847
 01/17  22:00:00,397.381106059,581.215077051
 01/17  23:00:00,317.917427567,493.360681825
 01/17  24:00:00,226.590478875,332.68745604
 01/18  01:00:00,128.090445723,221.25579597900003
 01/18  02:00:00,130.06971079299998,166.840028861
 01/18  03:00:00,126.927062295,154.79471380200002
 01/18  04:00:00,129.82645181,139.998401279
 01/18  05:00:00,140.983103515,175.409031207
 01/18  06:00:00,179.41535985,275.350496215
 01/18  07:00:00,338.339361514,460.83861613199997
 01/18  08:00:00,395.592061719,617.446256312
 01/18  09:00:00,326.043465061,500.294806755
 01/18  10:00:00,280.927839817,430.52390429400003
 01/18  11:00:00,222.341493465,373.19674649300003
 01/18  12:00:00,229.56530119099997,303.39080016099996
 01/18  13:00:00,223.74628609799998,304.157911725
 01/18  14:00:00,223.03380673700002,284.631006631
 01/18  15:00:00,249.316526347,272.79046155099996
 01/18  16:00:00,265.449535785,277.14787453
 01/18  17:00:00,283.440503719,246.477484498
 01/18  18:00:00,327.867628318,286.197601761
 01/18  19:00:00,415.577836956,455.569441035
 01/18  20:00:00,429.541646539,337.081382785
 01/18  21:00:00,453.546210115,325.821433111
 01/18  22:00:00,428.450243167,466.39549730699997
 01/18  23:00:00,363.819214729,350.84833070199994
 01/18  24:00:00,298.588371636,205.83286513099998
 01/19  01:00:00,136.631538347,142.203248513
 01/19  02:00:00,133.21579969,123.709366796
 01/19  03:00:00,127.82904795299999,151.065191889
 01/19  04:00:00,130.954979939,173.958813083
 01/19  05:00:00,172.75870571299998,218.249663895
 01/19  06:00:00,188.33667452900002,327.624576
 01/19  07:00:00,323.213956393,514.392385256
 01/19  08:00:00,377.460092243,823.0962476560001
 01/19  09:00:00,297.852100165,689.8102460010001
 01/19  10:00:00,253.355183571,634.6006089269999
 01/19  11:00:00,200.569712251,611.8582933590001
 01/19  12:00:00,215.13472188,554.6010687940001
 01/19  13:00:00,226.978379754,545.970603598
 01/19  14:00:00,227.83722578599998,537.8778306209999
 01/19  15:00:00,231.914437373,531.094222211
 01/19  16:00:00,221.14238478099998,544.4024036569999
 01/19  17:00:00,236.346447963,523.88042895
 01/19  18:00:00,251.830790487,596.831763092
 01/19  19:00:00,329.023707555,805.8824039760001
 01/19  20:00:00,340.021981209,691.709677189
 01/19  21:00:00,373.44836233800004,690.60357014
 01/19  22:00:00,365.049565185,815.2074942739999
 01/19  23:00:00,283.693833852,709.440357001
 01/19  24:00:00,195.182418768,569.158102361
 01/20  01:00:00,141.804141989,213.850273794
 01/20  02:00:00,128.28183691,169.758541944
 01/20  03:00:00,117.189002071,164.492749221
 01/20  04:00:00,115.250295921,162.060768476
 01/20  05:00:00,123.35248473700001,191.884506666
 01/20  06:00:00,159.90351139,306.855399775
 01/20  07:00:00,285.645902918,490.762581719
 01/20  08:00:00,367.53612671400003,922.1349950839999
 01/20  09:00:00,298.339063889,832.754802812
 01/20  10:00:00,274.303852105,712.79314592
 01/20  11:00:00,270.053642466,628.049176535
 01/20  12:00:00,294.608394176,531.661725115
 01/20  13:00:00,270.109070005,501.77757527
 01/20  14:00:00,246.551834593,479.90706102
 01/20  15:00:00,243.923618888,464.43977359699994
 01/20  16:00:00,242.04120617799998,465.742147027
 01/20  17:00:00,262.31696189,427.45680736199995
 01/20  18:00:00,288.031168186,465.77344281800004
 01/20  19:00:00,351.264672767,670.473318103
 01/20  20:00:00,355.539938731,560.116563315
 01/20  21:00:00,381.728217842,567.318032176
 01/20  22:00:00,365.468619894,707.6525503180001
 01/20  23:00:00,291.445618413,601.039937098
 01/20  24:00:00,195.101803048,468.97199028800003
 01/21  01:00:00,140.755674954,198.093017855
 01/21  02:00:00,138.89668144,157.363934494
 01/21  03:00:00,119.572659233,151.633511212
 01/21  04:00:00,119.12556319,148.599919002
 01/21  05:00:00,127.340128207,184.28125423400002
 01/21  06:00:00,141.952331501,222.019698101
 01/21  07:00:00,232.62049993,298.078995253
 01/21  08:00:00,337.56265692,670.2038350280001
 01/21  09:00:00,370.758762309,892.9067186860001
 01/21  10:00:00,323.64459065200003,752.2539813569999
 01/21  11:00:00,248.60098651,671.336564621
 01/21  12:00:00,224.58412562200002,612.959557314
 01/21  13:00:00,221.48860192599997,520.003135188
 01/21  14:00:00,216.430364095,488.340117171
 01/21  15:00:00,214.892160215,450.570562438
 01/21  16:00:00,218.12949592099997,452.30656649300005
 01/21  17:00:00,244.78274997900002,434.84661761300003
 01/21  18:00:00,265.490372817,429.374039754
 01/21  19:00:00,342.556466564,494.244580546
 01/21  20:00:00,344.96357951,560.98520372
 01/21  21:00:00,365.077067091,565.241025846
 01/21  22:00:00,361.190743449,567.4997099330001
 01/21  23:00:00,309.75465376799997,697.8608697569999
 01/21  24:00:00,216.27595007,533.2052714280001
 01/22  01:00:00,142.117823971,204.43785764400002
 01/22  02:00:00,141.787255324,157.906192159
 01/22  03:00:00,123.35209174100001,153.657517884
 01/22  04:00:00,122.961171742,152.120799246
 01/22  05:00:00,131.05904199,189.016808618
 01/22  06:00:00,145.298996095,228.44793469
 01/22  07:00:00,224.58004892099999,314.149104566
 01/22  08:00:00,304.975084165,721.9966335380001
 01/22  09:00:00,353.281635302,949.0717330739999
 01/22  10:00:00,338.274520776,769.9239259999999
 01/22  11:00:00,310.425764368,655.534940309
 01/22  12:00:00,281.249719698,558.445954164
 01/22  13:00:00,255.64993394200002,462.74696639900003
 01/22  14:00:00,230.181787843,399.017032842
 01/22  15:00:00,226.074996361,393.322969521
 01/22  16:00:00,222.085169445,414.163088941
 01/22  17:00:00,244.06328865400002,398.357608013
 01/22  18:00:00,269.92700396099997,418.185683664
 01/22  19:00:00,347.40394530000003,494.314551744
 01/22  20:00:00,361.183586158,522.036666328
 01/22  21:00:00,387.02518766,511.52648578099996
 01/22  22:00:00,361.48301293,518.925475281
 01/22  23:00:00,309.223171503,660.454801267
 01/22  24:00:00,230.270653251,484.297128583
 01/23  01:00:00,128.607143695,189.568198963
 01/23  02:00:00,123.773740449,149.203656182
 01/23  03:00:00,117.32821465100001,144.142913839
 01/23  04:00:00,117.885636243,141.51451318600002
 01/23  05:00:00,126.55615507700001,178.160180928
 01/23  06:00:00,161.719677705,284.17716774900003
 01/23  07:00:00,306.614110062,470.92045654699996
 01/23  08:00:00,352.371336,788.5531161460001
 01/23  09:00:00,310.772274578,689.151550486
 01/23  10:00:00,296.79358296099997,607.594162543
 01/23  11:00:00,247.319217305,513.568505666
 01/23  12:00:00,243.841388404,363.997175235
 01/23  13:00:00,246.42805827200002,319.689821135
 01/23  14:00:00,245.25869805,291.31833074
 01/23  15:00:00,252.066043576,273.54494093799997
 01/23  16:00:00,254.078746012,283.035418099
 01/23  17:00:00,264.554792734,269.000260694
 01/23  18:00:00,296.48549992700003,331.021820932
 01/23  19:00:00,370.44188124199997,531.9298358259999
 01/23  20:00:00,382.78604638,427.101222411
 01/23  21:00:00,412.694237592,422.434164165
 01/23  22:00:00,404.42550491099996,537.4960616440001
 01/23  23:00:00,336.958744056,415.261278415
 01/23  24:00:00,235.06788450000002,267.88519831599996
 01/24  01:00:00,133.232269884,216.73242449
 01/24  02:00:00,137.89889079,166.671862968
 01/24  03:00:00,133.98910425399998,155.948742656
 01/24  04:00:00,134.085535288,145.535581675
 01/24  05:00:00,144.363578577,176.24254938099998
 01/24  06:00:00,181.19188422,279.800165706
 01/24  07:00:00,334.569528509,463.49838650000004
 01/24  08:00:00,397.456515036,628.692987573
 01/24  09:00:00,327.856648155,522.747802547
 01/24  10:00:00,285.645419125,457.394473484
 01/24  11:00:00,224.59960791700001,403.383926438
 01/24  12:00:00,234.619079555,325.845620204
 01/24  13:00:00,250.77853056599997,299.847442655
 01/24  14:00:00,258.948295593,292.26135671599997
 01/24  15:00:00,260.102687805,304.519554668
 01/24  16:00:00,253.676508428,363.67107763
 01/24  17:00:00,266.216007787,521.241085701
 01/24  18:00:00,292.696330718,495.038472801
 01/24  19:00:00,363.262153987,652.43977564
 01/24  20:00:00,371.492652744,540.331832556
 01/24  21:00:00,400.17772797599997,542.979024186
 01/24  22:00:00,370.132056525,674.232693683
 01/24  23:00:00,294.59055296,581.036145763
 01/24  24:00:00,207.75945280099998,445.169619466
 01/25  01:00:00,135.471060954,192.911036027
 01/25  02:00:00,127.620748583,152.877021134
 01/25  03:00:00,119.150348181,147.511118985
 01/25  04:00:00,118.99345835,144.788955877
 01/25  05:00:00,127.10040257700001,181.095754571
 01/25  06:00:00,161.873008204,287.043666265
 01/25  07:00:00,284.725111692,478.27381630199994
 01/25  08:00:00,365.407078814,824.539886978
 01/25  09:00:00,295.042388895,754.246748854
 01/25  10:00:00,306.679747111,663.7173270569999
 01/25  11:00:00,286.034651221,591.357269936
 01/25  12:00:00,274.151835833,504.60175016
 01/25  13:00:00,263.92874197599997,473.51268613800005
 01/25  14:00:00,251.612763314,454.984455036
 01/25  15:00:00,254.29523116299998,382.93480533300004
 01/25  16:00:00,252.382781907,367.615340201
 01/25  17:00:00,270.98460734099996,368.48306482199996
 01/25  18:00:00,297.199938956,449.63507062300005
 01/25  19:00:00,364.696291435,650.42692554
 01/25  20:00:00,370.224774399,517.338480341
 01/25  21:00:00,394.73629113199996,523.095928209
 01/25  22:00:00,377.53682643,670.9442661019999
 01/25  23:00:00,304.655985892,565.569535676
 01/25  24:00:00,213.739406249,432.811861994
 01/26  01:00:00,132.933616191,198.426009558
 01/26  02:00:00,126.223293265,152.124796508
 01/26  03:00:00,118.43500618899999,146.877560144
 01/26  04:00:00,118.330209089,144.094256155
 01/26  05:00:00,126.47431220799999,173.895784201
 01/26  06:00:00,161.79351446799998,291.520519355
 01/26  07:00:00,294.175880775,473.161716702
 01/26  08:00:00,354.244413847,802.185275273
 01/26  09:00:00,308.747431035,715.596351106
 01/26  10:00:00,285.104137865,637.382384712
 01/26  11:00:00,223.23751587400002,591.7939452090001
 01/26  12:00:00,207.1942244,518.009199414
 01/26  13:00:00,197.86026553599999,525.57081315
 01/26  14:00:00,183.7060981,516.8701856480001
 01/26  15:00:00,183.314719899,513.2196760209999
 01/26  16:00:00,183.658276887,520.902638513
 01/26  17:00:00,209.551020156,479.000582964
 01/26  18:00:00,250.54755471299998,508.131021728
 01/26  19:00:00,331.141533144,681.4154341359999
 01/26  20:00:00,348.10647880199997,545.898587678
 01/26  21:00:00,376.96782864,532.607716676
 01/26  22:00:00,364.699500576,651.929945002
 01/26  23:00:00,295.291039549,545.3869057219999
 01/26  24:00:00,206.91064361,394.178678801
 01/27  01:00:00,117.74430868,188.160339112
 01/27  02:00:00,111.98399548799999,151.320935246
 01/27  03:00:00,110.773636299,147.705280774
 01/27  04:00:00,113.50315428399999,145.747210863
 01/27  05:00:00,127.364276047,178.940752855
 01/27  06:00:00,166.836804462,275.271626133
 01/27  07:00:00,325.115228886,466.39372413300003
 01/27  08:00:00,383.427899598,635.5607452730001
 01/27  09:00:00,318.861302421,520.30415817
 01/27  10:00:00,275.50104269900004,460.470251137
 01/27  11:00:00,224.581471794,512.041910176
 01/27  12:00:00,232.876251034,456.24378253599997
 01/27  13:00:00,236.443190667,433.19302507199995
 01/27  14:00:00,234.644763865,394.343346939
 01/27  15:00:00,232.026563211,433.126218433
 01/27  16:00:00,231.40058190000002,451.964342527
 01/27  17:00:00,255.49249064400001,432.053588868
 01/27  18:00:00,280.727270252,455.15185738400004
 01/27  19:00:00,347.853359181,657.371535925
 01/27  20:00:00,360.90566784099997,544.479755205
 01/27  21:00:00,389.48411699699994,540.286405798
 01/27  22:00:00,373.464576678,677.569667084
 01/27  23:00:00,296.358058307,576.140012974
 01/27  24:00:00,211.8631398,445.494453115
 01/28  01:00:00,131.800136162,194.67441208900001
 01/28  02:00:00,132.33066572200002,153.814835308
 01/28  03:00:00,114.31256539299999,149.290017594
 01/28  04:00:00,113.91659986399999,147.53456899
 01/28  05:00:00,121.88607374799999,184.56892833
 01/28  06:00:00,136.427491156,223.54793081900002
 01/28  07:00:00,225.40586267900002,308.55187163200003
 01/28  08:00:00,293.096107689,696.577185072
 01/28  09:00:00,350.206702086,928.3915871739999
 01/28  10:00:00,356.099994812,758.4257064430001
 01/28  11:00:00,304.695258778,652.576812384
 01/28  12:00:00,276.175864216,563.963910915
 01/28  13:00:00,264.043340972,466.412726066
 01/28  14:00:00,249.979860825,456.73310175
 01/28  15:00:00,252.41698830400003,403.761152667
 01/28  16:00:00,247.75387323099997,405.50605875
 01/28  17:00:00,265.12801284,432.71579073199996
 01/28  18:00:00,283.22287928099996,433.07357156800003
 01/28  19:00:00,359.953181945,465.954383865
 01/28  20:00:00,361.160452106,526.25359585
 01/28  21:00:00,381.000446699,531.916738224
 01/28  22:00:00,375.95081031,531.022718132
 01/28  23:00:00,316.298309899,672.153496859
 01/28  24:00:00,225.699858625,504.64248499400003
 01/29  01:00:00,143.682785228,199.278872458
 01/29  02:00:00,145.53107137700002,152.15998615200002
 01/29  03:00:00,128.603964262,146.363442425
 01/29  04:00:00,129.2014206,148.421687758
 01/29  05:00:00,138.49298929399998,172.179866361
 01/29  06:00:00,153.878978425,222.293416381
 01/29  07:00:00,264.219118928,299.235121538
 01/29  08:00:00,316.835333402,625.049074575
 01/29  09:00:00,357.20260666900003,850.086651723
 01/29  10:00:00,306.89386067099997,710.281449824
 01/29  11:00:00,242.045816887,629.0475901259999
 01/29  12:00:00,235.284844189,563.306673641
 01/29  13:00:00,233.555353207,474.143621077
 01/29  14:00:00,206.017409166,469.101299515
 01/29  15:00:00,206.690321482,417.017084432
 01/29  16:00:00,207.231878867,405.883302739
 01/29  17:00:00,232.31122152700001,391.26479642199996
 01/29  18:00:00,264.07329812,395.604960505
 01/29  19:00:00,345.73053068300004,441.284025423
 01/29  20:00:00,359.24020634199996,529.964556305
 01/29  21:00:00,389.41945965599996,528.9948360230001
 01/29  22:00:00,363.60699474,502.70601424800003
 01/29  23:00:00,311.169550212,638.3876721309999
 01/29  24:00:00,232.838987777,458.06227983
 01/30  01:00:00,136.366751842,190.770976474
 01/30  02:00:00,134.570170901,145.231488444
 01/30  03:00:00,127.919916973,140.382880879
 01/30  04:00:00,128.94668866,137.303399109
 01/30  05:00:00,138.118171739,172.840679573
 01/30  06:00:00,174.92301649700002,277.98255635
 01/30  07:00:00,319.096954815,470.191236625
 01/30  08:00:00,380.58928721300003,742.265443917
 01/30  09:00:00,308.095555968,646.52799892
 01/30  10:00:00,273.68524519700003,575.498546305
 01/30  11:00:00,212.681762438,530.135439517
 01/30  12:00:00,204.90890608,420.323363453
 01/30  13:00:00,200.84330890599998,412.564179886
 01/30  14:00:00,190.634716709,403.331308584
 01/30  15:00:00,197.41490954900001,366.28490447
 01/30  16:00:00,198.861722,351.41894703400004
 01/30  17:00:00,225.41922802,325.16692719400004
 01/30  18:00:00,270.453789627,373.94085038199995
 01/30  19:00:00,355.313564999,567.609382396
 01/30  20:00:00,367.27228746699996,454.175652903
 01/30  21:00:00,397.95844091,437.575973481
 01/30  22:00:00,386.83122757900003,574.467394672
 01/30  23:00:00,308.91939968,480.860099206
 01/30  24:00:00,219.132126099,339.785488003
 01/31  01:00:00,125.522056465,228.772921717
 01/31  02:00:00,126.36618147899999,172.152732588
 01/31  03:00:00,123.187005961,156.588075362
 01/31  04:00:00,125.62703269200001,150.042796443
 01/31  05:00:00,136.550886803,181.232230229
 01/31  06:00:00,173.39724265700002,282.87458494099997
 01/31  07:00:00,329.29496608,473.87475810300003
 01/31  08:00:00,385.99204191300004,705.6578491360001
 01/31  09:00:00,295.936712356,662.470816031
 01/31  10:00:00,266.270639779,593.0508903269999
 01/31  11:00:00,211.31006977299998,559.728089279
 01/31  12:00:00,213.17381901599998,486.453855089
 01/31  13:00:00,221.24094963,480.304629771
 01/31  14:00:00,206.359635968,466.473466841
 01/31  15:00:00,197.046338002,477.234278164
 01/31  16:00:00,200.02659783299998,495.708070098
 01/31  17:00:00,229.162415448,462.989877795
 01/31  18:00:00,265.513964976,511.493466844
 01/31  19:00:00,332.525258802,700.975498438
 01/31  20:00:00,343.71700511,586.438291756
 01/31  21:00:00,379.71058847,581.152475553
 01/31  22:00:00,369.047229058,713.064219361
 01/31  23:00:00,292.447681458,597.757468391
 01/31  24:00:00,205.515281635,462.402790746
 02/01  01:00:00,133.129164055,204.000178098
 02/01  02:00:00,124.32720000399999,158.00019728200002
 02/01  03:00:00,115.740789834,153.427503224
 02/01  04:00:00,115.52003805700001,151.322120663
 02/01  05:00:00,123.882073795,187.962862573
 02/01  06:00:00,158.660627438,294.19023034
 02/01  07:00:00,280.791389652,487.195654775
 02/01  08:00:00,361.86483141300005,838.683771825
 02/01  09:00:00,286.958929061,770.724253925
 02/01  10:00:00,265.84951790599996,686.1147023919999
 02/01  11:00:00,252.971170174,628.304213998
 02/01  12:00:00,254.823308401,541.439531686
 02/01  13:00:00,251.254487712,534.862524988
 02/01  14:00:00,233.818615642,511.567585478
 02/01  15:00:00,232.95021806,498.406882348
 02/01  16:00:00,225.518703131,500.635631079
 02/01  17:00:00,242.639415278,472.554808047
 02/01  18:00:00,260.236795405,518.067927537
 02/01  19:00:00,324.042573535,725.484467397
 02/01  20:00:00,330.457539172,622.172874917
 02/01  21:00:00,367.267962775,624.754727107
 02/01  22:00:00,360.459227429,768.852004934
 02/01  23:00:00,281.812834769,661.707968961
 02/01  24:00:00,194.759080007,526.761170602
 02/02  01:00:00,142.541641575,212.298483321
 02/02  02:00:00,129.107559229,166.132807859
 02/02  03:00:00,117.41500172100001,161.365760429
 02/02  04:00:00,114.680391594,159.534476627
 02/02  05:00:00,121.533754387,196.82573271200002
 02/02  06:00:00,156.65185528799998,305.198902396
 02/02  07:00:00,282.517281423,495.03544368400003
 02/02  08:00:00,364.554107939,895.5101930210001
 02/02  09:00:00,289.348671912,820.834007713
 02/02  10:00:00,261.601977869,715.684881004
 02/02  11:00:00,216.185024537,651.060922925
 02/02  12:00:00,270.821199756,560.378647397
 02/02  13:00:00,277.41254659599997,537.5010971830001
 02/02  14:00:00,247.05411166599998,513.408766919
 02/02  15:00:00,239.854336144,497.921710286
 02/02  16:00:00,233.40252868,497.08356161800003
 02/02  17:00:00,252.86564063900002,446.45296045699996
 02/02  18:00:00,271.97919674900004,482.184653968
 02/02  19:00:00,341.226087071,693.4437527089999
 02/02  20:00:00,341.212059995,590.980450323
 02/02  21:00:00,359.232010568,599.432902959
 02/02  22:00:00,353.71886849,743.8561561610001
 02/02  23:00:00,280.30771041599996,646.44032906
 02/02  24:00:00,194.83467610900001,525.034815705
 02/03  01:00:00,142.312561657,207.9973237
 02/03  02:00:00,129.213947198,167.25400446
 02/03  03:00:00,117.68924893,162.74508272
 02/03  04:00:00,114.685276116,161.340780776
 02/03  05:00:00,123.089746536,192.887273412
 02/03  06:00:00,158.034226218,311.704325301
 02/03  07:00:00,282.55948391,489.049632611
 02/03  08:00:00,362.06328457800004,929.618994857
 02/03  09:00:00,296.366283088,828.743135401
 02/03  10:00:00,315.488095471,686.947506953
 02/03  11:00:00,293.361543235,588.50296887
 02/03  12:00:00,265.173967198,497.76408478
 02/03  13:00:00,256.627043947,411.52908465900003
 02/03  14:00:00,250.23206834099997,333.624854702
 02/03  15:00:00,249.630316301,309.064607922
 02/03  16:00:00,241.555045337,325.741676417
 02/03  17:00:00,255.385970972,330.97593665700003
 02/03  18:00:00,284.005279808,448.827786161
 02/03  19:00:00,364.599961567,623.936579337
 02/03  20:00:00,367.30544194699996,575.504372647
 02/03  21:00:00,392.304063789,534.359715166
 02/03  22:00:00,382.23988969199996,664.177527768
 02/03  23:00:00,301.303189751,557.995253295
 02/03  24:00:00,202.595965982,437.98279984199996
 02/04  01:00:00,133.91143643200002,200.49768605
 02/04  02:00:00,135.035337154,153.951915186
 02/04  03:00:00,117.758065457,148.593573592
 02/04  04:00:00,117.558748906,145.723426042
 02/04  05:00:00,125.180163994,182.69148791400002
 02/04  06:00:00,139.952079005,221.665405666
 02/04  07:00:00,230.352658247,306.231823377
 02/04  08:00:00,301.31128626599997,683.871027236
 02/04  09:00:00,377.889796994,912.9551023810001
 02/04  10:00:00,367.50857855699996,735.805340627
 02/04  11:00:00,303.725316181,595.431471639
 02/04  12:00:00,267.595298494,428.170938836
 02/04  13:00:00,246.33310859099998,343.14614811
 02/04  14:00:00,231.725640992,332.845866452
 02/04  15:00:00,223.428074914,333.473481832
 02/04  16:00:00,214.522112797,344.204363852
 02/04  17:00:00,238.45545642,352.322571524
 02/04  18:00:00,268.36801567599997,367.725664575
 02/04  19:00:00,358.460996305,439.420330648
 02/04  20:00:00,364.51832732199995,505.379682306
 02/04  21:00:00,385.37969982,512.422236579
 02/04  22:00:00,379.67192641,490.639537405
 02/04  23:00:00,325.015324802,611.1767356969999
 02/04  24:00:00,236.250256001,423.622634493
 02/05  01:00:00,137.745849424,206.981243185
 02/05  02:00:00,143.892739944,150.751475821
 02/05  03:00:00,130.233605794,147.247127931
 02/05  04:00:00,133.23679647,138.08319173700002
 02/05  05:00:00,164.795431843,173.67178683
 02/05  06:00:00,180.88650771599998,210.10896312
 02/05  07:00:00,298.288661763,294.143547458
 02/05  08:00:00,333.11919391099997,544.3875299480001
 02/05  09:00:00,378.052510948,748.057209803
 02/05  10:00:00,313.255923155,593.896542632
 02/05  11:00:00,246.67691172099998,500.88672896400004
 02/05  12:00:00,234.455818435,431.168896973
 02/05  13:00:00,237.462982323,342.306727305
 02/05  14:00:00,225.34566853200002,309.961825304
 02/05  15:00:00,221.43673465,297.05685437799997
 02/05  16:00:00,219.27587654200002,302.02929433
 02/05  17:00:00,247.353036095,273.698736094
 02/05  18:00:00,274.565825067,290.90398778900004
 02/05  19:00:00,359.63249092300003,367.597135293
 02/05  20:00:00,377.018114539,437.10780721699996
 02/05  21:00:00,390.70353574,453.31280714800005
 02/05  22:00:00,373.137857224,480.191353532
 02/05  23:00:00,317.325997171,636.401183993
 02/05  24:00:00,235.094801965,458.60273924300003
 02/06  01:00:00,133.029250314,222.56631629900002
 02/06  02:00:00,131.70463567299998,164.353660346
 02/06  03:00:00,126.47268934600001,151.559786159
 02/06  04:00:00,127.712476549,144.231059611
 02/06  05:00:00,137.05070567799999,177.50082123099997
 02/06  06:00:00,173.65064485099998,285.820515365
 02/06  07:00:00,326.980302762,470.894386711
 02/06  08:00:00,356.06060510099996,784.361162693
 02/06  09:00:00,316.50250855900003,690.216853635
 02/06  10:00:00,291.655825879,592.464028924
 02/06  11:00:00,229.247666014,504.922751918
 02/06  12:00:00,221.66323538900002,363.998342939
 02/06  13:00:00,236.52949437799998,322.333715715
 02/06  14:00:00,248.47418416099998,296.187583387
 02/06  15:00:00,263.102538618,276.120523719
 02/06  16:00:00,227.115640816,297.44549633599996
 02/06  17:00:00,247.273870797,293.49461370299997
 02/06  18:00:00,287.99914227799997,340.568755535
 02/06  19:00:00,367.726574584,583.699554649
 02/06  20:00:00,378.44762484800003,508.455550969
 02/06  21:00:00,406.7997691,530.617328352
 02/06  22:00:00,396.83941736699995,622.1517123140001
 02/06  23:00:00,316.13387576400004,532.53710936
 02/06  24:00:00,224.93459829900002,394.918932596
 02/07  01:00:00,133.17875116,189.04144847700002
 02/07  02:00:00,131.427384771,144.042225521
 02/07  03:00:00,125.655394782,139.963702849
 02/07  04:00:00,126.63723609200001,138.078497941
 02/07  05:00:00,137.53589353799998,174.637621441
 02/07  06:00:00,174.729133708,280.467413426
 02/07  07:00:00,324.97087157,475.568519665
 02/07  08:00:00,343.784166878,793.992922096
 02/07  09:00:00,313.926566544,708.4585012030001
 02/07  10:00:00,300.47019633900004,611.2618716540001
 02/07  11:00:00,250.116009073,546.857056775
 02/07  12:00:00,257.484387546,337.372361577
 02/07  13:00:00,267.367807711,298.203249992
 02/07  14:00:00,277.032706272,272.991213417
 02/07  15:00:00,287.048307238,262.58389218400004
 02/07  16:00:00,287.565637008,273.698175233
 02/07  17:00:00,308.441296387,244.055323294
 02/07  18:00:00,320.781826464,283.95934979
 02/07  19:00:00,385.08121821300006,482.581957246
 02/07  20:00:00,393.323593485,381.62775384099996
 02/07  21:00:00,422.13677579800003,389.065847642
 02/07  22:00:00,407.992946117,533.923696854
 02/07  23:00:00,325.662072861,485.034843375
 02/07  24:00:00,236.38139523099997,309.755753814
 02/08  01:00:00,129.115502504,219.44153885
 02/08  02:00:00,148.011797722,166.41189334700002
 02/08  03:00:00,142.00537862,152.48980325600002
 02/08  04:00:00,142.871655421,143.26171415299999
 02/08  05:00:00,152.973551209,172.244586735
 02/08  06:00:00,226.45374468900002,273.945763557
 02/08  07:00:00,322.411667276,465.201949599
 02/08  08:00:00,398.62131228699997,621.376475695
 02/08  09:00:00,327.708185539,508.951644345
 02/08  10:00:00,288.493831305,440.129813786
 02/08  11:00:00,226.053638322,392.86313611599996
 02/08  12:00:00,220.15218956099997,308.606778595
 02/08  13:00:00,217.55203923599998,305.88351551700003
 02/08  14:00:00,212.70606774700002,288.953732499
 02/08  15:00:00,214.545579001,281.233768902
 02/08  16:00:00,224.674672353,293.078389174
 02/08  17:00:00,247.54089118599998,262.752129274
 02/08  18:00:00,284.359604833,302.091022425
 02/08  19:00:00,371.74082636599996,486.67005497400004
 02/08  20:00:00,386.981669867,362.491353426
 02/08  21:00:00,431.217354,348.84822164699995
 02/08  22:00:00,429.176487661,471.23209694199994
 02/08  23:00:00,365.274253301,359.48050024199995
 02/08  24:00:00,299.158252748,203.817914507
 02/09  01:00:00,134.455179111,149.794927263
 02/09  02:00:00,138.724251216,112.098721203
 02/09  03:00:00,136.172254213,112.390240425
 02/09  04:00:00,172.811637801,113.40750231
 02/09  05:00:00,161.25501892399998,147.488015494
 02/09  06:00:00,172.75171986400002,263.183459282
 02/09  07:00:00,344.151778888,451.63333778599997
 02/09  08:00:00,420.818135685,607.478705285
 02/09  09:00:00,373.986122295,478.108899707
 02/09  10:00:00,345.271822459,404.717802978
 02/09  11:00:00,296.727244763,357.90187409199996
 02/09  12:00:00,296.010290334,284.927397896
 02/09  13:00:00,258.253874713,305.28015732
 02/09  14:00:00,225.37125042,299.603167988
 02/09  15:00:00,225.132997558,292.196577028
 02/09  16:00:00,221.546054477,304.707959325
 02/09  17:00:00,249.541276091,293.453659485
 02/09  18:00:00,289.33942306299997,340.56902554
 02/09  19:00:00,377.074979395,524.5891033190001
 02/09  20:00:00,388.407970172,413.908183861
 02/09  21:00:00,421.454723287,409.089258731
 02/09  22:00:00,410.24013880800004,545.787363155
 02/09  23:00:00,325.730028385,486.74693496300006
 02/09  24:00:00,230.76299414099998,371.923821878
 02/10  01:00:00,127.439814931,238.978930308
 02/10  02:00:00,129.77190208,180.16676827599997
 02/10  03:00:00,126.918040186,163.72320193299998
 02/10  04:00:00,127.434164275,152.095106685
 02/10  05:00:00,138.796392188,175.950906467
 02/10  06:00:00,195.384423387,287.466228102
 02/10  07:00:00,323.569971843,466.99354132699995
 02/10  08:00:00,382.592104202,671.59964068
 02/10  09:00:00,319.653628541,560.807388938
 02/10  10:00:00,277.431001687,511.82733874
 02/10  11:00:00,212.889755755,539.978459586
 02/10  12:00:00,199.37273224900002,501.439349506
 02/10  13:00:00,200.90399569099998,477.778609469
 02/10  14:00:00,190.442976916,459.434415704
 02/10  15:00:00,189.071544991,457.764568445
 02/10  16:00:00,187.28122504400002,474.52635736300005
 02/10  17:00:00,215.762437115,451.06398485
 02/10  18:00:00,254.716111692,478.01652037599996
 02/10  19:00:00,339.175546739,671.496581889
 02/10  20:00:00,350.70844269099996,562.716831103
 02/10  21:00:00,382.346044473,557.0562463480001
 02/10  22:00:00,372.71561150599996,690.792738695
 02/10  23:00:00,294.117596927,586.992082667
 02/10  24:00:00,206.90541129099998,448.35880128900004
 02/11  01:00:00,130.847561089,199.679526228
 02/11  02:00:00,130.659155757,158.250138577
 02/11  03:00:00,112.75788042100001,152.493167084
 02/11  04:00:00,112.446655672,149.316784588
 02/11  05:00:00,120.519536961,179.157706548
 02/11  06:00:00,139.87168256799998,229.292849865
 02/11  07:00:00,231.421180034,299.50348130099997
 02/11  08:00:00,326.579358055,662.566651371
 02/11  09:00:00,353.495689159,882.2591529580001
 02/11  10:00:00,299.579521871,744.9224107999999
 02/11  11:00:00,222.691525589,669.293514478
 02/11  12:00:00,202.618742221,603.212429151
 02/11  13:00:00,197.75091304900002,533.722696127
 02/11  14:00:00,185.212951896,526.9403036680001
 02/11  15:00:00,185.148360371,512.157825533
 02/11  16:00:00,183.37972223,526.133653492
 02/11  17:00:00,212.4682852,487.13843682699996
 02/11  18:00:00,240.77936908200002,480.72785268300004
 02/11  19:00:00,333.605297876,512.932975175
 02/11  20:00:00,346.08893505199995,557.749599337
 02/11  21:00:00,366.35795615,555.302703462
 02/11  22:00:00,359.330709764,544.125591647
 02/11  23:00:00,305.855266261,669.132987566
 02/11  24:00:00,218.13663238700002,505.791319522
 02/12  01:00:00,141.305323668,200.22935093599997
 02/12  02:00:00,143.544293576,154.621331944
 02/12  03:00:00,126.828795662,149.944498413
 02/12  04:00:00,127.17508886200001,150.909498601
 02/12  05:00:00,136.147771964,179.216736282
 02/12  06:00:00,151.212181687,228.09819386400002
 02/12  07:00:00,255.770308223,306.23601052099997
 02/12  08:00:00,305.44306704400003,645.951444886
 02/12  09:00:00,346.23598104,868.674374695
 02/12  10:00:00,293.222509842,728.1159018339999
 02/12  11:00:00,229.902949875,648.212831385
 02/12  12:00:00,214.719911854,588.448025423
 02/12  13:00:00,206.260542493,510.135987218
 02/12  14:00:00,183.99439215200002,509.366419053
 02/12  15:00:00,182.106634834,498.32444271400004
 02/12  16:00:00,182.22947411099997,509.908371385
 02/12  17:00:00,210.52830623900002,476.482480134
 02/12  18:00:00,239.568989829,469.711008281
 02/12  19:00:00,328.644409473,508.89737843300003
 02/12  20:00:00,344.93470237099996,547.5889781459999
 02/12  21:00:00,374.798174045,535.23855079
 02/12  22:00:00,350.872542116,531.849614559
 02/12  23:00:00,297.911336667,670.221564489
 02/12  24:00:00,219.568021484,488.130278406
 02/13  01:00:00,129.177337658,198.477148677
 02/13  02:00:00,123.883204259,153.663444863
 02/13  03:00:00,117.412912311,149.326307194
 02/13  04:00:00,118.51852617700001,146.732629144
 02/13  05:00:00,127.94106171600001,182.626120346
 02/13  06:00:00,164.97042374,287.449075055
 02/13  07:00:00,325.059180237,479.46895109400003
 02/13  08:00:00,375.10665323800004,726.3127757980001
 02/13  09:00:00,312.179368116,609.051220236
 02/13  10:00:00,268.297261015,513.509397112
 02/13  11:00:00,199.340553177,466.887732944
 02/13  12:00:00,198.948400115,408.972730199
 02/13  13:00:00,196.166687327,439.755152577
 02/13  14:00:00,186.827154212,471.267331779
 02/13  15:00:00,191.357519,441.50890362900003
 02/13  16:00:00,194.569746498,494.26838520900003
 02/13  17:00:00,222.766103243,457.043363189
 02/13  18:00:00,256.93305113099996,479.93518011300006
 02/13  19:00:00,340.56602236099997,680.377062575
 02/13  20:00:00,350.99053765400004,567.1695831630001
 02/13  21:00:00,377.309107026,565.39614672
 02/13  22:00:00,350.12753873300005,706.159402765
 02/13  23:00:00,274.18456912799996,609.23758666
 02/13  24:00:00,189.12207136900003,479.10881492699997
 02/14  01:00:00,128.923075895,205.96584086
 02/14  02:00:00,119.931738868,164.628839812
 02/14  03:00:00,110.982327734,160.639024134
 02/14  04:00:00,110.553665597,158.531043372
 02/14  05:00:00,119.619307457,187.423012207
 02/14  06:00:00,154.461486755,307.322554163
 02/14  07:00:00,275.95153762,484.757866159
 02/14  08:00:00,354.819370133,854.0267124689999
 02/14  09:00:00,310.10580065700003,760.030277445
 02/14  10:00:00,329.10256783799997,652.4222003880001
 02/14  11:00:00,254.56239516099998,574.488891031
 02/14  12:00:00,238.48155388200001,491.61474115699997
 02/14  13:00:00,238.832436585,426.460578672
 02/14  14:00:00,233.673858051,369.249782443
 02/14  15:00:00,239.13305826299998,323.13751405200003
 02/14  16:00:00,239.019050848,318.74235309700003
 02/14  17:00:00,261.327996756,294.716417945
 02/14  18:00:00,287.236283226,358.547580256
 02/14  19:00:00,357.56324138,714.8142514580001
 02/14  20:00:00,367.311468511,560.191769396
 02/14  21:00:00,392.674566761,520.877133884
 02/14  22:00:00,370.596054476,668.483255225
 02/14  23:00:00,290.334012733,573.389847297
 02/14  24:00:00,202.574867743,447.16348579
 02/15  01:00:00,133.323467606,200.62636985700001
 02/15  02:00:00,125.57047105299999,154.012601467
 02/15  03:00:00,117.188132669,149.029465831
 02/15  04:00:00,116.824117081,147.041126004
 02/15  05:00:00,125.025794617,184.051111521
 02/15  06:00:00,159.995712053,290.689427834
 02/15  07:00:00,283.480409743,484.62261905
 02/15  08:00:00,363.546930458,823.542071981
 02/15  09:00:00,322.182190075,738.3479052819999
 02/15  10:00:00,333.735724549,639.142156878
 02/15  11:00:00,248.15447491700002,569.763373252
 02/15  12:00:00,217.843004772,410.653804218
 02/15  13:00:00,207.56380071900003,367.00672563800003
 02/15  14:00:00,196.510346215,341.689479659
 02/15  15:00:00,198.43427704200002,330.748318854
 02/15  16:00:00,199.490007163,345.701144296
 02/15  17:00:00,227.803775873,320.92708025400003
 02/15  18:00:00,265.834329512,366.315057885
 02/15  19:00:00,348.571934662,625.8774725530001
 02/15  20:00:00,361.151167952,572.480798352
 02/15  21:00:00,385.324541405,577.218257565
 02/15  22:00:00,367.761243805,665.436496696
 02/15  23:00:00,298.69369866,557.549515723
 02/15  24:00:00,210.89644479700002,427.96750261
 02/16  01:00:00,124.09852567899999,192.16655962
 02/16  02:00:00,118.431145322,154.53271900200002
 02/16  03:00:00,111.969585758,150.100837877
 02/16  04:00:00,112.58518832899999,148.594964751
 02/16  05:00:00,121.625989103,185.42400696200002
 02/16  06:00:00,156.694653765,295.7141211
 02/16  07:00:00,288.076132751,479.58564059599996
 02/16  08:00:00,341.866273052,818.231222956
 02/16  09:00:00,328.684043201,706.4590102239999
 02/16  10:00:00,309.026729387,547.949114382
 02/16  11:00:00,243.639791027,408.3936889
 02/16  12:00:00,246.74137084900002,324.86388533400003
 02/16  13:00:00,256.545032281,303.864997486
 02/16  14:00:00,259.807029915,283.246844116
 02/16  15:00:00,281.139942353,271.69456250900004
 02/16  16:00:00,287.011153992,273.797567321
 02/16  17:00:00,316.576750112,243.65021313900002
 02/16  18:00:00,334.16211123700003,283.046171313
 02/16  19:00:00,383.95826656199995,500.021209275
 02/16  20:00:00,385.027986864,439.980147882
 02/16  21:00:00,409.21060145,540.08528866
 02/16  22:00:00,390.614704795,716.843524621
 02/16  23:00:00,309.91894000400004,548.956072215
 02/16  24:00:00,221.047953562,412.172036459
 02/17  01:00:00,129.087086212,187.276456474
 02/17  02:00:00,125.009991004,148.285146147
 02/17  03:00:00,118.710668986,143.488930511
 02/17  04:00:00,119.51002583100001,140.987675176
 02/17  05:00:00,128.80582140200002,177.369254844
 02/17  06:00:00,164.296764102,287.282754737
 02/17  07:00:00,308.485332385,473.308693341
 02/17  08:00:00,317.927510001,814.2221306
 02/17  09:00:00,316.030590201,723.23897304
 02/17  10:00:00,324.01830932,606.9669727859999
 02/17  11:00:00,261.002005079,489.004326499
 02/17  12:00:00,260.341272808,320.454257588
 02/17  13:00:00,266.532497928,294.946354354
 02/17  14:00:00,255.893747845,277.722237935
 02/17  15:00:00,263.98420721900004,267.441204542
 02/17  16:00:00,268.579010085,281.877132672
 02/17  17:00:00,281.114440413,254.217954813
 02/17  18:00:00,305.87887923200003,288.583493377
 02/17  19:00:00,381.965461302,487.593606335
 02/17  20:00:00,385.908088524,420.499551789
 02/17  21:00:00,411.60366872300006,499.802677749
 02/17  22:00:00,395.520510135,710.413212393
 02/17  23:00:00,312.787237092,544.546517075
 02/17  24:00:00,222.963304399,404.67073012300006
 02/18  01:00:00,131.35432279999998,189.647961405
 02/18  02:00:00,136.236461425,147.073379934
 02/18  03:00:00,121.83538303600001,141.655721608
 02/18  04:00:00,124.001807287,138.191387891
 02/18  05:00:00,133.670888915,173.59375371599998
 02/18  06:00:00,149.13943700299998,211.062605835
 02/18  07:00:00,270.263587012,295.63806293700003
 02/18  08:00:00,292.376358336,632.811765154
 02/18  09:00:00,378.459764525,845.641645968
 02/18  10:00:00,355.93060372800005,607.945802097
 02/18  11:00:00,291.407738015,452.875117615
 02/18  12:00:00,285.943738504,368.030470866
 02/18  13:00:00,300.328952561,287.078099338
 02/18  14:00:00,290.938245655,270.421627844
 02/18  15:00:00,290.550730519,265.729203229
 02/18  16:00:00,290.60352658200003,267.515712093
 02/18  17:00:00,320.493894277,242.66889197700002
 02/18  18:00:00,345.675625978,247.859329398
 02/18  19:00:00,409.545268225,297.171705925
 02/18  20:00:00,396.440825885,379.15762937
 02/18  21:00:00,419.43851891199995,418.970690699
 02/18  22:00:00,402.245349826,500.247579264
 02/18  23:00:00,341.25040062,684.816715262
 02/18  24:00:00,244.06175124799998,487.575776196
 02/19  01:00:00,154.889678098,190.724858356
 02/19  02:00:00,161.70483036299999,145.075721581
 02/19  03:00:00,146.09593724799998,140.15313146
 02/19  04:00:00,147.305820904,136.943561292
 02/19  05:00:00,156.57208263,171.981940988
 02/19  06:00:00,171.667378459,209.29059941900002
 02/19  07:00:00,302.14845828,293.702714307
 02/19  08:00:00,322.107915246,584.2656950530001
 02/19  09:00:00,382.330394197,732.036182169
 02/19  10:00:00,341.05829441099996,543.277702864
 02/19  11:00:00,278.179092793,433.63214176800005
 02/19  12:00:00,286.21886267599996,359.66649734199996
 02/19  13:00:00,303.431220697,283.114406245
 02/19  14:00:00,287.041122123,270.603935177
 02/19  15:00:00,286.517442121,258.702476562
 02/19  16:00:00,286.50499523,267.531878117
 02/19  17:00:00,316.554801855,243.026295174
 02/19  18:00:00,345.220079708,245.959041123
 02/19  19:00:00,417.52814198,290.044095991
 02/19  20:00:00,419.30978870800004,345.125992807
 02/19  21:00:00,441.38670552300005,353.70886259300005
 02/19  22:00:00,410.998430766,367.914666445
 02/19  23:00:00,350.569461025,511.641683991
 02/19  24:00:00,262.130639766,331.323027085
 02/20  01:00:00,151.405726047,208.10282392599999
 02/20  02:00:00,167.77625981399999,157.980829654
 02/20  03:00:00,155.706104062,145.15283862299998
 02/20  04:00:00,158.199385815,138.098872728
 02/20  05:00:00,167.906170725,174.035160933
 02/20  06:00:00,183.032037995,215.769664604
 02/20  07:00:00,306.303457583,297.722475369
 02/20  08:00:00,348.52731805900004,485.324151584
 02/20  09:00:00,401.898949006,674.97147454
 02/20  10:00:00,344.26352731699996,522.922609537
 02/20  11:00:00,284.46516180000003,426.682981666
 02/20  12:00:00,282.18574030599996,360.183328034
 02/20  13:00:00,279.023872644,281.752255586
 02/20  14:00:00,264.093245703,280.307924537
 02/20  15:00:00,284.099472054,261.821719761
 02/20  16:00:00,290.076834676,269.996621584
 02/20  17:00:00,319.532211703,245.31013544599998
 02/20  18:00:00,346.488005069,248.300492904
 02/20  19:00:00,416.21837921900004,282.60523626
 02/20  20:00:00,416.84198787699995,347.86428194
 02/20  21:00:00,444.364779711,349.09530576
 02/20  22:00:00,414.110652067,346.42985253800003
 02/20  23:00:00,346.583371789,487.721220329
 02/20  24:00:00,257.21630301700003,335.104265802
 02/21  01:00:00,136.12287123,224.169343945
 02/21  02:00:00,140.785700745,178.194167368
 02/21  03:00:00,138.104588857,165.04834398
 02/21  04:00:00,151.89595409999998,156.16777188700001
 02/21  05:00:00,160.16824847700002,189.042800791
 02/21  06:00:00,193.48075908200002,291.049354063
 02/21  07:00:00,329.600113996,476.317282218
 02/21  08:00:00,408.046479479,626.62782727
 02/21  09:00:00,338.319948783,509.12077598
 02/21  10:00:00,296.02730401400004,435.023960859
 02/21  11:00:00,234.65088629099998,372.036389783
 02/21  12:00:00,227.33260483799998,301.23580055400004
 02/21  13:00:00,225.007581182,305.138541442
 02/21  14:00:00,226.268341881,292.037722912
 02/21  15:00:00,270.932169073,266.17381591
 02/21  16:00:00,288.524279499,269.194376509
 02/21  17:00:00,318.736694208,242.294598212
 02/21  18:00:00,347.20756185199997,276.46532266099996
 02/21  19:00:00,400.947946734,477.660555994
 02/21  20:00:00,399.694038895,381.010405219
 02/21  21:00:00,427.643668564,398.35005339099996
 02/21  22:00:00,412.613999311,596.982561125
 02/21  23:00:00,322.061577164,576.31357739
 02/21  24:00:00,234.57339023,368.50097426800005
 02/22  01:00:00,130.137833274,212.61215738400003
 02/22  02:00:00,132.351732218,159.39447300700002
 02/22  03:00:00,128.583937453,148.27883592700002
 02/22  04:00:00,130.582195838,141.786761817
 02/22  05:00:00,141.12247020200002,175.25699470799998
 02/22  06:00:00,178.785979857,279.026194717
 02/22  07:00:00,344.519476012,468.093165531
 02/22  08:00:00,366.62206731,747.058976516
 02/22  09:00:00,319.730733367,649.107507759
 02/22  10:00:00,294.883809466,549.067043389
 02/22  11:00:00,243.54288467799998,421.73804236300003
 02/22  12:00:00,223.862122111,327.80869141700003
 02/22  13:00:00,222.554960725,313.151144958
 02/22  14:00:00,213.232812335,308.200601331
 02/22  15:00:00,204.44386228599998,292.04992819
 02/22  16:00:00,215.163909701,307.14084796599997
 02/22  17:00:00,239.381211673,290.076864265
 02/22  18:00:00,280.54364014099997,333.02803617
 02/22  19:00:00,360.642868334,527.980936001
 02/22  20:00:00,372.88420486300004,417.837380575
 02/22  21:00:00,405.947310974,412.968854472
 02/22  22:00:00,398.266932296,550.643241559
 02/22  23:00:00,314.216756653,434.20619858199996
 02/22  24:00:00,221.809115542,302.164939946
 02/23  01:00:00,125.75695287299999,233.542606162
 02/23  02:00:00,126.07326200899999,177.783330781
 02/23  03:00:00,122.116687807,164.149704849
 02/23  04:00:00,124.799204639,154.091815134
 02/23  05:00:00,135.253238632,177.388628559
 02/23  06:00:00,172.78675269,289.387025561
 02/23  07:00:00,337.956928835,465.04442679199997
 02/23  08:00:00,380.17625263599996,629.631529873
 02/23  09:00:00,318.264160144,520.888115295
 02/23  10:00:00,275.488820713,452.698387163
 02/23  11:00:00,213.276015002,411.855888839
 02/23  12:00:00,205.72886736200002,344.758500599
 02/23  13:00:00,205.293793668,341.419649125
 02/23  14:00:00,201.072568647,304.416217007
 02/23  15:00:00,209.867962452,284.835765901
 02/23  16:00:00,206.88550921400002,298.76918676
 02/23  17:00:00,230.40961408599998,275.954468458
 02/23  18:00:00,271.725736113,324.172897347
 02/23  19:00:00,357.97216594599996,527.941011728
 02/23  20:00:00,374.08486198400004,409.664877901
 02/23  21:00:00,401.46558643300006,400.94322319199995
 02/23  22:00:00,389.993899698,538.238536928
 02/23  23:00:00,314.957245879,421.180658203
 02/23  24:00:00,226.10719521400003,275.19559339799997
 02/24  01:00:00,126.924588586,211.121193325
 02/24  02:00:00,128.730211363,165.871965184
 02/24  03:00:00,125.910108906,156.18564939799998
 02/24  04:00:00,129.51236342,151.114956261
 02/24  05:00:00,140.107280403,182.622190115
 02/24  06:00:00,194.07443749200002,299.64270143
 02/24  07:00:00,331.182295639,476.79869822300003
 02/24  08:00:00,368.41781065699996,717.103133374
 02/24  09:00:00,320.032162916,614.873828752
 02/24  10:00:00,289.175353127,543.6334972459999
 02/24  11:00:00,233.47953383599997,516.829865157
 02/24  12:00:00,239.451818313,415.775415225
 02/24  13:00:00,248.67820785,422.486862579
 02/24  14:00:00,246.573638098,401.57969608699995
 02/24  15:00:00,251.329477872,359.759678695
 02/24  16:00:00,253.006631249,342.27292196900004
 02/24  17:00:00,273.037248474,338.105657628
 02/24  18:00:00,301.585405424,407.486337578
 02/24  19:00:00,372.210174489,690.642528981
 02/24  20:00:00,374.87530845199996,529.555257253
 02/24  21:00:00,399.060012556,512.101842075
 02/24  22:00:00,386.463576107,654.622484136
 02/24  23:00:00,311.820108093,550.9134935019999
 02/24  24:00:00,225.843098467,412.84399486
 02/25  01:00:00,141.577715772,194.09638380400003
 02/25  02:00:00,150.833274214,148.012905619
 02/25  03:00:00,131.663263985,139.497387884
 02/25  04:00:00,130.777220285,137.368218608
 02/25  05:00:00,138.936019292,175.55162093799999
 02/25  06:00:00,153.342836419,212.958843293
 02/25  07:00:00,277.145939285,297.251541976
 02/25  08:00:00,283.34390509400004,631.90828861
 02/25  09:00:00,362.658503868,858.08685319
 02/25  10:00:00,346.143461852,692.7302668110001
 02/25  11:00:00,284.322583307,561.5193774080001
 02/25  12:00:00,273.550951807,409.38697424400004
 02/25  13:00:00,278.710346513,313.900691721
 02/25  14:00:00,273.128997919,290.771235716
 02/25  15:00:00,283.01456061,273.411436292
 02/25  16:00:00,291.10144796599997,275.11658186799997
 02/25  17:00:00,313.042728489,252.703877875
 02/25  18:00:00,317.295378879,260.321990772
 02/25  19:00:00,390.31926047,320.80149947900003
 02/25  20:00:00,391.28172108,390.487950104
 02/25  21:00:00,411.59887721300004,395.930786931
 02/25  22:00:00,401.843989828,417.952241357
 02/25  23:00:00,332.19434024,731.36544519
 02/25  24:00:00,256.685838639,375.89429395300004
 02/26  01:00:00,141.988751025,189.69517326599998
 02/26  02:00:00,150.342102345,147.455040115
 02/26  03:00:00,136.09318425799998,146.660627667
 02/26  04:00:00,136.52114274299998,150.509156459
 02/26  05:00:00,144.713609174,180.90416661700002
 02/26  06:00:00,158.860987766,215.64189622400002
 02/26  07:00:00,286.081424535,299.31135104599997
 02/26  08:00:00,265.151929601,652.829580267
 02/26  09:00:00,329.703136363,898.625318005
 02/26  10:00:00,325.537259086,743.055924162
 02/26  11:00:00,281.115132058,644.834201816
 02/26  12:00:00,275.847658952,567.38620258
 02/26  13:00:00,274.299634318,487.092361966
 02/26  14:00:00,252.06468248599998,464.819622102
 02/26  15:00:00,248.300085434,452.554939437
 02/26  16:00:00,245.73503793900002,460.434646739
 02/26  17:00:00,261.193768685,432.036274755
 02/26  18:00:00,273.280652469,445.09142103199997
 02/26  19:00:00,345.20683846199995,499.647702654
 02/26  20:00:00,355.377392071,569.280374989
 02/26  21:00:00,383.354967565,567.828222667
 02/26  22:00:00,354.471699717,569.344883922
 02/26  23:00:00,287.28863445,715.387565862
 02/26  24:00:00,201.586191268,551.48858003
 02/27  01:00:00,144.950318569,199.712983842
 02/27  02:00:00,132.537030473,156.722853751
 02/27  03:00:00,122.043546137,150.598266473
 02/27  04:00:00,120.26030063,147.69641820200002
 02/27  05:00:00,127.409571215,181.55080777400002
 02/27  06:00:00,162.268429525,292.059750412
 02/27  07:00:00,286.49305601,472.52526877199995
 02/27  08:00:00,359.56626576300005,852.8258789189999
 02/27  09:00:00,295.284850224,778.0282872360001
 02/27  10:00:00,316.774616316,668.498427992
 02/27  11:00:00,285.648100776,595.874349925
 02/27  12:00:00,262.020471958,499.091791069
 02/27  13:00:00,250.136000635,478.52515532300004
 02/27  14:00:00,242.790666301,410.033264539
 02/27  15:00:00,242.27535857400002,362.669679471
 02/27  16:00:00,241.439614095,354.727934584
 02/27  17:00:00,262.209388244,341.999036453
 02/27  18:00:00,292.367618487,388.416886079
 02/27  19:00:00,363.531348878,672.784167817
 02/27  20:00:00,368.10649685199996,546.179849623
 02/27  21:00:00,392.128766246,529.073187586
 02/27  22:00:00,372.356787526,664.956801716
 02/27  23:00:00,294.30135474,579.165015606
 02/27  24:00:00,207.220694253,445.36839501699995
 02/28  01:00:00,134.800555491,196.62002471
 02/28  02:00:00,127.30076707,152.46220767399998
 02/28  03:00:00,119.239423095,146.47191818
 02/28  04:00:00,118.670117519,143.21983865
 02/28  05:00:00,127.569314691,172.60032492
 02/28  06:00:00,162.87920381799998,287.36991525
 02/28  07:00:00,301.41902051299996,473.101089995
 02/28  08:00:00,316.125555922,817.719730148
 02/28  09:00:00,303.785925114,734.437186119
 02/28  10:00:00,322.818729329,624.8283471330001
 02/28  11:00:00,251.39814225,546.654506587
 02/28  12:00:00,239.857382873,428.195280119
 02/28  13:00:00,245.68886273799998,350.724889618
 02/28  14:00:00,240.18347123599997,325.746200046
 02/28  15:00:00,239.50457112700002,315.67104396400003
 02/28  16:00:00,236.871300098,327.808332986
 02/28  17:00:00,259.30241612099996,311.824309486
 02/28  18:00:00,292.306562505,356.571677739
 02/28  19:00:00,367.710507726,585.808754
 02/28  20:00:00,379.688647589,501.230914251
 02/28  21:00:00,408.236329483,504.39815267
 02/28  22:00:00,396.82448429199997,622.15772371
 02/28  23:00:00,320.510250241,501.71280393300003
 02/28  24:00:00,228.61683967599998,354.247941608
 03/01  01:00:00,125.86209438700001,198.314597245
 03/01  02:00:00,124.722980535,153.28940437
 03/01  03:00:00,120.667072401,144.108714986
 03/01  04:00:00,123.406233518,138.163946279
 03/01  05:00:00,133.639181412,165.25104150200002
 03/01  06:00:00,170.227176885,277.659313624
 03/01  07:00:00,326.673509767,464.992710582
 03/01  08:00:00,363.82490645,728.482752152
 03/01  09:00:00,312.458808838,639.791403417
 03/01  10:00:00,280.763747443,569.206598947
 03/01  11:00:00,217.591932618,525.6296716119999
 03/01  12:00:00,209.512466192,461.527612549
 03/01  13:00:00,204.99636067900002,424.895493034
 03/01  14:00:00,194.28580281,408.034561648
 03/01  15:00:00,193.48612126,404.846899703
 03/01  16:00:00,197.85551760799999,435.130828722
 03/01  17:00:00,214.948497781,436.11306656
 03/01  18:00:00,256.960088964,438.387442453
 03/01  19:00:00,339.125181126,613.898291535
 03/01  20:00:00,356.89208586,513.6293843340001
 03/01  21:00:00,389.153966975,514.010967618
 03/01  22:00:00,379.60258857699995,628.021934138
 03/01  23:00:00,304.432783435,526.721102433
 03/01  24:00:00,215.355473755,384.165203422
 03/02  01:00:00,129.556655006,189.03904757700002
 03/02  02:00:00,126.96658589399999,145.017798972
 03/02  03:00:00,119.94486815799999,140.292986118
 03/02  04:00:00,117.57297190700001,138.023448168
 03/02  05:00:00,126.347000704,167.599414324
 03/02  06:00:00,167.244261379,278.802414521
 03/02  07:00:00,316.724361885,467.49754138
 03/02  08:00:00,363.12742021099996,740.9177108380001
 03/02  09:00:00,306.965814655,646.1100412469999
 03/02  10:00:00,272.160154925,578.925085276
 03/02  11:00:00,209.426635723,534.380552609
 03/02  12:00:00,199.85435300400002,480.997819788
 03/02  13:00:00,192.217107854,492.014611423
 03/02  14:00:00,181.932817077,478.133224289
 03/02  15:00:00,188.423154886,417.177034295
 03/02  16:00:00,189.927531019,436.266261821
 03/02  17:00:00,217.72224423900002,430.857943815
 03/02  18:00:00,253.95817941200002,433.96323919400004
 03/02  19:00:00,334.13518472,637.39995944
 03/02  20:00:00,354.06065225599997,526.669520463
 03/02  21:00:00,383.07031151,509.967127114
 03/02  22:00:00,371.281935341,654.647237498
 03/02  23:00:00,295.228617237,548.817516606
 03/02  24:00:00,207.104654052,416.67842691199996
 03/03  01:00:00,127.72592744,190.366291417
 03/03  02:00:00,122.738811339,152.204303993
 03/03  03:00:00,115.876694406,148.049715288
 03/03  04:00:00,116.353723129,146.010946111
 03/03  05:00:00,125.489309906,176.044066603
 03/03  06:00:00,161.283111522,288.309571222
 03/03  07:00:00,319.80851439,478.81352815900004
 03/03  08:00:00,335.12900047799997,793.533260078
 03/03  09:00:00,297.578931587,703.7841747819999
 03/03  10:00:00,266.611674961,636.737919493
 03/03  11:00:00,204.126546053,588.883696917
 03/03  12:00:00,196.502215345,519.297832158
 03/03  13:00:00,203.62928091599997,499.11519161300004
 03/03  14:00:00,198.983226497,467.19151281300003
 03/03  15:00:00,206.466832527,436.358496213
 03/03  16:00:00,211.252571193,382.20217843300003
 03/03  17:00:00,236.419191275,347.166700092
 03/03  18:00:00,269.299893549,418.022806975
 03/03  19:00:00,344.404118065,654.087342481
 03/03  20:00:00,359.887027302,530.9855107340001
 03/03  21:00:00,387.437105219,508.597444869
 03/03  22:00:00,375.977986672,638.185249474
 03/03  23:00:00,302.47907660000004,532.976842436
 03/03  24:00:00,217.17832335900002,389.368308695
 03/04  01:00:00,125.00099258700001,190.252125475
 03/04  02:00:00,128.506737138,145.493439027
 03/04  03:00:00,112.84681266,140.906370185
 03/04  04:00:00,114.13443533600001,132.163498561
 03/04  05:00:00,123.652146966,174.703706536
 03/04  06:00:00,139.13398825,212.61536995900002
 03/04  07:00:00,270.084793142,290.019861178
 03/04  08:00:00,277.008750089,647.200480984
 03/04  09:00:00,379.34137700800005,786.79355521
 03/04  10:00:00,339.541482544,531.0779729440001
 03/04  11:00:00,277.455067735,428.305834722
 03/04  12:00:00,293.915651968,349.459826505
 03/04  13:00:00,302.609281672,283.717043299
 03/04  14:00:00,292.433082263,267.82209533900004
 03/04  15:00:00,292.179758273,260.663621513
 03/04  16:00:00,292.248493135,273.50088907400004
 03/04  17:00:00,321.99576739599996,243.352443273
 03/04  18:00:00,349.52889677300004,238.35771499
 03/04  19:00:00,426.33431323,280.566018028
 03/04  20:00:00,425.88291016,325.210187543
 03/04  21:00:00,436.260448365,331.913392365
 03/04  22:00:00,426.119333261,323.972898062
 03/04  23:00:00,373.78276168800005,455.331492925
 03/04  24:00:00,274.191701374,284.897947608
 03/05  01:00:00,157.298017765,177.59809631599998
 03/05  02:00:00,168.75536403700002,159.041623456
 03/05  03:00:00,153.13678369299998,174.760746127
 03/05  04:00:00,153.00716023,171.116603527
 03/05  05:00:00,161.215124643,194.630106268
 03/05  06:00:00,175.32427883900002,233.35064478299998
 03/05  07:00:00,304.169839088,312.665571835
 03/05  08:00:00,328.687741207,511.17470590199997
 03/05  09:00:00,391.725463211,690.528510515
 03/05  10:00:00,347.74757175300005,538.58807911
 03/05  11:00:00,293.985846651,442.344034762
 03/05  12:00:00,299.325269842,356.39457673699997
 03/05  13:00:00,305.510086588,278.39233535799997
 03/05  14:00:00,286.123144605,266.90595792
 03/05  15:00:00,285.91573136,257.822142
 03/05  16:00:00,285.714407076,266.637143653
 03/05  17:00:00,315.597888178,242.317679959
 03/05  18:00:00,343.312134302,237.49559849599999
 03/05  19:00:00,412.60416419,290.23752410099996
 03/05  20:00:00,406.413874064,365.00142120099997
 03/05  21:00:00,429.262665595,404.765136783
 03/05  22:00:00,401.739975524,425.71088036699996
 03/05  23:00:00,337.56925593799997,626.779041096
 03/05  24:00:00,252.003776022,483.713766124
 03/06  01:00:00,132.417295658,212.102387252
 03/06  02:00:00,131.116013546,157.527789836
 03/06  03:00:00,144.733778905,141.976922945
 03/06  04:00:00,148.442564131,142.042604514
 03/06  05:00:00,152.670842287,175.28245584599998
 03/06  06:00:00,186.546705288,278.038827304
 03/06  07:00:00,339.203278064,462.67400522699995
 03/06  08:00:00,356.44179787400003,759.3788712969999
 03/06  09:00:00,333.498902495,661.173274526
 03/06  10:00:00,307.32775601599997,491.26124286699996
 03/06  11:00:00,263.482866804,371.089888901
 03/06  12:00:00,274.539420264,284.916406027
 03/06  13:00:00,296.191361166,280.19068940299996
 03/06  14:00:00,286.05768725900003,265.020617995
 03/06  15:00:00,285.8799464,253.010451017
 03/06  16:00:00,285.957938929,265.341539032
 03/06  17:00:00,315.72061111700003,239.172980226
 03/06  18:00:00,350.420368015,269.392205935
 03/06  19:00:00,414.446509602,444.915911597
 03/06  20:00:00,427.645925375,336.914805651
 03/06  21:00:00,445.014090864,345.62646444300003
 03/06  22:00:00,424.86770461699996,510.882861597
 03/06  23:00:00,337.325910085,453.715893728
 03/06  24:00:00,243.18659471599997,433.98346178599996
 03/07  01:00:00,142.352472256,210.92914791099997
 03/07  02:00:00,143.623033109,157.05005756100002
 03/07  03:00:00,137.208847101,140.461442208
 03/07  04:00:00,137.322424202,140.925624224
 03/07  05:00:00,147.20829715899998,172.833313529
 03/07  06:00:00,183.64342616099998,275.240341353
 03/07  07:00:00,345.87285989300005,463.82978683199997
 03/07  08:00:00,369.981000285,738.247440715
 03/07  09:00:00,339.194189134,578.673638309
 03/07  10:00:00,313.17684247799997,431.493168392
 03/07  11:00:00,281.96591001900003,348.196351666
 03/07  12:00:00,300.236620774,274.74463447200003
 03/07  13:00:00,299.318049009,274.179840436
 03/07  14:00:00,290.578156573,265.690628533
 03/07  15:00:00,289.147826643,257.669870369
 03/07  16:00:00,288.21656373900004,266.50069088099997
 03/07  17:00:00,320.865238543,239.972638836
 03/07  18:00:00,355.028429044,270.135501105
 03/07  19:00:00,417.114792244,445.122594784
 03/07  20:00:00,425.339825623,322.62574631900003
 03/07  21:00:00,453.47626467099997,330.347272697
 03/07  22:00:00,428.371967365,456.948918274
 03/07  23:00:00,352.209248582,365.983644781
 03/07  24:00:00,237.905246033,226.990428075
 03/08  01:00:00,141.841757459,171.791282212
 03/08  02:00:00,148.004332124,142.755656153
 03/08  03:00:00,143.10146852100002,170.269655646
 03/08  04:00:00,175.524390208,166.438848084
 03/08  05:00:00,127.19528678799999,194.721268164
 03/08  06:00:00,198.497797705,302.151834346
 03/08  07:00:00,329.439908883,473.249672449
 03/08  08:00:00,400.38958322699995,644.7876446280001
 03/08  09:00:00,351.583306585,496.960387341
 03/08  10:00:00,342.872590426,393.41742211800005
 03/08  11:00:00,299.994910147,343.02541594900003
 03/08  12:00:00,300.961420816,280.911384983
 03/08  13:00:00,299.847752705,275.21146303
 03/08  14:00:00,288.82674796,265.842268931
 03/08  15:00:00,288.52002968700003,251.25774062
 03/08  16:00:00,288.31102976799997,269.772343015
 03/08  17:00:00,317.799246234,244.069421489
 03/08  18:00:00,341.570131859,278.458473595
 03/08  19:00:00,385.134612633,481.46587921099996
 03/08  20:00:00,403.399113379,390.28277983699996
 03/08  21:00:00,432.864124839,394.21493936699994
 03/08  22:00:00,420.742900304,538.770666917
 03/08  23:00:00,336.238551097,450.75260588099997
 03/08  24:00:00,240.437456095,312.116622327
 03/09  01:00:00,134.135521316,223.76954578099998
 03/09  02:00:00,139.51315003,166.912496634
 03/09  03:00:00,136.441271667,160.796606324
 03/09  04:00:00,182.86209698,148.73983085
 03/09  05:00:00,121.391891072,167.449479695
 03/09  06:00:00,207.36233749099998,275.255323658
 03/09  07:00:00,323.42859190400003,455.83828892
 03/09  08:00:00,398.49814662800003,620.813230714
 03/09  09:00:00,336.576383382,523.884408132
 03/09  10:00:00,292.881366829,463.065033376
 03/09  11:00:00,228.743750102,428.814546087
 03/09  12:00:00,220.418824581,370.062896329
 03/09  13:00:00,215.827280686,385.77273014800005
 03/09  14:00:00,204.31071696900003,417.00696231300003
 03/09  15:00:00,203.25117291200002,419.106238045
 03/09  16:00:00,201.841756326,435.109643984
 03/09  17:00:00,230.213030318,424.38333325300005
 03/09  18:00:00,264.54808824599996,465.44389712
 03/09  19:00:00,344.475989376,643.971610117
 03/09  20:00:00,368.74064385699995,503.838847064
 03/09  21:00:00,397.738287499,490.059276831
 03/09  22:00:00,381.089245201,629.649814588
 03/09  23:00:00,307.116083356,514.3383215919999
 03/09  24:00:00,221.752887054,349.734593333
 03/10  01:00:00,127.660422095,188.906123987
 03/10  02:00:00,128.872883095,129.715572644
 03/10  03:00:00,126.506670772,129.836953832
 03/10  04:00:00,129.709199291,128.050045121
 03/10  05:00:00,140.31314131,159.252967623
 03/10  06:00:00,176.47614182400002,272.760437459
 03/10  07:00:00,334.69935978,454.081938804
 03/10  08:00:00,378.21561051599997,676.414541766
 03/10  09:00:00,304.708457238,654.001079257
 03/10  10:00:00,269.554899348,569.134266636
 03/10  11:00:00,212.768692771,529.343000139
 03/10  12:00:00,204.724712119,467.501478465
 03/10  13:00:00,209.11621953,454.266255418
 03/10  14:00:00,208.71130597299998,393.721107053
 03/10  15:00:00,213.086506138,449.07935538099997
 03/10  16:00:00,209.088649641,458.667708035
 03/10  17:00:00,230.485499533,431.852069195
 03/10  18:00:00,263.786970455,470.54103565599996
 03/10  19:00:00,340.887722918,663.716455122
 03/10  20:00:00,356.628342196,552.525046393
 03/10  21:00:00,388.577031186,550.961032615
 03/10  22:00:00,375.69983603,677.8479204419999
 03/10  23:00:00,297.64837124,578.666720768
 03/10  24:00:00,207.43674462299998,444.0885504
 03/11  01:00:00,139.484145084,192.801486083
 03/11  02:00:00,140.007103826,152.838309899
 03/11  03:00:00,122.09769377200001,142.11017948
 03/11  04:00:00,121.59498894,143.052814186
 03/11  05:00:00,130.43361238,174.820678944
 03/11  06:00:00,144.909692001,215.50981059
 03/11  07:00:00,216.308602281,293.443631718
 03/11  08:00:00,309.22489302900004,650.971815998
 03/11  09:00:00,367.25216411699995,867.600601805
 03/11  10:00:00,327.646674222,710.145807864
 03/11  11:00:00,257.701259742,627.82192731
 03/11  12:00:00,245.73986353200002,543.5461672480001
 03/11  13:00:00,247.75527211099998,448.658063417
 03/11  14:00:00,239.203160551,401.838610675
 03/11  15:00:00,241.795205774,369.320551071
 03/11  16:00:00,238.809979504,375.56341944800005
 03/11  17:00:00,257.947331873,386.74871667699995
 03/11  18:00:00,280.434286854,390.10276299
 03/11  19:00:00,360.26875491199996,489.100323077
 03/11  20:00:00,360.543349117,523.3489021940001
 03/11  21:00:00,376.79124167199996,519.224435946
 03/11  22:00:00,373.41921316699995,526.971998458
 03/11  23:00:00,315.07364252400004,655.305144671
 03/11  24:00:00,218.53064025900002,505.77840000199996
 03/12  01:00:00,142.304959407,162.269059438
 03/12  02:00:00,125.533661864,146.076594171
 03/12  03:00:00,126.335443947,146.78808520799998
 03/12  04:00:00,135.053475974,179.300825282
 03/12  05:00:00,149.852204893,212.605156593
 03/12  06:00:00,243.531471248,301.811294262
 03/12  07:00:00,283.587499425,677.69120002
 03/12  08:00:00,335.672580048,907.474283838
 03/12  09:00:00,333.47340778,747.03128055
 03/12  10:00:00,281.605083222,627.7975384580001
 03/12  11:00:00,254.189872559,530.36901616
 03/12  12:00:00,246.693908855,364.178918719
 03/12  13:00:00,232.25276868400002,326.623329144
 03/12  14:00:00,239.264724103,306.063065581
 03/12  15:00:00,238.276412575,311.374497418
 03/12  16:00:00,263.924036783,283.411492713
 03/12  17:00:00,290.703768983,287.404590112
 03/12  18:00:00,359.99861535400004,335.818463597
 03/12  19:00:00,379.772348984,407.301711994
 03/12  20:00:00,407.60825131,481.02107813
 03/12  21:00:00,379.938270817,538.952397083
 03/12  22:00:00,320.949510132,673.834727242
 03/12  23:00:00,234.688530913,463.87481615
 03/12  24:00:00,140.069238817,184.44674486
 03/13  01:00:00,124.93130345600001,145.607615209
 03/13  02:00:00,119.29491937200001,140.992656879
 03/13  03:00:00,120.593450314,131.869695071
 03/13  04:00:00,129.620226112,172.67796261700002
 03/13  05:00:00,165.26258311799998,273.16358072400004
 03/13  06:00:00,307.954627807,460.277905775
 03/13  07:00:00,329.77857494200003,789.5574261060001
 03/13  08:00:00,300.728808431,716.5265071560001
 03/13  09:00:00,295.547571665,626.689091971
 03/13  10:00:00,238.77398085099998,564.43044369
 03/13  11:00:00,229.84841427400002,422.95199151699995
 03/13  12:00:00,229.978203379,328.295298437
 03/13  13:00:00,226.92662795200002,297.465951218
 03/13  14:00:00,227.184773865,271.042534288
 03/13  15:00:00,239.85060694,280.84526619
 03/13  16:00:00,273.833531528,252.722360382
 03/13  17:00:00,311.80696128700004,278.808396255
 03/13  18:00:00,370.81444368800004,467.746780091
 03/13  19:00:00,384.653459643,368.551235972
 03/13  20:00:00,420.383553496,380.617204128
 03/13  21:00:00,408.32028912199996,519.8334024569999
 03/13  22:00:00,327.586714787,432.375866453
 03/13  23:00:00,233.70676649,292.450473214
 03/13  24:00:00,126.080918911,235.458483455
 03/14  01:00:00,143.21025685799998,183.68653991099998
 03/14  02:00:00,136.012024996,172.038074538
 03/14  03:00:00,135.95345814,150.202426186
 03/14  04:00:00,144.652935853,183.512902492
 03/14  05:00:00,180.893639229,275.370768097
 03/14  06:00:00,345.70891798099996,460.97537663800006
 03/14  07:00:00,377.94549568800005,726.0764261789999
 03/14  08:00:00,320.842518675,610.06618563
 03/14  09:00:00,285.426822536,496.57683631699996
 03/14  10:00:00,225.724457085,450.08116577699997
 03/14  11:00:00,229.68190594599997,363.17793309800004
 03/14  12:00:00,234.850547127,330.680461971
 03/14  13:00:00,239.529581468,303.17107499400004
 03/14  14:00:00,256.066471758,266.613650404
 03/14  15:00:00,281.85574543,273.208502513
 03/14  16:00:00,314.735187977,239.486146258
 03/14  17:00:00,346.243760371,277.466561235
 03/14  18:00:00,402.012466691,457.243972331
 03/14  19:00:00,397.46000371599996,366.773109301
 03/14  20:00:00,422.072549798,439.320614298
 03/14  21:00:00,403.780390441,696.44432079
 03/14  22:00:00,330.52603011,493.83193491699996
 03/14  23:00:00,233.216873892,387.73407078599996
 03/14  24:00:00,136.879701294,187.72966115
 03/15  01:00:00,140.409169368,147.30855593299998
 03/15  02:00:00,133.89053815100002,135.037169579
 03/15  03:00:00,134.232478725,137.834070872
 03/15  04:00:00,142.80127526200002,166.379366984
 03/15  05:00:00,179.123830652,276.719415123
 03/15  06:00:00,338.371465911,455.120849598
 03/15  07:00:00,369.63822290300004,744.7949142000001
 03/15  08:00:00,315.96851636,653.785335311
 03/15  09:00:00,286.86781284,575.0181222780001
 03/15  10:00:00,229.610803105,476.771289052
 03/15  11:00:00,251.259930107,296.159496133
 03/15  12:00:00,298.92607491,274.154151278
 03/15  13:00:00,289.202508497,265.705798496
 03/15  14:00:00,288.96284261799997,250.988683905
 03/15  15:00:00,288.84251781,265.03413149799997
 03/15  16:00:00,317.609222955,237.378035012
 03/15  17:00:00,351.973359205,264.263440005
 03/15  18:00:00,404.30845527199995,441.859123959
 03/15  19:00:00,419.70739678800004,319.87183882200003
 03/15  20:00:00,453.036522599,330.253358349
 03/15  21:00:00,428.79325319599997,472.73440314
 03/15  22:00:00,340.89440610099996,373.81038560699994
 03/15  23:00:00,243.010596047,257.725893366
 03/15  24:00:00,129.727532351,208.92160626
 03/16  01:00:00,130.942478438,172.59437377700002
 03/16  02:00:00,127.44926580799999,157.008062113
 03/16  03:00:00,130.258107281,154.99504135700002
 03/16  04:00:00,173.531458729,179.712630771
 03/16  05:00:00,151.61471628799998,281.518550875
 03/16  06:00:00,345.43772036300004,464.86298022
 03/16  07:00:00,378.54289949599996,720.0552639560001
 03/16  08:00:00,325.350003577,601.574248319
 03/16  09:00:00,289.478318538,521.885198891
 03/16  10:00:00,233.447836357,470.054596147
 03/16  11:00:00,236.81408687,389.710442979
 03/16  12:00:00,243.40359325,384.30795626300005
 03/16  13:00:00,241.44783999400002,355.57043410800003
 03/16  14:00:00,245.909911226,342.582688686
 03/16  15:00:00,248.702423456,349.159297897
 03/16  16:00:00,275.676307754,353.74818900599996
 03/16  17:00:00,308.65805859,403.04499549800005
 03/16  18:00:00,373.542042181,629.78223739
 03/16  19:00:00,385.914611475,528.939190424
 03/16  20:00:00,414.635548111,499.375303332
 03/16  21:00:00,398.491435975,621.727390862
 03/16  22:00:00,319.394200604,514.724232381
 03/16  23:00:00,224.386385806,393.126914486
 03/16  24:00:00,127.831063775,184.699203341
 03/17  01:00:00,124.129717235,139.776993235
 03/17  02:00:00,118.363579145,141.244865063
 03/17  03:00:00,119.941770026,131.91538870000002
 03/17  04:00:00,129.874369862,173.590252363
 03/17  05:00:00,165.269367251,269.891240196
 03/17  06:00:00,308.83222145400003,455.166617536
 03/17  07:00:00,345.97234565699995,760.1550105460001
 03/17  08:00:00,303.622543328,693.0000249789999
 03/17  09:00:00,287.530718007,611.9187712930001
 03/17  10:00:00,230.239901607,553.755481411
 03/17  11:00:00,228.831877156,476.401074558
 03/17  12:00:00,232.068661663,413.113778972
 03/17  13:00:00,231.309573395,338.630703448
 03/17  14:00:00,238.877736946,297.225531457
 03/17  15:00:00,242.015071663,306.969335879
 03/17  16:00:00,272.107817408,264.614007693
 03/17  17:00:00,310.821374483,295.844161105
 03/17  18:00:00,376.546707347,472.255621911
 03/17  19:00:00,383.712904695,410.134280729
 03/17  20:00:00,414.84679461,478.39422205
 03/17  21:00:00,398.550623832,687.007684509
 03/17  22:00:00,320.085137895,540.50107147
 03/17  23:00:00,226.347372199,376.42411235699996
 03/17  24:00:00,126.930814559,182.14112011400002
 03/18  01:00:00,134.248762503,144.065775709
 03/18  02:00:00,118.929324632,133.35373311799998
 03/18  03:00:00,120.917311198,135.992877029
 03/18  04:00:00,131.30636153700002,167.043654456
 03/18  05:00:00,147.01195079200002,202.75679103599998
 03/18  06:00:00,275.82190494900004,285.347737061
 03/18  07:00:00,298.34982886,617.506553158
 03/18  08:00:00,367.556287794,829.4639823780001
 03/18  09:00:00,344.54005095599996,583.139872509
 03/18  10:00:00,273.486707222,417.60457385
 03/18  11:00:00,251.679995297,357.75882244900004
 03/18  12:00:00,237.85870954799998,297.63703386
 03/18  13:00:00,272.893053368,270.948923586
 03/18  14:00:00,292.770005771,251.64951781099998
 03/18  15:00:00,292.138815716,267.169962166
 03/18  16:00:00,321.767222774,242.54443004599997
 03/18  17:00:00,349.186640362,236.90219576200002
 03/18  18:00:00,414.483215172,272.517588648
 03/18  19:00:00,416.784280238,320.978682667
 03/18  20:00:00,435.71264853300005,323.38491392
 03/18  21:00:00,426.013512859,325.365344299
 03/18  22:00:00,364.43958274199997,457.825975766
 03/18  23:00:00,259.70533482,296.710124186
 03/18  24:00:00,134.049589297,180.115469394
 03/19  01:00:00,153.825312249,145.02143097
 03/19  02:00:00,140.71119110200002,155.126227358
 03/19  03:00:00,143.31839736700002,157.153012701
 03/19  04:00:00,153.140763396,185.94892839
 03/19  05:00:00,168.133334197,222.07016462400003
 03/19  06:00:00,301.590520407,305.67097299200003
 03/19  07:00:00,331.33559486900003,555.928037088
 03/19  08:00:00,380.80284412199995,738.138457892
 03/19  09:00:00,330.077566234,567.382039658
 03/19  10:00:00,269.716722217,458.442925572
 03/19  11:00:00,267.308921128,373.84256993400004
 03/19  12:00:00,283.666100086,285.035830827
 03/19  13:00:00,287.525636396,260.949250559
 03/19  14:00:00,286.99526722400003,257.852089577
 03/19  15:00:00,287.055155581,259.531327482
 03/19  16:00:00,317.09600999400004,239.19980471099998
 03/19  17:00:00,344.327148171,233.38121942599997
 03/19  18:00:00,404.632658215,272.862156547
 03/19  19:00:00,416.016254805,322.347925224
 03/19  20:00:00,444.439873981,330.816573545
 03/19  21:00:00,415.599039366,335.84973230099996
 03/19  22:00:00,351.69807274699997,476.765647634
 03/19  23:00:00,264.043295693,304.710201135
 03/19  24:00:00,145.783070595,206.63379087099997
 03/20  01:00:00,136.55476938799998,179.147655369
 03/20  02:00:00,131.594640196,173.82650463
 03/20  03:00:00,162.150842896,174.678961729
 03/20  04:00:00,137.961381231,189.780153583
 03/20  05:00:00,170.569543143,281.70637340400003
 03/20  06:00:00,351.617045641,459.458628215
 03/20  07:00:00,371.97037283099996,726.869064908
 03/20  08:00:00,329.878582309,587.312071632
 03/20  09:00:00,304.944407142,420.913326494
 03/20  10:00:00,264.858052555,345.62672437699996
 03/20  11:00:00,299.48723067599997,274.893539261
 03/20  12:00:00,298.936459099,267.349371077
 03/20  13:00:00,288.860343042,265.433180325
 03/20  14:00:00,288.570613015,249.772556935
 03/20  15:00:00,288.84933769099996,265.188997979
 03/20  16:00:00,318.355888812,232.37899581599999
 03/20  17:00:00,352.827619255,262.603742597
 03/20  18:00:00,404.52288019300005,437.65427992900004
 03/20  19:00:00,419.78393895199997,318.240459117
 03/20  20:00:00,452.55428977199995,317.26078371299997
 03/20  21:00:00,427.73528490900003,443.161901115
 03/20  22:00:00,362.696352789,337.088048708
 03/20  23:00:00,292.949736815,197.072766436
 03/20  24:00:00,188.775752895,156.043415852
 03/21  01:00:00,144.999700622,132.715447353
 03/21  02:00:00,183.48980424099997,154.38326442
 03/21  03:00:00,142.22164954,149.514898407
 03/21  04:00:00,165.830063622,180.35677942400002
 03/21  05:00:00,205.055550417,275.711748953
 03/21  06:00:00,342.49131943599997,454.41213957199994
 03/21  07:00:00,419.759927039,601.19168363
 03/21  08:00:00,350.70833565099997,485.426576764
 03/21  09:00:00,311.08075793,400.792565781
 03/21  10:00:00,270.502311896,345.260945545
 03/21  11:00:00,294.303930962,276.561779813
 03/21  12:00:00,300.238790725,268.880457973
 03/21  13:00:00,289.72889765599996,266.888783104
 03/21  14:00:00,289.865016988,251.86264529099998
 03/21  15:00:00,288.868932358,260.64248732
 03/21  16:00:00,317.902537503,240.728197319
 03/21  17:00:00,351.23375635900004,263.738641149
 03/21  18:00:00,402.86925286900004,441.573992196
 03/21  19:00:00,418.147960563,319.962918748
 03/21  20:00:00,451.33342763900004,319.087569451
 03/21  21:00:00,428.245557684,445.289113734
 03/21  22:00:00,364.05094437400004,340.574866242
 03/21  23:00:00,268.91074498,208.56470154
 03/21  24:00:00,136.83529186299998,175.216913877
 03/22  01:00:00,142.97211655700002,162.699330293
 03/22  02:00:00,169.01850068,171.055369118
 03/22  03:00:00,135.939518253,170.582460787
 03/22  04:00:00,159.022027375,201.71610469400002
 03/22  05:00:00,210.665671078,303.583614547
 03/22  06:00:00,315.210260377,468.430628545
 03/22  07:00:00,389.830220488,699.391729776
 03/22  08:00:00,326.903021769,574.046984714
 03/22  09:00:00,294.429983941,488.1664898
 03/22  10:00:00,239.20086505900002,404.823544845
 03/22  11:00:00,245.59478472599997,317.73370077
 03/22  12:00:00,258.200844148,288.963050212
 03/22  13:00:00,281.451448277,268.11248663099997
 03/22  14:00:00,287.423373546,250.208447085
 03/22  15:00:00,287.132064834,258.59252318
 03/22  16:00:00,316.498185593,239.028323242
 03/22  17:00:00,350.96684544699997,261.709350191
 03/22  18:00:00,403.549151035,436.705092306
 03/22  19:00:00,418.41806782599997,323.127706599
 03/22  20:00:00,451.040479647,337.757192113
 03/22  21:00:00,426.389221125,497.747301195
 03/22  22:00:00,341.837723663,433.024343757
 03/22  23:00:00,248.337075365,339.105996859
 03/22  24:00:00,143.956337873,236.13258048
 03/23  01:00:00,145.57123032,175.958525637
 03/23  02:00:00,139.278908009,162.355110894
 03/23  03:00:00,139.085015097,143.91159513899999
 03/23  04:00:00,147.28624375299998,173.34621007
 03/23  05:00:00,201.57480185,272.44395389
 03/23  06:00:00,334.392441411,452.83370589199995
 03/23  07:00:00,371.78207507900004,733.065691252
 03/23  08:00:00,325.76845063900004,644.318450109
 03/23  09:00:00,300.12909975400004,524.694642973
 03/23  10:00:00,250.74109216099998,358.71842112800005
 03/23  11:00:00,294.783649101,270.99168375200003
 03/23  12:00:00,298.589812226,273.369941646
 03/23  13:00:00,287.96693108700003,257.659742095
 03/23  14:00:00,287.81782546200003,248.998862312
 03/23  15:00:00,287.596562692,263.330822786
 03/23  16:00:00,316.692938991,232.76865167
 03/23  17:00:00,351.154635279,260.339280087
 03/23  18:00:00,403.252820665,434.165975927
 03/23  19:00:00,419.233045651,318.31046752099996
 03/23  20:00:00,452.437721121,310.464191363
 03/23  21:00:00,427.54143520199995,440.38495360400003
 03/23  22:00:00,363.21889880099997,335.53543076799997
 03/23  23:00:00,295.120814132,192.21527300099999
 03/23  24:00:00,200.11895336599997,150.26790463
 03/24  01:00:00,139.65725088899998,116.719021052
 03/24  02:00:00,173.08152799,119.22068258200001
 03/24  03:00:00,142.250119856,126.695052945
 03/24  04:00:00,183.477410255,166.516590567
 03/24  05:00:00,214.316380103,273.108222209
 03/24  06:00:00,321.412530225,462.654340231
 03/24  07:00:00,417.791112061,623.77256451
 03/24  08:00:00,350.264093925,496.67272184800004
 03/24  09:00:00,320.828679116,395.761456333
 03/24  10:00:00,294.465456599,343.37036854900003
 03/24  11:00:00,300.553446038,269.966992763
 03/24  12:00:00,299.957933803,276.585697144
 03/24  13:00:00,288.29142520700003,263.247176918
 03/24  14:00:00,278.86482789999997,259.949819659
 03/24  15:00:00,282.04882425700004,268.887002501
 03/24  16:00:00,317.500166795,243.408343894
 03/24  17:00:00,350.763185624,265.87758941
 03/24  18:00:00,403.400295549,435.809424298
 03/24  19:00:00,418.614377606,325.587170711
 03/24  20:00:00,452.475309388,330.120007309
 03/24  21:00:00,428.499413139,456.46189815199995
 03/24  22:00:00,363.976346795,350.68309661
 03/24  23:00:00,267.721715856,212.626773633
 03/24  24:00:00,134.536869963,163.253735997
 03/25  01:00:00,152.91702208200002,131.118268456
 03/25  02:00:00,172.87176514200002,134.28517819799998
 03/25  03:00:00,155.053186991,128.678727011
 03/25  04:00:00,142.038848956,163.992755011
 03/25  05:00:00,190.340270343,200.380917961
 03/25  06:00:00,304.318695869,275.837498166
 03/25  07:00:00,354.53715275900004,460.35989719400004
 03/25  08:00:00,406.337172504,637.154801816
 03/25  09:00:00,365.232364781,491.97044271699997
 03/25  10:00:00,305.954841527,410.84793510800006
 03/25  11:00:00,271.11663929,357.332801715
 03/25  12:00:00,256.452475473,298.321383443
 03/25  13:00:00,241.012598845,290.280585705
 03/25  14:00:00,233.72538844,305.91690282900004
 03/25  15:00:00,230.62176747900003,331.339941849
 03/25  16:00:00,255.528312871,330.565381315
 03/25  17:00:00,284.853761532,318.804502505
 03/25  18:00:00,357.415123811,374.11941423800005
 03/25  19:00:00,369.94752233699995,469.200319742
 03/25  20:00:00,399.93157466900004,519.555538905
 03/25  21:00:00,391.952983492,514.69752344
 03/25  22:00:00,332.734916807,646.824509379
 03/25  23:00:00,236.396389709,449.552353378
 03/25  24:00:00,137.608055132,182.856583458
 03/26  01:00:00,153.139583039,137.574652313
 03/26  02:00:00,138.061442177,138.380789185
 03/26  03:00:00,139.459333005,128.698526727
 03/26  04:00:00,149.117311915,163.167735101
 03/26  05:00:00,164.285153127,200.198305062
 03/26  06:00:00,298.932940965,282.782082853
 03/26  07:00:00,309.590799876,597.02899475
 03/26  08:00:00,368.575502316,802.51701768
 03/26  09:00:00,320.81154085099996,657.0563214069999
 03/26  10:00:00,254.23384804900002,488.084306186
 03/26  11:00:00,237.136338497,412.959875719
 03/26  12:00:00,232.368982877,330.048885226
 03/26  13:00:00,219.07633651900002,319.60833252599997
 03/26  14:00:00,228.539277202,285.60587804799997
 03/26  15:00:00,231.141976134,283.017916158
 03/26  16:00:00,261.973844623,254.462581331
 03/26  17:00:00,291.735852033,249.717344108
 03/26  18:00:00,357.393675794,302.46924650200003
 03/26  19:00:00,377.66621048,357.664373305
 03/26  20:00:00,417.433647707,373.37087435800004
 03/26  21:00:00,391.76546273099996,379.573571931
 03/26  22:00:00,333.064347798,502.227136805
 03/26  23:00:00,248.821091038,332.765596028
 03/26  24:00:00,148.627884007,223.16146148299998
 03/27  01:00:00,137.860680272,177.906240907
 03/27  02:00:00,131.694918925,163.161354418
 03/27  03:00:00,133.240491803,143.01182716
 03/27  04:00:00,143.64759530700002,168.829574003
 03/27  05:00:00,205.000796665,263.388797543
 03/27  06:00:00,329.16965301,432.93285830699995
 03/27  07:00:00,408.649400914,579.562973951
 03/27  08:00:00,349.727662904,458.345166985
 03/27  09:00:00,334.744453425,386.106358097
 03/27  10:00:00,285.484781797,339.842228717
 03/27  11:00:00,284.468288974,281.016100948
 03/27  12:00:00,289.87591186,275.14707192
 03/27  13:00:00,287.24689941099996,268.471727021
 03/27  14:00:00,287.21488850599997,257.335812386
 03/27  15:00:00,284.86365106700003,265.383840234
 03/27  16:00:00,312.869809004,239.783901258
 03/27  17:00:00,346.908821894,266.572358411
 03/27  18:00:00,399.349849191,433.30391020400003
 03/27  19:00:00,413.00835733699995,321.88486451
 03/27  20:00:00,449.70115148,316.275840121
 03/27  21:00:00,424.276754574,439.57803311699996
 03/27  22:00:00,358.07119819,335.834272558
 03/27  23:00:00,292.639577236,197.114940488
 03/27  24:00:00,137.88077036200002,141.557939398
 03/28  01:00:00,154.064307491,104.61969686100001
 03/28  02:00:00,189.75510929900003,104.69123899
 03/28  03:00:00,115.502601772,129.618825471
 03/28  04:00:00,177.215728187,188.659434217
 03/28  05:00:00,207.612493653,296.32167537
 03/28  06:00:00,313.80790789599996,471.044013319
 03/28  07:00:00,405.76233398,612.241706073
 03/28  08:00:00,333.183316397,490.301833167
 03/28  09:00:00,294.152335762,417.686473455
 03/28  10:00:00,231.157539421,366.30283424199996
 03/28  11:00:00,225.830668384,296.136596809
 03/28  12:00:00,231.69260755099998,291.787229369
 03/28  13:00:00,228.025815121,286.277102714
 03/28  14:00:00,227.635394261,272.702177969
 03/28  15:00:00,236.85001623099998,277.5067709
 03/28  16:00:00,267.433404934,251.615257882
 03/28  17:00:00,297.56225885599997,290.572993418
 03/28  18:00:00,365.496778999,467.232647615
 03/28  19:00:00,381.608815532,366.09052255800003
 03/28  20:00:00,423.58481090000004,361.398042319
 03/28  21:00:00,408.98107135199996,511.321417176
 03/28  22:00:00,322.354885358,428.93937182800005
 03/28  23:00:00,226.330137247,315.686556413
 03/28  24:00:00,125.689646785,229.092321756
 03/29  01:00:00,126.43172182200001,172.11164192
 03/29  02:00:00,124.178068571,166.959545587
 03/29  03:00:00,126.820714765,159.026384422
 03/29  04:00:00,136.637340135,180.875315427
 03/29  05:00:00,194.73777957,273.05480444
 03/29  06:00:00,328.652041134,447.313383226
 03/29  07:00:00,371.153731951,710.468237806
 03/29  08:00:00,312.582928938,619.563904945
 03/29  09:00:00,283.180995,546.012104375
 03/29  10:00:00,223.480553846,472.409163905
 03/29  11:00:00,220.73120049099998,401.971407056
 03/29  12:00:00,224.945755878,376.83416590400003
 03/29  13:00:00,223.43669614700002,350.17392532
 03/29  14:00:00,228.04593291,329.269347545
 03/29  15:00:00,230.523732425,327.395888732
 03/29  16:00:00,259.734179291,298.679395809
 03/29  17:00:00,301.76374821900004,330.384068789
 03/29  18:00:00,371.907878525,530.035853745
 03/29  19:00:00,380.32784359199997,470.18513625199995
 03/29  20:00:00,414.568303553,527.6436006609999
 03/29  21:00:00,401.38842985800005,653.74198736
 03/29  22:00:00,319.07770377,509.903881705
 03/29  23:00:00,225.30177472900002,368.496824413
 03/29  24:00:00,135.342324385,180.99794707200002
 03/30  01:00:00,133.67843687200002,136.86739775200002
 03/30  02:00:00,128.31493791100002,132.028716186
 03/30  03:00:00,129.496969845,129.066617987
 03/30  04:00:00,138.660259886,164.005820815
 03/30  05:00:00,175.08991531,265.523272827
 03/30  06:00:00,334.316854902,437.134912672
 03/30  07:00:00,355.355014231,734.764078512
 03/30  08:00:00,318.18767845400004,649.228356041
 03/30  09:00:00,290.600095467,545.002167536
 03/30  10:00:00,226.33865667799998,418.498246731
 03/30  11:00:00,228.240618957,323.784503743
 03/30  12:00:00,234.016627658,312.15547004900003
 03/30  13:00:00,234.44941187400002,290.098371891
 03/30  14:00:00,239.467774406,266.730655401
 03/30  15:00:00,248.427496895,275.40013090400004
 03/30  16:00:00,279.61668013599996,247.327527585
 03/30  17:00:00,314.744672333,276.133362326
 03/30  18:00:00,374.47961543400004,450.49599846
 03/30  19:00:00,387.603145526,356.89219513800003
 03/30  20:00:00,427.95951131099997,356.74849711400003
 03/30  21:00:00,415.867164125,493.81737968
 03/30  22:00:00,334.422352894,395.549668302
 03/30  23:00:00,238.776903888,264.320778087
 03/30  24:00:00,139.817341082,211.83885569
 03/31  01:00:00,144.09794519,167.313375992
 03/31  02:00:00,139.624077158,152.391198701
 03/31  03:00:00,141.000321565,144.438905824
 03/31  04:00:00,179.882460706,175.447128691
 03/31  05:00:00,178.18608538200002,274.893863357
 03/31  06:00:00,351.00343163199994,443.05055162599996
 03/31  07:00:00,385.899603067,665.668574909
 03/31  08:00:00,321.168647893,612.969867548
 03/31  09:00:00,285.409527094,517.999863375
 03/31  10:00:00,228.058496345,441.57289851900003
 03/31  11:00:00,229.805249397,359.409411821
 03/31  12:00:00,235.819639015,345.774854046
 03/31  13:00:00,233.267571353,316.731452716
 03/31  14:00:00,238.926375283,307.164395905
 03/31  15:00:00,238.75658031900002,325.830711722
 03/31  16:00:00,267.71464046799997,312.090752955
 03/31  17:00:00,304.35125294200003,356.859081442
 03/31  18:00:00,371.534419554,568.3949127369999
 03/31  19:00:00,380.251512943,516.9394501219999
 03/31  20:00:00,416.16011258,529.156412661
 03/31  21:00:00,409.420489061,612.3677393280001
 03/31  22:00:00,327.659999851,489.627742627
 03/31  23:00:00,230.95756972200002,325.436647453
 03/31  24:00:00,136.59501913,185.961276464
 04/01  01:00:00,148.14750082,136.274507449
 04/01  02:00:00,134.047828023,128.088355869
 04/01  03:00:00,136.313526479,123.00145831299999
 04/01  04:00:00,146.605250089,153.824706754
 04/01  05:00:00,173.744748306,194.423660895
 04/01  06:00:00,317.574391115,270.83078507
 04/01  07:00:00,314.516038233,522.305716961
 04/01  08:00:00,379.860309341,720.30612944
 04/01  09:00:00,338.597402505,547.642834731
 04/01  10:00:00,266.977740174,436.787307411
 04/01  11:00:00,256.925201538,358.687982374
 04/01  12:00:00,277.179513825,276.866779617
 04/01  13:00:00,292.327214497,259.920608327
 04/01  14:00:00,294.826050617,250.525081393
 04/01  15:00:00,294.650442624,262.294011179
 04/01  16:00:00,324.175608291,236.885082321
 04/01  17:00:00,351.38007399099996,230.743562041
 04/01  18:00:00,416.59706719699994,263.105376151
 04/01  19:00:00,415.59272285099996,311.010326198
 04/01  20:00:00,437.757340648,317.962377789
 04/01  21:00:00,427.936669774,314.37859666
 04/01  22:00:00,373.244579381,448.47324289
 04/01  23:00:00,259.67721425900004,306.547373358
 04/01  24:00:00,144.85811709200001,210.436313867
 04/02  01:00:00,169.632420559,162.28312149799999
 04/02  02:00:00,153.62500426,170.994117873
 04/02  03:00:00,152.32460975,169.766033559
 04/02  04:00:00,160.69397962600002,191.608978287
 04/02  05:00:00,174.64513105,216.885498983
 04/02  06:00:00,309.854391628,283.675120019
 04/02  07:00:00,330.11248911,573.70392084
 04/02  08:00:00,389.532961671,706.363850038
 04/02  09:00:00,342.892823537,515.799797903
 04/02  10:00:00,282.334170009,412.527901237
 04/02  11:00:00,305.932510285,335.540382345
 04/02  12:00:00,308.55268889,265.793259418
 04/02  13:00:00,289.573527422,258.17953867200004
 04/02  14:00:00,290.023126952,244.586861709
 04/02  15:00:00,289.688637025,256.257890813
 04/02  16:00:00,318.772558692,234.501067484
 04/02  17:00:00,346.180444084,228.104132916
 04/02  18:00:00,405.922770422,263.003536135
 04/02  19:00:00,414.255670137,310.286943839
 04/02  20:00:00,444.764909935,306.720318278
 04/02  21:00:00,416.63944220800005,306.684010268
 04/02  22:00:00,363.93034505699995,420.514565903
 04/02  23:00:00,299.412336298,257.898537585
 04/02  24:00:00,195.819078605,151.289750081
 04/03  01:00:00,139.013883042,140.650962163
 04/03  02:00:00,168.124108432,161.716850885
 04/03  03:00:00,137.155418901,163.073640894
 04/03  04:00:00,182.096040487,186.65989909900003
 04/03  05:00:00,173.385131638,291.0570924
 04/03  06:00:00,347.13930078199996,458.05902831099996
 04/03  07:00:00,401.983362235,647.1680004169999
 04/03  08:00:00,347.14124608300006,501.752576289
 04/03  09:00:00,311.2518513,408.05881187800003
 04/03  10:00:00,287.67583520799997,331.981042975
 04/03  11:00:00,300.162375299,269.400538745
 04/03  12:00:00,299.291168887,268.432160619
 04/03  13:00:00,288.82807186400004,258.495051434
 04/03  14:00:00,287.715380842,251.481487783
 04/03  15:00:00,285.354428747,259.757612676
 04/03  16:00:00,314.611225062,226.995690583
 04/03  17:00:00,349.63930364,262.124602111
 04/03  18:00:00,401.55058688599996,425.99003270699995
 04/03  19:00:00,414.741501269,309.845768486
 04/03  20:00:00,450.127704237,312.87475379200004
 04/03  21:00:00,424.83818890699996,429.305319374
 04/03  22:00:00,359.222487985,329.858238885
 04/03  23:00:00,293.576202529,185.11151258
 04/03  24:00:00,183.773197799,141.258648559
 04/04  01:00:00,140.94648369799998,104.435448059
 04/04  02:00:00,173.83555089599997,98.18696271440001
 04/04  03:00:00,175.71574963400002,104.506520922
 04/04  04:00:00,173.16380349099998,141.19576603299998
 04/04  05:00:00,211.607823868,235.24247862599998
 04/04  06:00:00,343.631765615,416.72990443699996
 04/04  07:00:00,414.90958803300003,565.827567391
 04/04  08:00:00,371.08523129,442.58435752099996
 04/04  09:00:00,345.998496073,381.34671869199997
 04/04  10:00:00,299.006273124,331.335725751
 04/04  11:00:00,299.672942589,271.378697571
 04/04  12:00:00,300.183989487,270.181227434
 04/04  13:00:00,287.742151843,260.816553486
 04/04  14:00:00,287.786039196,251.883803819
 04/04  15:00:00,287.478252231,253.32582138400002
 04/04  16:00:00,316.623408867,233.452629543
 04/04  17:00:00,350.011800211,262.893923054
 04/04  18:00:00,401.78520851400003,427.11584433900003
 04/04  19:00:00,414.59270788199996,340.906053355
 04/04  20:00:00,451.371623926,377.951173756
 04/04  21:00:00,426.84412858800005,529.384882703
 04/04  22:00:00,347.344398995,449.564656595
 04/04  23:00:00,248.43503914599998,345.889548901
 04/04  24:00:00,143.122522002,231.118865902
 04/05  01:00:00,148.10644747,176.984265441
 04/05  02:00:00,187.555039701,162.074731689
 04/05  03:00:00,117.618072058,149.439803995
 04/05  04:00:00,184.25844003900002,179.61749881900002
 04/05  05:00:00,172.143005913,266.759092624
 04/05  06:00:00,350.543648782,442.99608067699995
 04/05  07:00:00,385.597344336,662.998386935
 04/05  08:00:00,331.662424917,572.977132297
 04/05  09:00:00,294.278084106,519.02487736
 04/05  10:00:00,235.596293246,431.64221485
 04/05  11:00:00,234.636800747,342.394872413
 04/05  12:00:00,241.408987755,319.044654016
 04/05  13:00:00,241.099023696,297.414383702
 04/05  14:00:00,245.751611125,269.01231074599997
 04/05  15:00:00,253.55996848200002,273.64249622799997
 04/05  16:00:00,299.12702943200003,240.565969732
 04/05  17:00:00,347.13187722199996,255.883550587
 04/05  18:00:00,403.138124993,426.47297623800006
 04/05  19:00:00,413.839974511,326.393762218
 04/05  20:00:00,440.946497047,347.637971928
 04/05  21:00:00,422.384731133,502.991139686
 04/05  22:00:00,334.13697710400004,455.759285301
 04/05  23:00:00,236.189747566,405.15063450099996
 04/05  24:00:00,140.31643476899998,205.71812888099998
 04/06  01:00:00,140.738281645,155.833552512
 04/06  02:00:00,134.635695258,141.538102694
 04/06  03:00:00,135.064013644,132.158742223
 04/06  04:00:00,143.93572280700002,168.312344046
 04/06  05:00:00,180.09279097900003,259.803981264
 04/06  06:00:00,349.77488404,433.294226319
 04/06  07:00:00,357.97231011599996,723.038362477
 04/06  08:00:00,327.055764846,639.921759683
 04/06  09:00:00,300.693059341,536.974113125
 04/06  10:00:00,241.52802397099998,372.882515486
 04/06  11:00:00,243.38121316599998,276.378535447
 04/06  12:00:00,266.876062149,266.384797757
 04/06  13:00:00,282.163776836,255.438118528
 04/06  14:00:00,288.964553222,248.95259470599999
 04/06  15:00:00,288.478932927,250.60121523400002
 04/06  16:00:00,317.727284253,232.01591311
 04/06  17:00:00,351.55671333199996,252.596215349
 04/06  18:00:00,403.55826221300003,422.292163635
 04/06  19:00:00,413.912558008,307.035595841
 04/06  20:00:00,452.751628006,311.365361846
 04/06  21:00:00,428.853540124,440.69089661
 04/06  22:00:00,346.15152829199997,351.981545027
 04/06  23:00:00,245.513924309,236.271076903
 04/06  24:00:00,143.238362303,202.256376593
 04/07  01:00:00,148.098195274,154.348381978
 04/07  02:00:00,143.221758086,156.208915743
 04/07  03:00:00,172.89493780200002,148.09856041
 04/07  04:00:00,148.764833358,167.15131972
 04/07  05:00:00,194.497527503,264.17564694099997
 04/07  06:00:00,339.621678594,435.878176346
 04/07  07:00:00,410.64524748199995,575.439164446
 04/07  08:00:00,341.978909405,466.69417413699995
 04/07  09:00:00,301.17157652099996,398.01665925599997
 04/07  10:00:00,241.52467325,346.790190625
 04/07  11:00:00,253.403104687,275.220852865
 04/07  12:00:00,273.731233181,270.263474792
 04/07  13:00:00,277.90770687,253.105143887
 04/07  14:00:00,288.980590623,251.343389218
 04/07  15:00:00,290.54283117,252.456816078
 04/07  16:00:00,319.401507595,233.28659377
 04/07  17:00:00,352.899091097,254.484692072
 04/07  18:00:00,405.174217456,423.771433444
 04/07  19:00:00,414.734368626,308.285587107
 04/07  20:00:00,453.379883427,311.161376044
 04/07  21:00:00,428.93596855199996,434.23674685599997
 04/07  22:00:00,364.385639322,339.188588438
 04/07  23:00:00,273.11559147,196.411258335
 04/07  24:00:00,153.446969211,148.796600911
 04/08  01:00:00,175.183800342,118.596692716
 04/08  02:00:00,144.82619855299998,118.17855652700001
 04/08  03:00:00,154.563331629,111.48497177600001
 04/08  04:00:00,179.492179397,150.716364059
 04/08  05:00:00,194.179463389,186.748962202
 04/08  06:00:00,285.235222619,260.739658272
 04/08  07:00:00,372.154888023,440.71944309400004
 04/08  08:00:00,408.50664702,605.770564766
 04/08  09:00:00,362.064568105,473.81006641
 04/08  10:00:00,307.966062413,397.838512596
 04/08  11:00:00,298.526125161,336.885473321
 04/08  12:00:00,298.719610589,271.415474959
 04/08  13:00:00,288.90576903,263.129092836
 04/08  14:00:00,287.376868161,249.932687801
 04/08  15:00:00,285.540347125,260.592809165
 04/08  16:00:00,314.467837888,238.845484503
 04/08  17:00:00,342.912934808,233.237295655
 04/08  18:00:00,410.028983504,264.207656178
 04/08  19:00:00,408.26606922,309.580505387
 04/08  20:00:00,432.824391597,307.1227223
 04/08  21:00:00,422.40471447199997,303.152751994
 04/08  22:00:00,369.631552566,420.13862675900003
 04/08  23:00:00,297.404236245,261.337297541
 04/08  24:00:00,186.36469801,138.748881929
 04/09  01:00:00,155.31686083600002,118.345697589
 04/09  02:00:00,149.882380874,129.83365726
 04/09  03:00:00,193.75520839400002,137.159183972
 04/09  04:00:00,132.71991099,206.782786355
 04/09  05:00:00,188.698836892,250.979598234
 04/09  06:00:00,294.78552367,321.821358594
 04/09  07:00:00,355.542544477,491.487719702
 04/09  08:00:00,405.81186416300005,647.340933794
 04/09  09:00:00,349.29562556,501.645742406
 04/09  10:00:00,294.875761173,407.023114781
 04/09  11:00:00,302.652803364,338.514601155
 04/09  12:00:00,309.259591835,269.337093166
 04/09  13:00:00,286.438261578,253.968632603
 04/09  14:00:00,288.51621243200003,250.148123327
 04/09  15:00:00,288.223529175,252.95202554
 04/09  16:00:00,317.534087776,236.263825099
 04/09  17:00:00,344.496736806,223.277549275
 04/09  18:00:00,404.9573457,264.092044875
 04/09  19:00:00,410.108306238,307.52696199900004
 04/09  20:00:00,444.14116451,298.49662509
 04/09  21:00:00,415.889417376,308.970216386
 04/09  22:00:00,363.70890688599997,432.349539115
 04/09  23:00:00,276.216502523,277.899023207
 04/09  24:00:00,208.375417936,206.273363837
 04/10  01:00:00,131.569250207,189.07078400700001
 04/10  02:00:00,136.732423519,183.399611213
 04/10  03:00:00,186.59778040400002,164.358942412
 04/10  04:00:00,124.134667814,187.17259136799998
 04/10  05:00:00,217.42761378900002,279.175952505
 04/10  06:00:00,322.378872526,441.20666346
 04/10  07:00:00,388.152541166,694.6044627739999
 04/10  08:00:00,348.235154341,480.250535905
 04/10  09:00:00,314.105418993,387.13414471
 04/10  10:00:00,264.309345912,329.830179046
 04/10  11:00:00,285.062127022,267.63503042599996
 04/10  12:00:00,298.664416341,261.586575072
 04/10  13:00:00,288.850010795,255.13013985799998
 04/10  14:00:00,288.789655467,242.112945726
 04/10  15:00:00,288.70262353,255.72832866
 04/10  16:00:00,317.84539328700004,226.862682093
 04/10  17:00:00,351.985222594,252.039595116
 04/10  18:00:00,404.06181853699997,419.799776815
 04/10  19:00:00,413.47750377,303.521868471
 04/10  20:00:00,452.57928271,300.01846866700004
 04/10  21:00:00,428.22654771699996,436.39898830699997
 04/10  22:00:00,349.055941709,362.48745188199996
 04/10  23:00:00,251.20117984,244.325907998
 04/10  24:00:00,145.211765912,209.326965478
 04/11  01:00:00,148.67767205,175.05451611900003
 04/11  02:00:00,182.338972558,172.17663939599998
 04/11  03:00:00,119.595601555,153.68246392700001
 04/11  04:00:00,189.230827319,173.55845813
 04/11  05:00:00,154.263711971,264.35264393200003
 04/11  06:00:00,345.374278799,431.62487378
 04/11  07:00:00,386.978266594,655.716060158
 04/11  08:00:00,335.490256903,539.558427831
 04/11  09:00:00,309.860096973,415.054151006
 04/11  10:00:00,257.405119072,332.69774127700003
 04/11  11:00:00,294.460072622,266.619022974
 04/11  12:00:00,299.442288635,265.779419503
 04/11  13:00:00,289.22961966099996,250.195193026
 04/11  14:00:00,289.252451925,241.649664097
 04/11  15:00:00,289.34527472,252.84904673900002
 04/11  16:00:00,318.47647919999997,228.55739253299998
 04/11  17:00:00,352.790117695,251.434876488
 04/11  18:00:00,405.062404623,414.270282138
 04/11  19:00:00,413.960566439,301.101638609
 04/11  20:00:00,452.22172905199994,304.08740014299997
 04/11  21:00:00,427.645889914,419.576052498
 04/11  22:00:00,363.22403528,316.879613254
 04/11  23:00:00,297.49009272,181.423788644
 04/11  24:00:00,185.789964818,135.457124077
 04/12  01:00:00,163.06345088,105.752533901
 04/12  02:00:00,163.262109386,101.45001632200001
 04/12  03:00:00,178.67113516599997,109.26651228600001
 04/12  04:00:00,174.559974925,139.09257224700002
 04/12  05:00:00,202.469904449,249.055721026
 04/12  06:00:00,338.870952356,432.185340923
 04/12  07:00:00,413.872039121,573.791283321
 04/12  08:00:00,351.35695978,460.803027971
 04/12  09:00:00,308.573299539,399.19753256800004
 04/12  10:00:00,244.02978895099997,352.014431416
 04/12  11:00:00,237.064220212,295.533859914
 04/12  12:00:00,235.45544817099997,288.885152642
 04/12  13:00:00,226.019810567,287.53279097
 04/12  14:00:00,228.601443301,268.135935323
 04/12  15:00:00,245.07946537,270.26562349799997
 04/12  16:00:00,283.918869075,239.26861486
 04/12  17:00:00,333.349142384,267.336258171
 04/12  18:00:00,402.992873042,427.18055893900004
 04/12  19:00:00,415.89319089199995,315.635337414
 04/12  20:00:00,454.63193503599996,305.716426314
 04/12  21:00:00,429.78075168699996,428.316881847
 04/12  22:00:00,360.09272304300003,332.030467467
 04/12  23:00:00,262.901427409,201.18773995700002
 04/12  24:00:00,138.047161031,154.250472242
 04/13  01:00:00,180.609817188,123.749050181
 04/13  02:00:00,141.991831187,116.599877082
 04/13  03:00:00,154.428879618,124.99257662
 04/13  04:00:00,180.874441075,155.63419027
 04/13  05:00:00,208.85949074,254.219771883
 04/13  06:00:00,318.66311895900003,421.844207728
 04/13  07:00:00,414.504005268,565.295009106
 04/13  08:00:00,356.378601913,446.69979919800005
 04/13  09:00:00,321.701301729,384.905412281
 04/13  10:00:00,270.09657973099996,338.675972909
 04/13  11:00:00,277.035297388,268.95195224400004
 04/13  12:00:00,283.636650864,274.557803959
 04/13  13:00:00,278.814644103,259.879414425
 04/13  14:00:00,287.584504107,251.974181996
 04/13  15:00:00,287.92759354599997,257.808781629
 04/13  16:00:00,317.158477288,230.399183843
 04/13  17:00:00,350.331822664,259.63084303200003
 04/13  18:00:00,401.650676446,421.655244648
 04/13  19:00:00,411.830007266,304.818953672
 04/13  20:00:00,450.59496557800003,306.527590692
 04/13  21:00:00,425.158932798,421.956220523
 04/13  22:00:00,360.11999423199995,320.715866999
 04/13  23:00:00,294.38174356900004,187.152969526
 04/13  24:00:00,172.49539608400002,134.302358653
 04/14  01:00:00,147.794308914,97.82234948610001
 04/14  02:00:00,180.721800463,104.202011465
 04/14  03:00:00,136.695025062,97.9115261795
 04/14  04:00:00,166.901410323,133.68133350600002
 04/14  05:00:00,221.604879764,233.752498993
 04/14  06:00:00,348.033290501,401.77335513400004
 04/14  07:00:00,410.12212914,550.710789706
 04/14  08:00:00,369.104248804,433.50777835300005
 04/14  09:00:00,343.318755338,368.302180769
 04/14  10:00:00,298.777814282,329.897809815
 04/14  11:00:00,299.450234706,269.71462236900004
 04/14  12:00:00,298.531776884,269.535178492
 04/14  13:00:00,289.294657895,268.61902568
 04/14  14:00:00,272.505413217,254.200290039
 04/14  15:00:00,280.44877582,268.55544070900004
 04/14  16:00:00,301.391854426,249.779417183
 04/14  17:00:00,335.821877693,283.715880858
 04/14  18:00:00,398.99612461,448.64635807199994
 04/14  19:00:00,401.641968241,376.75876770699995
 04/14  20:00:00,438.188766003,396.897850849
 04/14  21:00:00,423.217420545,548.876210884
 04/14  22:00:00,338.454731355,492.284257557
 04/14  23:00:00,243.758179413,352.626029505
 04/14  24:00:00,140.656588943,213.07531056099998
 04/15  01:00:00,154.997656947,156.989715739
 04/15  02:00:00,141.655590654,149.444475934
 04/15  03:00:00,187.19657800599998,135.349468915
 04/15  04:00:00,122.73078112600001,167.489494444
 04/15  05:00:00,199.590406716,198.753907717
 04/15  06:00:00,283.352948782,266.204751306
 04/15  07:00:00,313.710765734,501.03469150800004
 04/15  08:00:00,384.958372125,689.9379247989999
 04/15  09:00:00,337.481833855,571.672468169
 04/15  10:00:00,262.384817402,486.149968864
 04/15  11:00:00,245.347127069,425.903040739
 04/15  12:00:00,243.214072703,344.11191081699997
 04/15  13:00:00,237.11849283700002,331.33087375
 04/15  14:00:00,236.67548080400002,314.09158367
 04/15  15:00:00,230.238501807,338.039001945
 04/15  16:00:00,257.76611369200003,325.419254477
 04/15  17:00:00,291.783327672,293.82750314599997
 04/15  18:00:00,372.309571417,323.341710538
 04/15  19:00:00,381.139131129,372.82759707
 04/15  20:00:00,408.020455188,417.126576346
 04/15  21:00:00,399.969171095,460.238481696
 04/15  22:00:00,340.475426809,586.874541722
 04/15  23:00:00,245.364426094,423.13599963800004
 04/15  24:00:00,142.18563155799998,196.967226452
 04/16  01:00:00,159.674521643,151.254945535
 04/16  02:00:00,144.216702285,135.194226436
 04/16  03:00:00,145.425633121,132.852637548
 04/16  04:00:00,155.02373795100002,150.588737178
 04/16  05:00:00,170.17074848,192.15875936900002
 04/16  06:00:00,306.724315446,270.024231406
 04/16  07:00:00,324.86518594,481.920327662
 04/16  08:00:00,376.549683911,662.822764571
 04/16  09:00:00,325.166524432,543.5260327330001
 04/16  10:00:00,259.27667232,461.221345213
 04/16  11:00:00,247.718818169,378.12750163
 04/16  12:00:00,245.22572657400002,296.143666367
 04/16  13:00:00,231.02834251,278.742096286
 04/16  14:00:00,242.189187127,258.809404917
 04/16  15:00:00,257.800504221,261.432753361
 04/16  16:00:00,302.397659031,233.53579706
 04/16  17:00:00,342.230051828,224.673490231
 04/16  18:00:00,405.57883966300005,258.574614946
 04/16  19:00:00,409.936184299,311.993610601
 04/16  20:00:00,431.36036710800005,346.897608306
 04/16  21:00:00,398.319231059,378.25124246400003
 04/16  22:00:00,339.07442125299997,490.66439320800004
 04/16  23:00:00,250.049866744,358.95899393
 04/16  24:00:00,152.034143499,246.385649392
 04/17  01:00:00,140.027062346,184.589340885
 04/17  02:00:00,134.398989884,158.59847739399999
 04/17  03:00:00,135.232152406,148.742004981
 04/17  04:00:00,144.286948715,161.992869022
 04/17  05:00:00,192.524128572,260.98416205
 04/17  06:00:00,355.76024466300004,426.45545414599997
 04/17  07:00:00,364.810669538,695.5559738060001
 04/17  08:00:00,328.993892854,608.560205836
 04/17  09:00:00,299.01636502,471.900251655
 04/17  10:00:00,237.70169143099997,365.82745203800005
 04/17  11:00:00,231.504860537,283.566314191
 04/17  12:00:00,235.018452692,275.213041075
 04/17  13:00:00,249.085940904,258.09217128299997
 04/17  14:00:00,280.079106357,239.62810439
 04/17  15:00:00,289.47583879,251.282983342
 04/17  16:00:00,318.192662564,226.06144796400002
 04/17  17:00:00,351.897051701,252.546366572
 04/17  18:00:00,404.130226905,408.68990016
 04/17  19:00:00,413.79389020599996,302.235092248
 04/17  20:00:00,451.500643251,315.781676057
 04/17  21:00:00,427.434875675,438.52301547699994
 04/17  22:00:00,343.47734037,345.569866363
 04/17  23:00:00,245.533258799,228.526530664
 04/17  24:00:00,142.430104935,194.627737678
 04/18  01:00:00,146.796755154,158.42230516700002
 04/18  02:00:00,153.911953122,158.453604476
 04/18  03:00:00,154.774722802,157.237456699
 04/18  04:00:00,130.174368725,184.06441136700002
 04/18  05:00:00,199.734885416,269.15045887
 04/18  06:00:00,331.793751301,425.08173413099996
 04/18  07:00:00,385.263201429,678.598436878
 04/18  08:00:00,332.874854603,503.303306709
 04/18  09:00:00,307.36241489,395.63728435699994
 04/18  10:00:00,259.442366503,326.198180115
 04/18  11:00:00,296.18349584599997,265.14968804299997
 04/18  12:00:00,299.557413565,259.898609368
 04/18  13:00:00,289.501093628,250.203374897
 04/18  14:00:00,289.482570338,237.826103175
 04/18  15:00:00,289.363432445,247.20974189400002
 04/18  16:00:00,318.400796719,224.96528713400002
 04/18  17:00:00,352.19024052099996,251.169076732
 04/18  18:00:00,404.004367711,406.896381601
 04/18  19:00:00,410.90817076699994,295.910434344
 04/18  20:00:00,452.287047402,295.2838127
 04/18  21:00:00,430.372602588,414.960645584
 04/18  22:00:00,358.316105244,315.282338282
 04/18  23:00:00,278.521439503,192.623622243
 04/18  24:00:00,183.189192514,158.400827723
 04/19  01:00:00,140.903928806,125.012031596
 04/19  02:00:00,176.857824513,144.742920196
 04/19  03:00:00,140.44757010799998,163.684582304
 04/19  04:00:00,161.992721646,190.196910357
 04/19  05:00:00,210.61772722700002,281.35561983
 04/19  06:00:00,321.721834603,436.43587387900004
 04/19  07:00:00,401.301043811,631.0588489859999
 04/19  08:00:00,349.106843521,485.762042065
 04/19  09:00:00,316.521943387,384.988389166
 04/19  10:00:00,285.298756338,325.886410827
 04/19  11:00:00,301.364682921,259.24250687
 04/19  12:00:00,301.431879823,258.67046617200003
 04/19  13:00:00,290.464373522,249.97799563799998
 04/19  14:00:00,288.878692231,241.509349103
 04/19  15:00:00,289.002418654,250.03575337900003
 04/19  16:00:00,318.112585105,224.873478519
 04/19  17:00:00,352.448810435,244.10553560000002
 04/19  18:00:00,404.305945722,406.373372041
 04/19  19:00:00,411.53451002,296.79254889
 04/19  20:00:00,452.95557167,295.27595867599996
 04/19  21:00:00,428.228261889,412.283693182
 04/19  22:00:00,363.008868903,311.23635051
 04/19  23:00:00,288.925062402,185.94558918599998
 04/19  24:00:00,184.51716913799999,146.148090698
 04/20  01:00:00,142.204798346,121.997517356
 04/20  02:00:00,176.741206322,142.83513782100002
 04/20  03:00:00,158.77851558,157.868505076
 04/20  04:00:00,143.872885893,192.962743413
 04/20  05:00:00,198.670794763,283.255370642
 04/20  06:00:00,336.120709391,448.193609439
 04/20  07:00:00,401.056291239,638.881971262
 04/20  08:00:00,352.246104951,478.99098057300006
 04/20  09:00:00,324.98067726,379.220918759
 04/20  10:00:00,299.577074112,317.661879297
 04/20  11:00:00,301.232681307,258.83449098200003
 04/20  12:00:00,301.27549036799996,258.35722780099996
 04/20  13:00:00,291.964499115,249.69980912900002
 04/20  14:00:00,289.234759423,241.069612168
 04/20  15:00:00,289.170057065,248.631711266
 04/20  16:00:00,317.21063035,218.573995642
 04/20  17:00:00,353.465438843,250.415078662
 04/20  18:00:00,406.093380324,405.18734633599996
 04/20  19:00:00,413.58809172699995,294.837646832
 04/20  20:00:00,454.363843219,294.187860908
 04/20  21:00:00,429.45451955199997,408.10122777699996
 04/20  22:00:00,362.04473199800003,331.252975315
 04/20  23:00:00,260.949318172,212.096609277
 04/20  24:00:00,182.265884108,200.91406852900002
 04/21  01:00:00,138.324007262,165.423227359
 04/21  02:00:00,184.52816882599998,155.754616566
 04/21  03:00:00,117.725741266,149.352609497
 04/21  04:00:00,181.411552901,176.395982078
 04/21  05:00:00,193.472658005,258.954132831
 04/21  06:00:00,328.218308218,422.723508186
 04/21  07:00:00,411.094470371,608.9105193290001
 04/21  08:00:00,348.54266039699996,479.81547739
 04/21  09:00:00,307.957181676,397.26940710699995
 04/21  10:00:00,254.258278993,336.269027857
 04/21  11:00:00,295.472221282,259.570246392
 04/21  12:00:00,301.217467664,258.4821656
 04/21  13:00:00,290.90553720099996,249.835510478
 04/21  14:00:00,291.529698074,234.49180168200002
 04/21  15:00:00,291.25646829,249.663440494
 04/21  16:00:00,320.47366378,224.57782498900002
 04/21  17:00:00,354.573732217,243.684382125
 04/21  18:00:00,406.80046953199997,404.960685181
 04/21  19:00:00,413.363086057,294.861636853
 04/21  20:00:00,454.67463014199996,294.151990178
 04/21  21:00:00,429.71893311300005,405.165632676
 04/21  22:00:00,365.044598717,320.153880718
 04/21  23:00:00,273.132718535,190.690213151
 04/21  24:00:00,193.004168846,173.776693196
 04/22  01:00:00,144.737972789,161.491637534
 04/22  02:00:00,183.74915306,155.245376744
 04/22  03:00:00,118.394517007,154.32479923399998
 04/22  04:00:00,183.18334741900003,179.549955603
 04/22  05:00:00,138.55460793700001,215.604664242
 04/22  06:00:00,307.603688219,273.00871042299997
 04/22  07:00:00,332.835219566,478.89292024199995
 04/22  08:00:00,407.29629311599996,595.524679701
 04/22  09:00:00,365.015560718,452.947680419
 04/22  10:00:00,312.016834637,376.482991481
 04/22  11:00:00,303.960813126,320.53732455
 04/22  12:00:00,303.69271064099996,258.191495149
 04/22  13:00:00,294.207706036,249.52848470700002
 04/22  14:00:00,294.546689104,240.901536799
 04/22  15:00:00,294.979577375,249.34277195400003
 04/22  16:00:00,324.418107089,226.33494905
 04/22  17:00:00,351.750997096,218.232593995
 04/22  18:00:00,416.59671428400003,251.277095625
 04/22  19:00:00,409.774726708,294.180430057
 04/22  20:00:00,435.789260735,288.680922064
 04/22  21:00:00,424.11437349199997,284.58041481099997
 04/22  22:00:00,374.30851282599997,398.622826985
 04/22  23:00:00,300.883217243,246.125350433
 04/22  24:00:00,199.387231093,146.919580268
 04/23  01:00:00,169.943871848,140.865384976
 04/23  02:00:00,162.089709709,159.47405078399999
 04/23  03:00:00,186.72516388900002,149.412944813
 04/23  04:00:00,156.892683146,172.418715835
 04/23  05:00:00,165.805361653,211.238434778
 04/23  06:00:00,304.98313739599996,278.824955912
 04/23  07:00:00,352.08609201300004,441.863105981
 04/23  08:00:00,407.89938902,585.814123476
 04/23  09:00:00,355.80321413900003,453.93410959199997
 04/23  10:00:00,314.438774315,378.38443196099996
 04/23  11:00:00,312.163856933,313.580241636
 04/23  12:00:00,311.882275708,256.589774278
 04/23  13:00:00,293.208282963,248.949612778
 04/23  14:00:00,293.69305666900004,236.79859228599997
 04/23  15:00:00,292.323828629,245.363837413
 04/23  16:00:00,321.070006238,225.816770408
 04/23  17:00:00,348.41725782099996,215.334859258
 04/23  18:00:00,409.915884296,246.711760318
 04/23  19:00:00,411.70337659800003,292.962542
 04/23  20:00:00,447.38006946699994,284.840274912
 04/23  21:00:00,417.957419261,285.411158346
 04/23  22:00:00,365.26203726,394.292222233
 04/23  23:00:00,302.543628775,234.357045999
 04/23  24:00:00,214.337358538,133.33542623600002
 04/24  01:00:00,178.320824694,102.428692984
 04/24  02:00:00,181.11229754400003,112.687640594
 04/24  03:00:00,161.254822022,123.403610427
 04/24  04:00:00,149.468045918,164.89576691
 04/24  05:00:00,210.367357716,264.920522348
 04/24  06:00:00,338.379659315,428.095611075
 04/24  07:00:00,411.34731473,566.9645015980001
 04/24  08:00:00,369.85446884,442.251967482
 04/24  09:00:00,346.63090863900004,357.698370894
 04/24  10:00:00,299.189429861,316.570660497
 04/24  11:00:00,301.643758333,258.502563211
 04/24  12:00:00,301.357476982,252.948438595
 04/24  13:00:00,291.91072805700003,247.47920690700002
 04/24  14:00:00,291.811582905,236.81902822799998
 04/24  15:00:00,292.452753243,245.62325064200002
 04/24  16:00:00,320.553834262,222.79900289900002
 04/24  17:00:00,355.431932787,244.70440354099998
 04/24  18:00:00,407.330515895,395.18885540699995
 04/24  19:00:00,414.30202853300005,292.384965743
 04/24  20:00:00,456.08967099,293.357964536
 04/24  21:00:00,430.593088956,401.473840131
 04/24  22:00:00,365.198916845,303.305571368
 04/24  23:00:00,299.0350305,179.142551172
 04/24  24:00:00,211.21213406,126.62973492
 04/25  01:00:00,197.03710101,97.5355580951
 04/25  02:00:00,188.326411918,97.6066228415
 04/25  03:00:00,192.09494622900002,97.6865701149
 04/25  04:00:00,173.420345282,126.68338803399999
 04/25  05:00:00,209.47774223,224.085477108
 04/25  06:00:00,342.534137809,387.100185118
 04/25  07:00:00,414.388639475,527.92543988
 04/25  08:00:00,373.413302303,420.44779788
 04/25  09:00:00,344.23426918800004,355.090570192
 04/25  10:00:00,295.589822552,317.343947801
 04/25  11:00:00,296.647487516,257.794162785
 04/25  12:00:00,297.300442671,259.41875940200003
 04/25  13:00:00,289.104130197,247.961570473
 04/25  14:00:00,291.34958427,238.28001417099998
 04/25  15:00:00,290.62962543599997,243.799778147
 04/25  16:00:00,317.326278072,225.28749676799998
 04/25  17:00:00,352.01312248,245.05735298599998
 04/25  18:00:00,403.96460310699996,399.35450894400003
 04/25  19:00:00,410.068247019,291.74507052
 04/25  20:00:00,452.63241548199994,294.949592475
 04/25  21:00:00,427.720589796,402.65239277
 04/25  22:00:00,362.756597567,306.21647248700003
 04/25  23:00:00,297.049099123,176.829567647
 04/25  24:00:00,196.75017162,129.773730002
 04/26  01:00:00,191.67888185299998,100.68842820399999
 04/26  02:00:00,167.13122687799998,109.097606774
 04/26  03:00:00,166.128547716,111.546647891
 04/26  04:00:00,182.27938904400003,139.926477005
 04/26  05:00:00,196.78837080000002,236.91999759900003
 04/26  06:00:00,325.415350945,399.10256697
 04/26  07:00:00,411.85802407,538.468025266
 04/26  08:00:00,370.612506638,432.859368628
 04/26  09:00:00,341.336503412,355.469377852
 04/26  10:00:00,290.479149173,316.381312536
 04/26  11:00:00,293.104132312,261.552749486
 04/26  12:00:00,293.46571602299997,261.347437036
 04/26  13:00:00,283.760725876,245.903345467
 04/26  14:00:00,286.192719979,242.027265366
 04/26  15:00:00,288.05369579,247.64315670599998
 04/26  16:00:00,316.085255401,219.35004190700002
 04/26  17:00:00,350.399766301,246.579203107
 04/26  18:00:00,403.142401175,405.855054905
 04/26  19:00:00,409.720489236,288.563612894
 04/26  20:00:00,449.804919456,295.679181342
 04/26  21:00:00,424.638257695,402.968892023
 04/26  22:00:00,361.00084607199994,307.95532602599997
 04/26  23:00:00,295.085728933,179.31933364900001
 04/26  24:00:00,201.80387843900002,126.516668709
 04/27  01:00:00,197.06869767,97.4917982133
 04/27  02:00:00,171.571229774,97.97352139270001
 04/27  03:00:00,178.868616577,97.5357017155
 04/27  04:00:00,169.538267364,126.63931281299999
 04/27  05:00:00,204.804549919,223.808493763
 04/27  06:00:00,336.369217656,385.765334431
 04/27  07:00:00,410.99309418,528.661027195
 04/27  08:00:00,370.325066849,416.56636652599997
 04/27  09:00:00,343.851120925,360.9113891
 04/27  10:00:00,297.81278341,319.066648741
 04/27  11:00:00,299.279998203,256.896619179
 04/27  12:00:00,298.957225704,263.102194273
 04/27  13:00:00,288.633749622,247.32170765900003
 04/27  14:00:00,289.936748811,242.35776000099997
 04/27  15:00:00,289.569168348,249.26865076099998
 04/27  16:00:00,317.34204491599996,220.144286712
 04/27  17:00:00,350.92532195300004,247.746711955
 04/27  18:00:00,402.613184586,405.004569343
 04/27  19:00:00,410.86804540800006,324.21276066
 04/27  20:00:00,453.369720756,346.29042963
 04/27  21:00:00,428.585974826,484.46376565300005
 04/27  22:00:00,354.52668326400004,403.11499837
 04/27  23:00:00,257.096188354,280.782823787
 04/27  24:00:00,136.99512129200002,233.837634606
 04/28  01:00:00,157.976504252,174.415676834
 04/28  02:00:00,156.020145413,166.898115252
 04/28  03:00:00,178.236570603,154.672784398
 04/28  04:00:00,124.229890734,172.387374553
 04/28  05:00:00,208.82938870900003,260.958835653
 04/28  06:00:00,333.109522991,417.113362494
 04/28  07:00:00,405.30444144,566.9224358069999
 04/28  08:00:00,353.64270134699996,457.571990771
 04/28  09:00:00,316.037701507,390.72831567699996
 04/28  10:00:00,252.448255443,335.355047771
 04/28  11:00:00,249.137830695,270.364852811
 04/28  12:00:00,269.942102135,262.22357594700003
 04/28  13:00:00,278.007315911,246.26134038900003
 04/28  14:00:00,286.803621775,235.113807994
 04/28  15:00:00,288.857928394,243.073491631
 04/28  16:00:00,317.621636945,224.96208203400002
 04/28  17:00:00,350.762879489,244.096467078
 04/28  18:00:00,401.857920539,396.06130612
 04/28  19:00:00,411.59613098,296.834491515
 04/28  20:00:00,454.903293186,312.961735021
 04/28  21:00:00,430.16069972400004,425.007670053
 04/28  22:00:00,350.993918732,329.249745903
 04/28  23:00:00,251.337764478,228.46187638400002
 04/28  24:00:00,137.729094855,198.407575105
 04/29  01:00:00,156.312118409,151.601551274
 04/29  02:00:00,176.109593657,147.721882419
 04/29  03:00:00,122.259939129,146.349975333
 04/29  04:00:00,180.548385604,169.50165358200002
 04/29  05:00:00,156.48549007399998,196.993022446
 04/29  06:00:00,310.655038523,259.90762374900004
 04/29  07:00:00,327.78971603900004,442.044724842
 04/29  08:00:00,399.90955036800005,603.791435983
 04/29  09:00:00,343.303576386,488.766803955
 04/29  10:00:00,268.341504831,415.298197267
 04/29  11:00:00,255.73195831299998,343.97409394199997
 04/29  12:00:00,248.789395636,295.085773669
 04/29  13:00:00,232.03301038900003,317.222699478
 04/29  14:00:00,238.82424413099997,284.779660007
 04/29  15:00:00,243.252269736,280.57394576
 04/29  16:00:00,277.801210667,241.684844361
 04/29  17:00:00,305.935468382,236.940936067
 04/29  18:00:00,377.063674934,267.568855462
 04/29  19:00:00,384.798726989,320.82453088299997
 04/29  20:00:00,419.385787367,337.770816096
 04/29  21:00:00,408.39524847300004,354.180490351
 04/29  22:00:00,347.158417887,474.43325362300004
 04/29  23:00:00,252.026788456,339.18785204200003
 04/29  24:00:00,143.575092477,207.10853543
 04/30  01:00:00,164.627673098,160.943346919
 04/30  02:00:00,151.002894225,148.091340892
 04/30  03:00:00,152.568547213,138.601035086
 04/30  04:00:00,162.065062533,160.309299316
 04/30  05:00:00,175.63992268200002,193.69578401
 04/30  06:00:00,303.26182905900004,262.099524727
 04/30  07:00:00,328.32147678900003,449.920322794
 04/30  08:00:00,392.704653904,592.262716091
 04/30  09:00:00,342.090132088,469.991218403
 04/30  10:00:00,276.805587942,399.460193569
 04/30  11:00:00,262.966063281,332.697081735
 04/30  12:00:00,264.41521346,265.072827293
 04/30  13:00:00,258.810661249,248.72165525900002
 04/30  14:00:00,285.240140063,235.298740061
 04/30  15:00:00,288.843558386,244.984323958
 04/30  16:00:00,318.197160154,226.460354735
 04/30  17:00:00,345.037072463,213.89034484099997
 04/30  18:00:00,405.652806058,246.689892318
 04/30  19:00:00,408.45415206300004,287.54025951
 04/30  20:00:00,444.939330184,292.942143537
 04/30  21:00:00,415.561671309,301.16702036099997
 04/30  22:00:00,350.479325843,430.34748659699994
 04/30  23:00:00,260.674154294,282.660099653
 04/30  24:00:00,156.09041736700001,194.43928124099997
 05/01  01:00:00,148.623472594,162.125086755
 05/01  02:00:00,143.413012052,156.273340471
 05/01  03:00:00,170.676060641,144.0107051
 05/01  04:00:00,145.427015504,173.089272736
 05/01  05:00:00,191.412800851,263.248838581
 05/01  06:00:00,333.519975714,409.08969685
 05/01  07:00:00,397.80375169900003,580.962167817
 05/01  08:00:00,350.75505765800006,440.93275842199995
 05/01  09:00:00,331.650899855,360.888777273
 05/01  10:00:00,300.92173807,307.631136355
 05/01  11:00:00,301.667003748,257.453515152
 05/01  12:00:00,301.74115638,250.096996014
 05/01  13:00:00,291.754736999,241.478458258
 05/01  14:00:00,290.860167509,233.018711878
 05/01  15:00:00,291.092267992,241.308947159
 05/01  16:00:00,320.365046546,217.099260378
 05/01  17:00:00,354.643587505,241.68873239299998
 05/01  18:00:00,406.02365631099997,390.055425705
 05/01  19:00:00,412.41314054199995,284.81296346799996
 05/01  20:00:00,451.22662413,284.000791453
 05/01  21:00:00,429.23871649800003,396.76023960000003
 05/01  22:00:00,363.858746801,299.349780264
 05/01  23:00:00,284.467366456,177.70257685099998
 05/01  24:00:00,182.79128466400002,138.460519
 05/02  01:00:00,138.30602171700002,110.693619499
 05/02  02:00:00,172.791888324,104.04469572
 05/02  03:00:00,175.77148587099998,109.949322674
 05/02  04:00:00,182.90403256099998,138.491504177
 05/02  05:00:00,199.949796262,230.44093782
 05/02  06:00:00,314.815166995,395.483805333
 05/02  07:00:00,413.85732846900004,518.775924339
 05/02  08:00:00,372.658124994,416.612842367
 05/02  09:00:00,344.94513289699995,356.19925655699996
 05/02  10:00:00,296.921042062,307.949504965
 05/02  11:00:00,297.359197961,259.356123422
 05/02  12:00:00,295.907213362,251.70636511700002
 05/02  13:00:00,286.750256794,243.01407470799998
 05/02  14:00:00,287.88450785599997,235.394146882
 05/02  15:00:00,287.740749024,243.69243944
 05/02  16:00:00,316.865223136,218.25318656099998
 05/02  17:00:00,351.31081369699996,243.839157218
 05/02  18:00:00,403.14586838199995,391.352538667
 05/02  19:00:00,409.38796803900004,294.46501143
 05/02  20:00:00,448.32638105300003,294.980111888
 05/02  21:00:00,426.945703579,396.935023105
 05/02  22:00:00,362.211743751,309.64916329700003
 05/02  23:00:00,296.524150052,182.33911619900002
 05/02  24:00:00,171.187804674,135.998072579
 05/03  01:00:00,146.73940203200002,113.729914315
 05/03  02:00:00,161.255625308,110.71272828
 05/03  03:00:00,135.58107166899998,118.90194440200001
 05/03  04:00:00,178.034829515,146.80816616299998
 05/03  05:00:00,207.300286958,234.977442932
 05/03  06:00:00,331.270974652,397.707550764
 05/03  07:00:00,414.415624721,522.080017088
 05/03  08:00:00,369.656348718,418.95716878400003
 05/03  09:00:00,341.597525689,356.127046935
 05/03  10:00:00,298.86123802599997,311.07842606099996
 05/03  11:00:00,300.144972587,251.93572404900002
 05/03  12:00:00,299.990800045,254.10544637700002
 05/03  13:00:00,290.082735835,242.105491546
 05/03  14:00:00,290.159724011,232.395723063
 05/03  15:00:00,290.051267741,242.452044135
 05/03  16:00:00,318.887074338,217.07773065700002
 05/03  17:00:00,352.53471173599996,242.56196482200002
 05/03  18:00:00,404.55110086900004,389.127002009
 05/03  19:00:00,412.10279229400004,286.850147579
 05/03  20:00:00,451.205272205,293.57063918
 05/03  21:00:00,430.140541831,416.834156719
 05/03  22:00:00,353.19220000300004,333.298753834
 05/03  23:00:00,253.62883303099997,236.55906634099998
 05/03  24:00:00,135.816810155,209.534465685
 05/04  01:00:00,142.215384964,176.32116529599998
 05/04  02:00:00,175.060134025,164.592620844
 05/04  03:00:00,119.73923976,148.956310906
 05/04  04:00:00,180.23489662400002,176.992231492
 05/04  05:00:00,172.19319737200001,253.441461143
 05/04  06:00:00,345.39502986800005,410.757751312
 05/04  07:00:00,387.96370983300005,643.923936142
 05/04  08:00:00,349.351938129,473.59682364599996
 05/04  09:00:00,314.042057828,372.03516696300005
 05/04  10:00:00,260.122323893,317.761778354
 05/04  11:00:00,283.74573021599997,249.91048711599998
 05/04  12:00:00,299.767962915,249.02797294299998
 05/04  13:00:00,289.631973725,240.295063763
 05/04  14:00:00,289.814674679,231.743619715
 05/04  15:00:00,289.661753273,239.938554166
 05/04  16:00:00,317.526758561,215.891649931
 05/04  17:00:00,353.53250753,232.98215834400003
 05/04  18:00:00,405.62469528699995,387.06496845099997
 05/04  19:00:00,412.599300549,282.849024082
 05/04  20:00:00,451.55693668,284.800161178
 05/04  21:00:00,430.39788478099996,404.504777448
 05/04  22:00:00,351.810091745,324.792933797
 05/04  23:00:00,252.527967224,222.50161345799998
 05/04  24:00:00,192.066420338,190.11764153200002
 05/05  01:00:00,130.000647169,151.756965358
 05/05  02:00:00,146.672162584,151.086714159
 05/05  03:00:00,154.127712431,134.87303507
 05/05  04:00:00,165.203256039,165.885480329
 05/05  05:00:00,172.34730845200002,250.587947603
 05/05  06:00:00,335.775100114,400.08215460400004
 05/05  07:00:00,398.729494405,586.933889176
 05/05  08:00:00,354.135844777,436.056074052
 05/05  09:00:00,331.718876735,353.161860239
 05/05  10:00:00,300.28961227,303.73132319900003
 05/05  11:00:00,301.724546969,248.68789434200002
 05/05  12:00:00,301.264265049,248.286119449
 05/05  13:00:00,292.083663201,239.63609665200002
 05/05  14:00:00,292.118320543,231.018650857
 05/05  15:00:00,291.735220885,232.458913319
 05/05  16:00:00,320.41288562,215.58916855900003
 05/05  17:00:00,354.021024366,239.27886675599999
 05/05  18:00:00,405.889137025,380.261351525
 05/05  19:00:00,412.521351956,279.635934627
 05/05  20:00:00,450.65495801099996,281.672012068
 05/05  21:00:00,428.819047075,387.230597501
 05/05  22:00:00,364.28547514800005,300.244669906
 05/05  23:00:00,274.268516966,177.76199244900002
 05/05  24:00:00,182.48327871,158.13189350000002
 05/06  01:00:00,149.06719975200002,141.987182123
 05/06  02:00:00,172.262704895,148.861488302
 05/06  03:00:00,158.898760461,147.29642540700002
 05/06  04:00:00,142.71515784,163.49135953
 05/06  05:00:00,194.772547001,200.79248960799998
 05/06  06:00:00,282.389881833,255.61084937799998
 05/06  07:00:00,334.83510776400004,436.788096351
 05/06  08:00:00,406.798413861,565.6188103659999
 05/06  09:00:00,364.126968916,428.68492192800005
 05/06  10:00:00,312.011837826,363.539584157
 05/06  11:00:00,305.341015873,310.396333196
 05/06  12:00:00,305.58684483400003,248.55572602799998
 05/06  13:00:00,296.544872594,239.950154048
 05/06  14:00:00,296.78968314900004,231.419907765
 05/06  15:00:00,296.22356598,239.753735396
 05/06  16:00:00,323.849096835,217.411620123
 05/06  17:00:00,351.71344370199995,208.329532169
 05/06  18:00:00,417.442344926,240.68324984900002
 05/06  19:00:00,410.553288323,274.296697685
 05/06  20:00:00,433.331649632,281.842079135
 05/06  21:00:00,425.059492609,274.119557371
 05/06  22:00:00,373.317484102,376.326942761
 05/06  23:00:00,300.41770892799997,228.105833222
 05/06  24:00:00,197.63564556,139.735386394
 05/07  01:00:00,166.483374595,114.964248163
 05/07  02:00:00,181.87740937799998,124.20534825
 05/07  03:00:00,141.749830791,125.81950682799999
 05/07  04:00:00,185.622539613,141.05110158
 05/07  05:00:00,168.040574701,183.126124534
 05/07  06:00:00,295.222594115,269.838865652
 05/07  07:00:00,357.946990752,405.707012118
 05/07  08:00:00,408.255384101,547.734572059
 05/07  09:00:00,353.668752587,433.797424673
 05/07  10:00:00,309.860091752,363.112591328
 05/07  11:00:00,306.530293793,303.351827655
 05/07  12:00:00,306.398769797,247.420740315
 05/07  13:00:00,288.754748427,239.892316677
 05/07  14:00:00,289.481538367,224.49690691700002
 05/07  15:00:00,289.88753415400004,239.75386994599998
 05/07  16:00:00,318.628763837,217.86347362900003
 05/07  17:00:00,345.102666114,209.367626665
 05/07  18:00:00,406.32810806,234.99027414
 05/07  19:00:00,408.519307828,281.373708979
 05/07  20:00:00,441.922839918,274.280369755
 05/07  21:00:00,416.613955603,267.303797105
 05/07  22:00:00,363.872458133,376.784923541
 05/07  23:00:00,301.404370661,223.084700437
 05/07  24:00:00,204.43159571299998,126.00217127399999
 05/08  01:00:00,192.77586425599998,90.8312879174
 05/08  02:00:00,141.577642622,97.70313258120001
 05/08  03:00:00,166.596460969,97.17189866790001
 05/08  04:00:00,171.487987206,131.50261309299998
 05/08  05:00:00,208.64904150200002,233.571826276
 05/08  06:00:00,337.166028235,392.03832018099996
 05/08  07:00:00,413.78046632,529.99750197
 05/08  08:00:00,358.00326167300005,424.168158437
 05/08  09:00:00,319.196843336,366.559166001
 05/08  10:00:00,267.547859842,316.574666009
 05/08  11:00:00,265.651580172,262.646746445
 05/08  12:00:00,255.970620144,264.960284342
 05/08  13:00:00,244.17962657900003,259.37293353900003
 05/08  14:00:00,241.47356712299998,246.28363654700001
 05/08  15:00:00,235.817613195,268.379996504
 05/08  16:00:00,262.817429741,243.324163645
 05/08  17:00:00,307.583723554,267.581979004
 05/08  18:00:00,383.619242185,417.835111325
 05/08  19:00:00,395.3051838,310.756296593
 05/08  20:00:00,438.190840743,319.45260294900004
 05/08  21:00:00,426.38561322099997,431.59040629300006
 05/08  22:00:00,345.818208126,344.72236702199996
 05/08  23:00:00,249.792181553,218.443760976
 05/08  24:00:00,137.195357807,178.40831843700002
 05/09  01:00:00,144.39639967600002,136.120820896
 05/09  02:00:00,173.723653519,134.57546721100002
 05/09  03:00:00,137.04079582399999,131.1320134
 05/09  04:00:00,161.34400348,160.161542875
 05/09  05:00:00,207.968012255,242.875168685
 05/09  06:00:00,325.696484682,396.626555779
 05/09  07:00:00,405.90440439,520.067336351
 05/09  08:00:00,346.56490587400003,432.448363037
 05/09  09:00:00,303.886944417,369.504303945
 05/09  10:00:00,239.802313401,339.809204845
 05/09  11:00:00,233.84960899200001,281.63089484200003
 05/09  12:00:00,233.398420845,277.335766319
 05/09  13:00:00,226.383265696,260.915707552
 05/09  14:00:00,227.55131684,247.073343608
 05/09  15:00:00,228.002748067,258.925377829
 05/09  16:00:00,260.420227068,230.04078572900002
 05/09  17:00:00,307.228565986,251.011768243
 05/09  18:00:00,381.46346057,400.60389537
 05/09  19:00:00,395.306407459,295.995984465
 05/09  20:00:00,438.96475271800006,292.833389248
 05/09  21:00:00,427.55128721,403.176848063
 05/09  22:00:00,347.620991002,306.87353098299997
 05/09  23:00:00,252.60881782200002,186.66838498299998
 05/09  24:00:00,134.657253486,142.24984226799998
 05/10  01:00:00,142.068045141,110.13697197799999
 05/10  02:00:00,169.371907293,109.184540737
 05/10  03:00:00,175.218959315,108.290660719
 05/10  04:00:00,139.524337243,142.358046959
 05/10  05:00:00,191.036663321,225.76379929700002
 05/10  06:00:00,334.689197589,379.681895465
 05/10  07:00:00,413.962351908,508.18998715699996
 05/10  08:00:00,373.366555927,404.120148025
 05/10  09:00:00,346.03721193,349.389998251
 05/10  10:00:00,297.187759026,306.37666811099996
 05/10  11:00:00,297.018600475,250.740092098
 05/10  12:00:00,294.55356233599997,243.13785340200002
 05/10  13:00:00,282.936967905,241.17035713200002
 05/10  14:00:00,282.615986007,225.963084597
 05/10  15:00:00,282.35242739999995,240.24200421
 05/10  16:00:00,311.480245587,211.280477337
 05/10  17:00:00,346.21070027699994,234.226447033
 05/10  18:00:00,398.5052448,377.664634028
 05/10  19:00:00,405.843983801,282.77179693200003
 05/10  20:00:00,445.151809848,274.81509154599996
 05/10  21:00:00,424.24163963,382.59701255699997
 05/10  22:00:00,360.306979769,294.194848317
 05/10  23:00:00,295.76100795,171.91305386
 05/10  24:00:00,190.47863828400003,129.864786775
 05/11  01:00:00,130.429168706,101.15654548299999
 05/11  02:00:00,173.379407019,104.358582496
 05/11  03:00:00,175.48053322599998,100.87532623799999
 05/11  04:00:00,169.380450195,127.393357941
 05/11  05:00:00,198.22055829400003,219.164851423
 05/11  06:00:00,310.582035405,368.943950605
 05/11  07:00:00,409.88674096,499.743711904
 05/11  08:00:00,368.977104846,393.52023128800005
 05/11  09:00:00,340.596327557,344.98133909300003
 05/11  10:00:00,292.50736383,304.124537572
 05/11  11:00:00,294.11996892400003,244.01153902
 05/11  12:00:00,291.269772468,250.420295596
 05/11  13:00:00,280.292681469,234.985363842
 05/11  14:00:00,278.15007136,233.14751172200002
 05/11  15:00:00,277.286594268,234.397024802
 05/11  16:00:00,308.12601944200003,211.024645895
 05/11  17:00:00,345.604411036,232.967870129
 05/11  18:00:00,397.008780736,380.07032928
 05/11  19:00:00,403.524089274,280.401419568
 05/11  20:00:00,442.443699525,275.327818613
 05/11  21:00:00,420.58414836800006,382.30389466699995
 05/11  22:00:00,354.761732628,289.423204128
 05/11  23:00:00,290.31338543,170.031367101
 05/11  24:00:00,197.471407022,119.177384404
 05/12  01:00:00,194.576123983,90.73712550219999
 05/12  02:00:00,179.395978351,90.75340115979999
 05/12  03:00:00,177.90096919099997,90.7731292522
 05/12  04:00:00,171.511143764,119.256408744
 05/12  05:00:00,207.632295005,213.657424047
 05/12  06:00:00,335.212575867,364.82481903
 05/12  07:00:00,407.569589115,494.01901815300005
 05/12  08:00:00,366.130814027,396.203654373
 05/12  09:00:00,336.017135159,341.875152057
 05/12  10:00:00,288.364689004,302.28679784900004
 05/12  11:00:00,291.012677035,246.04160971599998
 05/12  12:00:00,292.546435895,250.73063758
 05/12  13:00:00,284.202583469,235.160541513
 05/12  14:00:00,283.391430476,226.46909522400003
 05/12  15:00:00,280.005766328,237.69117407299998
 05/12  16:00:00,307.178222465,213.214440745
 05/12  17:00:00,342.02534834700003,235.044959349
 05/12  18:00:00,396.53527112,377.355044849
 05/12  19:00:00,407.682193564,277.744943695
 05/12  20:00:00,446.06072132199995,277.513282528
 05/12  21:00:00,423.17066448,384.11939267900004
 05/12  22:00:00,359.764652221,294.344765847
 05/12  23:00:00,295.306975166,177.856803732
 05/12  24:00:00,192.945909104,139.37612967799998
 05/13  01:00:00,197.335420116,117.142010896
 05/13  02:00:00,164.429837358,115.022973566
 05/13  03:00:00,164.212511591,110.79727859299999
 05/13  04:00:00,170.771853,135.135564682
 05/13  05:00:00,193.06684760599998,170.540217796
 05/13  06:00:00,276.970581225,237.327647342
 05/13  07:00:00,367.378477378,386.780158711
 05/13  08:00:00,404.63291830699995,532.86428999
 05/13  09:00:00,356.661222408,425.94492568199996
 05/13  10:00:00,303.58514949799996,357.06259182599996
 05/13  11:00:00,296.460177027,304.826147845
 05/13  12:00:00,298.567697754,249.055576807
 05/13  13:00:00,289.551857172,236.809864738
 05/13  14:00:00,288.34475129099997,232.05937273799998
 05/13  15:00:00,288.835361395,234.728761655
 05/13  16:00:00,316.533042756,218.574050034
 05/13  17:00:00,343.2671625,204.336488125
 05/13  18:00:00,408.24200875699995,235.362060335
 05/13  19:00:00,400.468563945,275.474506888
 05/13  20:00:00,421.40250636,275.615161436
 05/13  21:00:00,417.73069980400004,268.067459512
 05/13  22:00:00,366.141977583,374.86436894599996
 05/13  23:00:00,296.002814386,220.91327377
 05/13  24:00:00,197.32024311400002,121.607421951
 05/14  01:00:00,195.55330947299998,99.9571344681
 05/14  02:00:00,147.547058053,93.2718044735
 05/14  03:00:00,181.41767598200002,96.47007508450001
 05/14  04:00:00,195.59649026,127.10516058600001
 05/14  05:00:00,167.274914045,169.60120587
 05/14  06:00:00,304.989455177,239.500813078
 05/14  07:00:00,376.557997915,394.930396912
 05/14  08:00:00,404.48167066599996,531.487490081
 05/14  09:00:00,346.510496367,422.188107226
 05/14  10:00:00,302.08171032,355.59368911800004
 05/14  11:00:00,298.743304128,302.72254421599996
 05/14  12:00:00,297.773302962,241.502170066
 05/14  13:00:00,282.501010477,241.440947506
 05/14  14:00:00,287.468429643,225.805689887
 05/14  15:00:00,283.495329093,234.05754616099998
 05/14  16:00:00,309.90179941599996,212.45025133299998
 05/14  17:00:00,339.657263677,205.462415467
 05/14  18:00:00,398.466821933,235.99229539799998
 05/14  19:00:00,397.40250343,275.111783882
 05/14  20:00:00,427.77367771400003,274.934119882
 05/14  21:00:00,406.250432878,267.74727155700003
 05/14  22:00:00,353.601174651,366.340205704
 05/14  23:00:00,291.564858085,222.47314689400002
 05/14  24:00:00,214.49269341,123.13646973899999
 05/15  01:00:00,184.417701859,90.8452391221
 05/15  02:00:00,168.057832572,91.80562648600001
 05/15  03:00:00,175.396785067,87.7678987114
 05/15  04:00:00,181.88160982099998,128.25030036200002
 05/15  05:00:00,209.60102461900001,228.584705542
 05/15  06:00:00,335.335841208,370.929338094
 05/15  07:00:00,409.517732706,501.69576727699996
 05/15  08:00:00,367.283183576,393.485278281
 05/15  09:00:00,336.92051592900003,336.264115807
 05/15  10:00:00,286.393954909,295.858201033
 05/15  11:00:00,286.95413808,250.37917627
 05/15  12:00:00,286.21631587,243.220577149
 05/15  13:00:00,277.197747726,234.248556775
 05/15  14:00:00,279.08387499,225.412290163
 05/15  15:00:00,280.294973308,233.246681925
 05/15  16:00:00,309.770841575,209.829309327
 05/15  17:00:00,345.80311934900004,234.57931408099998
 05/15  18:00:00,397.12921935300005,375.197860719
 05/15  19:00:00,403.37833024199995,275.988026985
 05/15  20:00:00,439.34573198699997,271.814636665
 05/15  21:00:00,421.25968676400004,377.17922808199995
 05/15  22:00:00,356.412136767,283.526476765
 05/15  23:00:00,290.132797411,167.362668673
 05/15  24:00:00,201.01927517200002,119.153377534
 05/16  01:00:00,194.963462085,90.80306323280001
 05/16  02:00:00,186.494333055,90.7351877451
 05/16  03:00:00,165.38398411,90.7500263461
 05/16  04:00:00,171.261826918,119.73782647
 05/16  05:00:00,217.546010335,208.576164851
 05/16  06:00:00,336.052724595,364.049327194
 05/16  07:00:00,414.05880223800006,498.99558973300003
 05/16  08:00:00,372.836270359,390.440352529
 05/16  09:00:00,345.281973479,333.45813296299997
 05/16  10:00:00,298.532428047,297.218242201
 05/16  11:00:00,300.386029361,244.407712605
 05/16  12:00:00,300.918800442,249.54872661599998
 05/16  13:00:00,291.765964351,234.73002941599998
 05/16  14:00:00,291.774257623,225.94319959999999
 05/16  15:00:00,291.571167177,233.48857927
 05/16  16:00:00,320.286906557,209.660483042
 05/16  17:00:00,353.419996759,227.94112046
 05/16  18:00:00,402.859120067,375.414902824
 05/16  19:00:00,408.706505166,277.758310091
 05/16  20:00:00,445.35244855800005,280.210214752
 05/16  21:00:00,427.345311607,386.557529414
 05/16  22:00:00,363.449889994,303.317262541
 05/16  23:00:00,295.819634079,189.53284886
 05/16  24:00:00,193.49874584,148.669297101
 05/17  01:00:00,172.53985063099998,123.098436995
 05/17  02:00:00,165.30478739,121.92152532799999
 05/17  03:00:00,164.056197926,125.058278733
 05/17  04:00:00,170.269659908,178.31981812900003
 05/17  05:00:00,199.437194363,268.112508078
 05/17  06:00:00,316.736432433,423.709096462
 05/17  07:00:00,412.05037762300003,528.360325217
 05/17  08:00:00,365.142833321,412.007727115
 05/17  09:00:00,339.941183247,349.04041130400003
 05/17  10:00:00,291.538181918,299.29720192
 05/17  11:00:00,294.54275194900003,246.51352883400003
 05/17  12:00:00,295.258058625,247.750509723
 05/17  13:00:00,289.34212977,233.523738019
 05/17  14:00:00,280.753966687,226.87933276099997
 05/17  15:00:00,255.82723275700002,245.277206537
 05/17  16:00:00,284.79479244,228.689590699
 05/17  17:00:00,339.549070956,236.808863749
 05/17  18:00:00,403.95213115300004,381.307989855
 05/17  19:00:00,411.980571656,283.446293135
 05/17  20:00:00,446.04900695,298.29318648599997
 05/17  21:00:00,428.68385847900004,401.13465892199997
 05/17  22:00:00,354.770600282,304.312980987
 05/17  23:00:00,262.07099313099997,180.49498169
 05/17  24:00:00,137.997171404,146.54283648700002
 05/18  01:00:00,146.31249686299998,119.2592287
 05/18  02:00:00,170.848153647,120.643366731
 05/18  03:00:00,176.797250415,114.346120245
 05/18  04:00:00,140.264677917,150.335680779
 05/18  05:00:00,191.801935727,236.52957451900002
 05/18  06:00:00,332.96978683099996,390.191149789
 05/18  07:00:00,409.587829073,525.422585607
 05/18  08:00:00,338.15188971599997,426.134841605
 05/18  09:00:00,313.319912725,363.843336835
 05/18  10:00:00,254.69258003,314.217949384
 05/18  11:00:00,262.298226408,252.130804592
 05/18  12:00:00,283.655665137,242.90226314400002
 05/18  13:00:00,289.849839878,233.28835978900003
 05/18  14:00:00,289.71559639099996,224.250935573
 05/18  15:00:00,289.17877151700003,226.41472465099997
 05/18  16:00:00,317.872892879,209.441943122
 05/18  17:00:00,351.575712704,231.47567866900002
 05/18  18:00:00,403.35419228,363.765508048
 05/18  19:00:00,410.64056656900004,272.391418242
 05/18  20:00:00,446.67839099400004,280.447393771
 05/18  21:00:00,429.498510475,397.81492953300005
 05/18  22:00:00,346.12175288699996,344.5537568
 05/18  23:00:00,246.90971174599997,268.757814241
 05/18  24:00:00,136.87293935,198.617216493
 05/19  01:00:00,143.046949039,160.21925114200002
 05/19  02:00:00,175.551579034,146.897344662
 05/19  03:00:00,119.887737164,132.183196585
 05/19  04:00:00,184.043035933,157.711849182
 05/19  05:00:00,154.850424502,236.472826604
 05/19  06:00:00,332.60385381,379.30342216400004
 05/19  07:00:00,399.134528952,548.546822144
 05/19  08:00:00,353.095305516,410.364831232
 05/19  09:00:00,335.602013252,339.35100189400004
 05/19  10:00:00,300.117319183,292.639756951
 05/19  11:00:00,301.834882458,240.461199969
 05/19  12:00:00,301.781084868,240.146909161
 05/19  13:00:00,291.827244072,231.582720927
 05/19  14:00:00,292.316734839,223.04950693
 05/19  15:00:00,292.357470399,231.20429570099998
 05/19  16:00:00,320.529990852,208.273764512
 05/19  17:00:00,354.889451212,223.505369889
 05/19  18:00:00,406.12849428699997,362.258849571
 05/19  19:00:00,412.70855246300005,270.158930173
 05/19  20:00:00,447.808463471,264.872163867
 05/19  21:00:00,428.995055674,372.19709943699996
 05/19  22:00:00,364.43374519599996,279.804329794
 05/19  23:00:00,269.252568812,176.080114067
 05/19  24:00:00,181.885537725,163.194841244
 05/20  01:00:00,147.365525267,140.202290679
 05/20  02:00:00,171.995582505,144.0263082
 05/20  03:00:00,158.40600562,138.37622950899998
 05/20  04:00:00,143.17304168799998,148.602100555
 05/20  05:00:00,192.377429265,183.24427644099998
 05/20  06:00:00,282.712323969,239.10350917
 05/20  07:00:00,341.278944534,388.15454211400004
 05/20  08:00:00,407.79002392900003,527.744857708
 05/20  09:00:00,363.736134145,413.685098755
 05/20  10:00:00,311.983467822,346.24912282099996
 05/20  11:00:00,305.295244544,297.413410957
 05/20  12:00:00,306.08193874200003,242.56133012599997
 05/20  13:00:00,296.058369135,231.629111801
 05/20  14:00:00,295.484624737,223.123861994
 05/20  15:00:00,295.763496367,231.411021054
 05/20  16:00:00,324.601374598,209.921551878
 05/20  17:00:00,351.803074739,200.063230823
 05/20  18:00:00,416.33125810900003,224.73864474200002
 05/20  19:00:00,409.070012064,270.46014710599997
 05/20  20:00:00,430.835879311,263.208541674
 05/20  21:00:00,425.96062266900003,257.477530125
 05/20  22:00:00,373.00862853900003,356.27109037099996
 05/20  23:00:00,300.228408629,216.057489798
 05/20  24:00:00,196.68053968099997,130.263051427
 05/21  01:00:00,192.271181348,104.99908566100001
 05/21  02:00:00,150.761430744,115.62822900100001
 05/21  03:00:00,146.717626344,122.405835076
 05/21  04:00:00,189.83335410900003,153.238158224
 05/21  05:00:00,155.643346521,193.734501635
 05/21  06:00:00,294.920581566,247.81300725
 05/21  07:00:00,361.03551498699994,384.72467451
 05/21  08:00:00,408.79932905,521.786203785
 05/21  09:00:00,352.478839232,408.81657898699996
 05/21  10:00:00,308.12596731,349.87688586300004
 05/21  11:00:00,304.60186419900003,292.203723879
 05/21  12:00:00,304.635143129,239.196990169
 05/21  13:00:00,286.652377442,231.539242931
 05/21  14:00:00,287.068841409,222.94441879
 05/21  15:00:00,285.651655897,224.615648675
 05/21  16:00:00,314.195742074,209.949367945
 05/21  17:00:00,342.35855951599996,200.443289114
 05/21  18:00:00,402.239228523,225.00868324099997
 05/21  19:00:00,402.86732928699996,266.406276812
 05/21  20:00:00,432.70266157099996,261.77135292599996
 05/21  21:00:00,409.711599874,259.510079685
 05/21  22:00:00,357.021112594,356.119170661
 05/21  23:00:00,296.66967401799997,207.15089674799998
 05/21  24:00:00,206.850053418,122.200696783
 05/22  01:00:00,185.581077635,95.29418986459999
 05/22  02:00:00,179.65293036900002,91.3238409823
 05/22  03:00:00,165.089039042,99.3800925662
 05/22  04:00:00,171.592195541,123.138322945
 05/22  05:00:00,209.67611425,214.38767788099997
 05/22  06:00:00,308.556617033,359.409618671
 05/22  07:00:00,410.507183655,479.870152746
 05/22  08:00:00,369.49727187599996,378.616023314
 05/22  09:00:00,340.494430912,331.34552897099996
 05/22  10:00:00,289.31542130599996,293.090600813
 05/22  11:00:00,288.475947611,241.407471047
 05/22  12:00:00,291.468290547,240.037424338
 05/22  13:00:00,285.02988847,227.034029218
 05/22  14:00:00,284.899228763,223.78422498900002
 05/22  15:00:00,285.08298479,225.037939845
 05/22  16:00:00,314.184791588,208.75748709599998
 05/22  17:00:00,349.724721116,224.720072278
 05/22  18:00:00,401.894649554,361.08457228199995
 05/22  19:00:00,406.827934259,271.567021639
 05/22  20:00:00,440.413498203,264.29499573
 05/22  21:00:00,419.32166913699996,365.50578717300004
 05/22  22:00:00,352.93238910300005,271.655120124
 05/22  23:00:00,288.082620809,163.379369665
 05/22  24:00:00,201.96595578,112.14258503399999
 05/23  01:00:00,192.57617858400002,90.39684565790002
 05/23  02:00:00,174.738405885,84.367993327
 05/23  03:00:00,183.477072297,90.50557535780001
 05/23  04:00:00,198.150726118,112.32332200799999
 05/23  05:00:00,206.06119251,204.526805623
 05/23  06:00:00,322.330814479,350.665356195
 05/23  07:00:00,408.22612127400004,475.038323229
 05/23  08:00:00,367.426775974,376.461521275
 05/23  09:00:00,337.88219780599997,326.137615012
 05/23  10:00:00,289.303016824,292.469443477
 05/23  11:00:00,291.231485851,241.661076953
 05/23  12:00:00,291.591350626,241.352938187
 05/23  13:00:00,283.251334913,232.60586782299998
 05/23  14:00:00,284.356038516,217.316151155
 05/23  15:00:00,283.638212728,226.920202833
 05/23  16:00:00,312.37620124200004,207.64726252900002
 05/23  17:00:00,349.29147100800003,225.703087526
 05/23  18:00:00,403.93265430400004,362.87985328900004
 05/23  19:00:00,410.703791851,275.568849753
 05/23  20:00:00,446.879558093,281.511671746
 05/23  21:00:00,427.92833277,381.398610191
 05/23  22:00:00,363.265796559,298.37183925700003
 05/23  23:00:00,272.075542348,185.66086491099998
 05/23  24:00:00,181.028702108,156.276946288
 05/24  01:00:00,137.017251039,127.628705271
 05/24  02:00:00,171.099622545,139.564126919
 05/24  03:00:00,174.278190212,126.354252913
 05/24  04:00:00,161.80441138,142.809101683
 05/24  05:00:00,199.670848706,224.096154778
 05/24  06:00:00,317.207668898,367.226658384
 05/24  07:00:00,412.92118640800004,487.14300033
 05/24  08:00:00,359.273754146,393.03038370699994
 05/24  09:00:00,318.980007631,342.528580507
 05/24  10:00:00,262.052202847,305.783930465
 05/24  11:00:00,266.966368362,250.326811875
 05/24  12:00:00,278.297809591,243.51298615099998
 05/24  13:00:00,286.197177947,229.89824975099998
 05/24  14:00:00,288.550583119,216.85382039099997
 05/24  15:00:00,288.26908355,232.50271624400003
 05/24  16:00:00,317.664714224,206.486511093
 05/24  17:00:00,351.578549211,225.732060907
 05/24  18:00:00,404.05507290099996,365.486145263
 05/24  19:00:00,411.45260421300003,274.27239624
 05/24  20:00:00,447.726376033,276.267216564
 05/24  21:00:00,428.82955764699994,380.02215346400004
 05/24  22:00:00,361.18386779800005,292.151901602
 05/24  23:00:00,267.82828987799996,173.33240042
 05/24  24:00:00,154.985620007,129.868413715
 05/25  01:00:00,165.48561671,106.688972096
 05/25  02:00:00,161.506042933,108.358464267
 05/25  03:00:00,137.097915408,103.8413744
 05/25  04:00:00,178.75054804299998,137.152167443
 05/25  05:00:00,195.67030916099998,217.961055591
 05/25  06:00:00,328.635969216,374.03382398199994
 05/25  07:00:00,413.877142863,487.520213935
 05/25  08:00:00,373.053842342,381.535241503
 05/25  09:00:00,346.131232703,325.60441492
 05/25  10:00:00,298.544886696,292.252079401
 05/25  11:00:00,300.14864702,236.99569046599999
 05/25  12:00:00,299.671659862,237.38537699
 05/25  13:00:00,290.551761893,230.101789915
 05/25  14:00:00,291.44783433099997,218.100339513
 05/25  15:00:00,290.525674032,224.765508206
 05/25  16:00:00,320.078349953,208.30463572099998
 05/25  17:00:00,353.689693126,222.50442347900002
 05/25  18:00:00,405.35856337,356.625511613
 05/25  19:00:00,412.00550255900004,265.490700805
 05/25  20:00:00,447.417430681,257.38035803599996
 05/25  21:00:00,428.39085697900003,361.606516461
 05/25  22:00:00,363.42894847599996,276.340547498
 05/25  23:00:00,271.104264631,180.287162822
 05/25  24:00:00,181.720896933,150.548242193
 05/26  01:00:00,151.470790012,129.768861563
 05/26  02:00:00,156.658159235,137.351488633
 05/26  03:00:00,175.51745947400002,129.417671093
 05/26  04:00:00,162.580085,155.786240134
 05/26  05:00:00,175.17099326099998,245.603498812
 05/26  06:00:00,332.971795423,378.888568819
 05/26  07:00:00,407.200329994,503.871685471
 05/26  08:00:00,366.803490976,387.868040146
 05/26  09:00:00,346.40031957800005,325.48118749
 05/26  10:00:00,298.784441962,291.068795713
 05/26  11:00:00,300.773210173,239.493702171
 05/26  12:00:00,301.20933464,232.58265592
 05/26  13:00:00,291.712641334,227.730822447
 05/26  14:00:00,291.364756597,218.422003719
 05/26  15:00:00,291.013646425,223.61197792599998
 05/26  16:00:00,320.119175038,207.90551985099998
 05/26  17:00:00,354.192337273,215.817412522
 05/26  18:00:00,405.195187733,357.55729377800003
 05/26  19:00:00,411.775343605,261.77550488400004
 05/26  20:00:00,444.540207755,261.468326791
 05/26  21:00:00,427.57202769199995,355.928314862
 05/26  22:00:00,362.44430017,273.29635280400004
 05/26  23:00:00,297.15746111,155.14351015
 05/26  24:00:00,193.860578422,123.423422586
 05/27  01:00:00,198.18166354,106.86632232
 05/27  02:00:00,164.75405654600002,119.108942342
 05/27  03:00:00,154.560252256,122.419509061
 05/27  04:00:00,144.915362366,155.355726759
 05/27  05:00:00,191.053523535,186.490948027
 05/27  06:00:00,293.11697424,248.70964538
 05/27  07:00:00,348.80573046300003,378.51449633699997
 05/27  08:00:00,408.38837209,513.216725782
 05/27  09:00:00,362.56295230800004,402.971367185
 05/27  10:00:00,309.541158344,340.900450814
 05/27  11:00:00,304.963018901,285.767646172
 05/27  12:00:00,306.115919658,239.50233463400002
 05/27  13:00:00,296.622024691,231.046703566
 05/27  14:00:00,297.130267951,215.781022984
 05/27  15:00:00,296.954097756,230.653721876
 05/27  16:00:00,325.649205479,202.92178681
 05/27  17:00:00,351.421135797,199.12827888799998
 05/27  18:00:00,413.04325446,223.413525315
 05/27  19:00:00,406.47339102800004,257.32524295
 05/27  20:00:00,426.091657525,258.07920432099996
 05/27  21:00:00,424.880328474,253.65396956700002
 05/27  22:00:00,372.09207099599996,344.309022089
 05/27  23:00:00,300.742828417,211.68041567400002
 05/27  24:00:00,196.441319123,113.061106541
 05/28  01:00:00,188.98206942,93.21308972879999
 05/28  02:00:00,192.63653877,111.68169901799999
 05/28  03:00:00,133.52445811299998,114.867412461
 05/28  04:00:00,193.407289803,151.115990437
 05/28  05:00:00,154.554196162,191.72406426599997
 05/28  06:00:00,295.035361335,254.643813831
 05/28  07:00:00,362.886905049,378.341840806
 05/28  08:00:00,408.558493895,503.46139184699996
 05/28  09:00:00,352.385951748,402.427776921
 05/28  10:00:00,309.74898058400004,341.361476223
 05/28  11:00:00,305.71700446,290.67750461400004
 05/28  12:00:00,305.20126616,231.715764353
 05/28  13:00:00,282.78712961599996,231.10096084900002
 05/28  14:00:00,280.415719953,216.10928167900002
 05/28  15:00:00,279.72588929200003,224.68865654900003
 05/28  16:00:00,309.030599195,203.900588279
 05/28  17:00:00,337.483507343,196.278281156
 05/28  18:00:00,398.08989221800005,222.637253547
 05/28  19:00:00,401.60107449599997,261.680425018
 05/28  20:00:00,430.17034881300003,253.721045564
 05/28  21:00:00,411.22446080599997,254.47111029400003
 05/28  22:00:00,359.65536839199996,345.798113232
 05/28  23:00:00,298.128137116,206.182698562
 05/28  24:00:00,192.287032498,118.009928566
 05/29  01:00:00,176.218817335,102.03376311299999
 05/29  02:00:00,166.608883234,100.33777539200001
 05/29  03:00:00,143.709548444,114.86497326700001
 05/29  04:00:00,199.556519062,139.81885358899999
 05/29  05:00:00,149.92611079600002,168.887915538
 05/29  06:00:00,294.93649477099996,228.021730126
 05/29  07:00:00,376.415430836,373.40418388300003
 05/29  08:00:00,406.47289538,497.884250418
 05/29  09:00:00,348.39157821,402.028308719
 05/29  10:00:00,303.80679027400004,341.71110713900003
 05/29  11:00:00,300.491775162,291.180446373
 05/29  12:00:00,301.89722923799997,232.30956363
 05/29  13:00:00,284.524133725,224.930585767
 05/29  14:00:00,283.622152982,216.403673812
 05/29  15:00:00,284.231378595,224.91985572599998
 05/29  16:00:00,313.088685035,210.49507843799998
 05/29  17:00:00,341.649361477,194.74945521900003
 05/29  18:00:00,399.961484167,225.261049746
 05/29  19:00:00,400.042174363,254.448615622
 05/29  20:00:00,427.614077875,254.226713662
 05/29  21:00:00,408.00879973699995,254.38790788400001
 05/29  22:00:00,355.433917487,345.550715049
 05/29  23:00:00,292.985577723,206.175346348
 05/29  24:00:00,212.87975857700002,111.900597839
 05/30  01:00:00,180.07475809299999,84.13192660899999
 05/30  02:00:00,181.208308465,90.0984818656
 05/30  03:00:00,172.390062318,84.310253645
 05/30  04:00:00,183.732325426,111.942073639
 05/30  05:00:00,228.46824329900002,196.360005568
 05/30  06:00:00,324.602811718,338.083243304
 05/30  07:00:00,406.99931723199995,465.026199841
 05/30  08:00:00,366.934070922,368.508231309
 05/30  09:00:00,337.454972786,319.564494454
 05/30  10:00:00,289.711380779,288.58270728599996
 05/30  11:00:00,290.647001504,237.797951496
 05/30  12:00:00,289.46105441,234.53057798900002
 05/30  13:00:00,279.48227872,226.008333572
 05/30  14:00:00,279.511754884,217.311025969
 05/30  15:00:00,279.39885960000004,225.623015846
 05/30  16:00:00,308.427618317,206.326131989
 05/30  17:00:00,343.046404582,220.456647208
 05/30  18:00:00,395.92894531800005,350.90236499900004
 05/30  19:00:00,402.93471828599996,263.53510749599997
 05/30  20:00:00,436.103456924,256.192882252
 05/30  21:00:00,420.335245499,361.12909906199997
 05/30  22:00:00,355.78942260400004,265.807317006
 05/30  23:00:00,290.134130868,157.453433035
 05/30  24:00:00,201.134753018,111.728140149
 05/31  01:00:00,197.36981120599998,83.982863763
 05/31  02:00:00,168.367865591,84.0606980921
 05/31  03:00:00,170.361211895,90.25505541780001
 05/31  04:00:00,188.98950174200002,112.07672277200001
 05/31  05:00:00,226.731308385,193.21265226900002
 05/31  06:00:00,323.285264164,341.20301775400003
 05/31  07:00:00,404.328487592,457.595781667
 05/31  08:00:00,364.418063458,371.54029724800006
 05/31  09:00:00,336.057683442,322.758558821
 05/31  10:00:00,286.935265494,285.44796171
 05/31  11:00:00,287.102046049,234.838411935
 05/31  12:00:00,287.594157171,234.4656582
 05/31  13:00:00,277.66977091,225.704243372
 05/31  14:00:00,275.614843249,217.010338238
 05/31  15:00:00,272.879673077,224.90869524
 05/31  16:00:00,300.687916427,202.354298445
 05/31  17:00:00,336.28019362099997,225.30408951
 05/31  18:00:00,389.029024733,350.543330135
 05/31  19:00:00,396.503756342,264.279960103
 05/31  20:00:00,429.949372569,256.846931088
 05/31  21:00:00,413.847746616,353.98349079400003
 05/31  22:00:00,349.084938175,270.501157218
 05/31  23:00:00,284.101907492,155.62989337
 05/31  24:00:00,222.24467770099997,110.81788167
 06/01  01:00:00,214.40078001,87.82926643180001
 06/01  02:00:00,203.200084401,84.1637625492
 06/01  03:00:00,181.98970019900003,84.18866086439999
 06/01  04:00:00,184.58655799099998,111.93712965799999
 06/01  05:00:00,226.73048957700001,192.85817359400002
 06/01  06:00:00,337.35857904200003,338.219543913
 06/01  07:00:00,404.620222175,461.45679833699995
 06/01  08:00:00,362.26599886199995,371.102330169
 06/01  09:00:00,333.677135082,314.322814742
 06/01  10:00:00,284.482293793,281.999534795
 06/01  11:00:00,283.862680567,238.47136417299998
 06/01  12:00:00,284.54234417,231.391576853
 06/01  13:00:00,277.326299642,222.488320666
 06/01  14:00:00,278.239176035,213.725168209
 06/01  15:00:00,278.91441714,217.320688838
 06/01  16:00:00,305.23702381,206.71790430599998
 06/01  17:00:00,338.988412244,216.904944
 06/01  18:00:00,391.17531301400004,350.81246446
 06/01  19:00:00,398.585845898,262.593927317
 06/01  20:00:00,433.042414784,259.67787188200003
 06/01  21:00:00,418.309809881,354.301170466
 06/01  22:00:00,353.321459133,269.28145833
 06/01  23:00:00,288.251462673,156.00854791
 06/01  24:00:00,202.201361657,111.639162211
 06/02  01:00:00,200.16535687900003,83.9735407532
 06/02  02:00:00,168.642660607,84.03421105609999
 06/02  03:00:00,169.139528504,84.03689584140001
 06/02  04:00:00,187.556608063,112.044426442
 06/02  05:00:00,227.72132512299999,196.09026810400002
 06/02  06:00:00,321.987223086,336.416906439
 06/02  07:00:00,406.006602709,457.671896705
 06/02  08:00:00,364.68440145,370.85926426599997
 06/02  09:00:00,332.82401861200003,314.03179531
 06/02  10:00:00,283.281409489,281.13937689200003
 06/02  11:00:00,285.310336405,231.48854607299998
 06/02  12:00:00,286.629243358,232.626184086
 06/02  13:00:00,276.794209027,218.905211338
 06/02  14:00:00,276.602773834,212.668283478
 06/02  15:00:00,272.165970266,221.17115118599997
 06/02  16:00:00,298.825002363,200.24978793900002
 06/02  17:00:00,334.178003874,216.871039964
 06/02  18:00:00,387.790933295,350.561622447
 06/02  19:00:00,392.195362931,264.805949056
 06/02  20:00:00,424.775937305,257.4692909
 06/02  21:00:00,409.36003440699994,354.014898354
 06/02  22:00:00,345.931306371,263.11052561
 06/02  23:00:00,282.557979506,158.190713645
 06/02  24:00:00,216.552858729,111.57826101200001
 06/03  01:00:00,212.35010500599998,84.0101851539
 06/03  02:00:00,177.656311518,84.14367913619999
 06/03  03:00:00,178.49967549,84.1534681684
 06/03  04:00:00,191.422730572,109.22372744100001
 06/03  05:00:00,213.91880359799998,142.60984344
 06/03  06:00:00,290.11148058599997,204.659494115
 06/03  07:00:00,359.362801821,357.00391208699995
 06/03  08:00:00,399.868250163,490.39627998
 06/03  09:00:00,350.706387079,397.521633789
 06/03  10:00:00,292.667613031,330.86521703299996
 06/03  11:00:00,284.786326477,280.978701868
 06/03  12:00:00,288.39242577,229.783386335
 06/03  13:00:00,283.26445784599997,226.64932585
 06/03  14:00:00,280.353242183,211.67146669299999
 06/03  15:00:00,275.802560733,219.95227718599998
 06/03  16:00:00,304.981966784,203.739117757
 06/03  17:00:00,335.152307012,192.627148879
 06/03  18:00:00,399.904131062,220.07245198200002
 06/03  19:00:00,395.36941575199995,257.39283419
 06/03  20:00:00,414.77820873800005,257.680234603
 06/03  21:00:00,412.126544025,250.167141601
 06/03  22:00:00,363.15992313699996,344.505121879
 06/03  23:00:00,293.139738418,208.69425903599998
 06/03  24:00:00,224.718219928,111.61512673799999
 06/04  01:00:00,233.413038542,84.0720305708
 06/04  02:00:00,193.953581147,84.0454641919
 06/04  03:00:00,188.522302895,84.57212018439999
 06/04  04:00:00,188.97245941,112.158333669
 06/04  05:00:00,200.30445602900002,140.040220822
 06/04  06:00:00,302.932217181,204.943175801
 06/04  07:00:00,371.93496061800005,356.84568768400004
 06/04  08:00:00,399.929993758,488.962382579
 06/04  09:00:00,344.82629171800005,397.94446473
 06/04  10:00:00,299.92373916099996,330.460832013
 06/04  11:00:00,293.254446078,280.602765596
 06/04  12:00:00,291.446154835,229.33271507400002
 06/04  13:00:00,272.054878077,221.02001215099997
 06/04  14:00:00,272.00448104099996,212.373245081
 06/04  15:00:00,271.184617488,214.10898346
 06/04  16:00:00,299.371917926,200.17618873700002
 06/04  17:00:00,328.927346957,193.52441604
 06/04  18:00:00,390.75700883,220.291024727
 06/04  19:00:00,394.739617012,257.33144601
 06/04  20:00:00,424.686284363,257.315576954
 06/04  21:00:00,405.187362161,250.04886548599998
 06/04  22:00:00,352.591787099,342.17296020099997
 06/04  23:00:00,291.69351749599997,205.755185886
 06/04  24:00:00,209.02242598799998,111.609010574
 06/05  01:00:00,190.69252550299998,89.0329328937
 06/05  02:00:00,157.567853909,104.322097732
 06/05  03:00:00,164.76958601799998,114.876091691
 06/05  04:00:00,170.783181618,166.69613181
 06/05  05:00:00,208.86934499,263.886497058
 06/05  06:00:00,314.48538176200003,382.63972591199996
 06/05  07:00:00,411.812303401,476.69912406300006
 06/05  08:00:00,371.845258685,363.890641815
 06/05  09:00:00,345.741772805,313.203436001
 06/05  10:00:00,298.305898674,280.375573798
 06/05  11:00:00,299.215517407,230.404335245
 06/05  12:00:00,300.07214325,230.15789825299998
 06/05  13:00:00,290.974251985,215.15086099099997
 06/05  14:00:00,290.754359475,212.349105417
 06/05  15:00:00,290.201668043,220.148147575
 06/05  16:00:00,317.979285286,197.638426465
 06/05  17:00:00,353.270473237,211.78180816
 06/05  18:00:00,405.19242798,347.545154085
 06/05  19:00:00,412.11945370800004,255.193057517
 06/05  20:00:00,444.11628322800004,255.06672403599998
 06/05  21:00:00,427.604508053,350.411034474
 06/05  22:00:00,362.81879071300006,260.54258964900004
 06/05  23:00:00,297.351181992,151.867345923
 06/05  24:00:00,193.73861127799998,131.32083216799998
 06/06  01:00:00,188.41563013,123.14447844700001
 06/06  02:00:00,155.741164398,133.850329785
 06/06  03:00:00,163.982602174,133.437130145
 06/06  04:00:00,162.10227214100001,156.095086412
 06/06  05:00:00,201.32847739599998,257.175800397
 06/06  06:00:00,330.72455323099996,380.3868742
 06/06  07:00:00,413.820635155,473.87353675199995
 06/06  08:00:00,373.332418496,365.74106290199995
 06/06  09:00:00,345.74887790199995,312.923641257
 06/06  10:00:00,299.008496827,276.548726529
 06/06  11:00:00,300.843950859,226.363272604
 06/06  12:00:00,301.478940947,229.502917948
 06/06  13:00:00,292.230752367,220.867395738
 06/06  14:00:00,292.517925877,205.603363785
 06/06  15:00:00,292.061094498,220.501319858
 06/06  16:00:00,320.537427785,200.047674465
 06/06  17:00:00,354.54772686900003,212.18523297
 06/06  18:00:00,406.02260264,338.684981944
 06/06  19:00:00,411.637192756,251.904906712
 06/06  20:00:00,443.59622953400003,251.974919487
 06/06  21:00:00,424.648784474,346.883148787
 06/06  22:00:00,359.82428340800004,256.97251458200003
 06/06  23:00:00,295.86585742,145.931470435
 06/06  24:00:00,194.241642173,120.688983465
 06/07  01:00:00,175.410753073,99.4652844001
 06/07  02:00:00,165.09989019399998,109.155986789
 06/07  03:00:00,163.90187254399999,124.029724179
 06/07  04:00:00,170.084183212,156.08694130799998
 06/07  05:00:00,198.67750544700002,234.331180371
 06/07  06:00:00,319.26343545599997,369.37613993800005
 06/07  07:00:00,411.942061327,463.137993634
 06/07  08:00:00,372.54835618,359.049035859
 06/07  09:00:00,346.22731572199996,312.623264289
 06/07  10:00:00,299.147511982,274.096724997
 06/07  11:00:00,301.229895395,227.987923608
 06/07  12:00:00,301.424215324,229.135945841
 06/07  13:00:00,292.65566689900004,220.59280329900002
 06/07  14:00:00,292.378894791,205.484516509
 06/07  15:00:00,290.501183453,215.062650763
 06/07  16:00:00,315.043356708,198.763846074
 06/07  17:00:00,348.177298758,212.921502508
 06/07  18:00:00,400.384851841,343.24265996400004
 06/07  19:00:00,406.937956036,250.705626889
 06/07  20:00:00,438.89235736300003,243.60695782099998
 06/07  21:00:00,423.263634625,345.191302025
 06/07  22:00:00,357.25903575300003,255.522011435
 06/07  23:00:00,292.399825468,143.061169462
 06/07  24:00:00,193.085881464,111.597072182
 06/08  01:00:00,190.23549708099998,81.744470101
 06/08  02:00:00,175.595212452,91.9741165224
 06/08  03:00:00,175.01396331799998,93.009773599
 06/08  04:00:00,171.74926604700002,121.01103988
 06/08  05:00:00,209.336278626,215.299599454
 06/08  06:00:00,314.746528167,351.27872926
 06/08  07:00:00,411.68106949699995,453.562425287
 06/08  08:00:00,368.890842099,356.014498858
 06/08  09:00:00,336.957521532,312.299390777
 06/08  10:00:00,288.531123978,279.436723451
 06/08  11:00:00,291.877004869,222.55405758900002
 06/08  12:00:00,291.310923835,229.0206797
 06/08  13:00:00,281.12422507400004,219.738478868
 06/08  14:00:00,283.104086719,206.172794694
 06/08  15:00:00,284.031074856,213.709708467
 06/08  16:00:00,310.78386759200004,199.94626002200002
 06/08  17:00:00,344.502756321,212.935803007
 06/08  18:00:00,394.94238667300004,335.35624466900003
 06/08  19:00:00,399.895387009,250.90637484799998
 06/08  20:00:00,432.62822672199997,250.71762978200002
 06/08  21:00:00,416.844126884,336.854920255
 06/08  22:00:00,351.63796984199996,255.61137623099998
 06/08  23:00:00,287.01867584900003,144.444872029
 06/08  24:00:00,200.391231919,110.09979623299999
 06/09  01:00:00,191.36466438099998,84.1998339478
 06/09  02:00:00,175.49657592,83.8048031358
 06/09  03:00:00,174.502269601,94.04897661790001
 06/09  04:00:00,172.224083063,122.056089115
 06/09  05:00:00,215.95776717799998,205.852515045
 06/09  06:00:00,305.706580883,341.46385894900004
 06/09  07:00:00,413.917900945,458.370932812
 06/09  08:00:00,370.26400641199996,357.82757272
 06/09  09:00:00,337.11508310799996,312.052672449
 06/09  10:00:00,287.67213059200003,272.285507128
 06/09  11:00:00,289.32783409,229.10636407
 06/09  12:00:00,290.73538560000003,228.92048748
 06/09  13:00:00,280.118477617,213.81244469900003
 06/09  14:00:00,281.864861975,207.104635313
 06/09  15:00:00,283.765623685,218.45591339599997
 06/09  16:00:00,310.36263879,195.970858981
 06/09  17:00:00,344.10682227300003,210.51932911
 06/09  18:00:00,396.1528588,340.634600118
 06/09  19:00:00,403.498107151,246.19159290099998
 06/09  20:00:00,436.354178869,250.901264403
 06/09  21:00:00,418.263994992,336.75791942
 06/09  22:00:00,354.418371532,255.758886787
 06/09  23:00:00,290.498122321,143.503608649
 06/09  24:00:00,202.829159887,111.228573675
 06/10  01:00:00,210.200423195,77.59689436890001
 06/10  02:00:00,184.31224614099997,83.7150317814
 06/10  03:00:00,162.33354902600001,86.83271436049999
 06/10  04:00:00,168.590773885,112.919209306
 06/10  05:00:00,187.21231430900002,146.728763464
 06/10  06:00:00,298.428502179,206.21079794099998
 06/10  07:00:00,368.650625809,349.140879951
 06/10  08:00:00,403.651145006,477.822095345
 06/10  09:00:00,352.745266263,382.94951179099996
 06/10  10:00:00,296.706405243,327.082588487
 06/10  11:00:00,286.935963684,279.616070879
 06/10  12:00:00,285.77868445900003,229.202350363
 06/10  13:00:00,276.199478487,214.06375887599998
 06/10  14:00:00,274.944444925,212.184086017
 06/10  15:00:00,272.882420532,213.89353807700002
 06/10  16:00:00,304.69616300900003,199.97881254
 06/10  17:00:00,334.509834373,185.84268098400003
 06/10  18:00:00,400.901495212,212.51362744099998
 06/10  19:00:00,396.561418899,251.451235181
 06/10  20:00:00,416.445759876,244.343499533
 06/10  21:00:00,415.00532593199995,243.78711675099999
 06/10  22:00:00,363.028701366,327.856495623
 06/10  23:00:00,293.942202151,194.89788958900002
 06/10  24:00:00,200.416922427,109.327038532
 06/11  01:00:00,200.20693579299999,79.6855274604
 06/11  02:00:00,162.100949413,83.6716420337
 06/11  03:00:00,188.263708489,83.7560928162
 06/11  04:00:00,201.81831607,104.864941645
 06/11  05:00:00,203.415401349,138.922467646
 06/11  06:00:00,285.506324409,203.77081326599998
 06/11  07:00:00,370.694129165,338.377825485
 06/11  08:00:00,402.27575466800005,477.662425457
 06/11  09:00:00,348.60417002699995,385.96841261
 06/11  10:00:00,305.913912065,322.50580308900004
 06/11  11:00:00,300.240175165,278.16531503
 06/11  12:00:00,295.274006156,227.40539240900003
 06/11  13:00:00,272.843177302,215.774081261
 06/11  14:00:00,269.976720779,205.63228190599997
 06/11  15:00:00,273.10406646900003,213.905356545
 06/11  16:00:00,307.15521548099997,200.27387293299998
 06/11  17:00:00,335.473696343,184.40340093400002
 06/11  18:00:00,395.124647428,215.950893286
 06/11  19:00:00,397.254989689,244.86392777900002
 06/11  20:00:00,424.885138742,244.706522982
 06/11  21:00:00,404.726785202,244.421312223
 06/11  22:00:00,352.114573514,329.229152083
 06/11  23:00:00,289.254597783,194.093990299
 06/11  24:00:00,228.989306551,106.669842981
 06/12  01:00:00,197.959839386,83.7748547999
 06/12  02:00:00,190.44900612,78.0083976274
 06/12  03:00:00,196.38198588,83.8593014531
 06/12  04:00:00,202.010228487,104.97985312899999
 06/12  05:00:00,208.528212911,187.44025488900002
 06/12  06:00:00,322.792916566,323.117174599
 06/12  07:00:00,405.758864841,443.243855306
 06/12  08:00:00,363.39225233400003,352.72632549199994
 06/12  09:00:00,331.851684145,306.38431426299996
 06/12  10:00:00,280.13690691,272.005828628
 06/12  11:00:00,281.612670622,229.291596573
 06/12  12:00:00,281.89756323299997,222.312268862
 06/12  13:00:00,273.782549662,220.30469170400002
 06/12  14:00:00,276.817902564,205.184337455
 06/12  15:00:00,280.616290348,213.478690078
 06/12  16:00:00,310.64954063700003,193.400831007
 06/12  17:00:00,338.36444899400004,214.16688066
 06/12  18:00:00,385.004140498,336.085265745
 06/12  19:00:00,392.317328627,247.85933994099997
 06/12  20:00:00,422.74799966300003,250.713321312
 06/12  21:00:00,408.65411619199995,337.877615397
 06/12  22:00:00,342.452304939,254.761752172
 06/12  23:00:00,278.462418115,142.336811437
 06/12  24:00:00,228.87576655200002,111.101208696
 06/13  01:00:00,218.50919174599997,77.4053847597
 06/13  02:00:00,188.870671682,83.5843242183
 06/13  03:00:00,210.352670987,77.4520308939
 06/13  04:00:00,190.190203602,104.747830779
 06/13  05:00:00,243.497613892,187.16459647099998
 06/13  06:00:00,329.17752754400004,322.575190845
 06/13  07:00:00,400.85646365800005,443.049037851
 06/13  08:00:00,360.405346605,352.03044541400004
 06/13  09:00:00,331.367783041,306.559533646
 06/13  10:00:00,281.268223838,271.670549364
 06/13  11:00:00,280.34478330400003,228.79099891099997
 06/13  12:00:00,281.605815576,222.019362728
 06/13  13:00:00,273.27435652099996,213.51392459599998
 06/13  14:00:00,274.045033905,205.041767686
 06/13  15:00:00,272.032500891,213.353230516
 06/13  16:00:00,295.503054043,199.71019850599998
 06/13  17:00:00,329.47152963599996,207.892696186
 06/13  18:00:00,382.903619384,336.528292285
 06/13  19:00:00,390.204381833,253.529303586
 06/13  20:00:00,423.626588902,246.30308086
 06/13  21:00:00,413.868781485,338.254860221
 06/13  22:00:00,351.79244626300004,252.77076912099997
 06/13  23:00:00,286.979390243,145.896033512
 06/13  24:00:00,202.53855501099997,104.89820885700001
 06/14  01:00:00,197.18538251,83.7504965345
 06/14  02:00:00,194.67656142799999,77.6356687712
 06/14  03:00:00,176.201618107,83.8103057738
 06/14  04:00:00,181.979970035,104.968064041
 06/14  05:00:00,221.71617649400002,187.46930864200002
 06/14  06:00:00,333.47701780200003,322.174015581
 06/14  07:00:00,405.036399419,436.531250304
 06/14  08:00:00,363.43177758699994,353.287455916
 06/14  09:00:00,332.537140862,304.925969686
 06/14  10:00:00,282.63733664,277.00007937099997
 06/14  11:00:00,284.647489937,222.111229396
 06/14  12:00:00,287.66572799,221.923329574
 06/14  13:00:00,279.549180867,213.461740985
 06/14  14:00:00,278.87212102,204.982126394
 06/14  15:00:00,278.368138006,213.295349456
 06/14  16:00:00,302.296892631,199.669698103
 06/14  17:00:00,333.25428057700003,208.052530514
 06/14  18:00:00,385.72032321300003,336.535647946
 06/14  19:00:00,392.574934621,247.38687095
 06/14  20:00:00,421.44192671300004,249.35477537
 06/14  21:00:00,407.936037125,337.841279955
 06/14  22:00:00,345.502416279,255.540461903
 06/14  23:00:00,282.21581733700003,147.246540464
 06/14  24:00:00,226.62450294,104.75907945700001
 06/15  01:00:00,209.951651179,77.62220751560001
 06/15  02:00:00,179.664578026,83.7968150539
 06/15  03:00:00,178.322699537,77.6434860258
 06/15  04:00:00,192.950146482,105.18893087299999
 06/15  05:00:00,231.519628575,186.97742507799998
 06/15  06:00:00,319.471051962,321.655448964
 06/15  07:00:00,403.009330869,433.72606832800005
 06/15  08:00:00,362.896020391,355.105647724
 06/15  09:00:00,334.356804329,303.09297552099997
 06/15  10:00:00,286.59135000099997,271.390672173
 06/15  11:00:00,287.873694312,228.642724364
 06/15  12:00:00,288.246736342,221.862676226
 06/15  13:00:00,279.073462405,213.387197021
 06/15  14:00:00,278.698837804,204.89811629599998
 06/15  15:00:00,277.835257938,213.215212311
 06/15  16:00:00,304.218107514,193.28826430900003
 06/15  17:00:00,337.140736525,208.20962334799998
 06/15  18:00:00,387.918414094,336.658635624
 06/15  19:00:00,395.13774097199996,248.621575032
 06/15  20:00:00,426.623816672,246.72818705
 06/15  21:00:00,414.391249188,336.842950545
 06/15  22:00:00,350.126451384,258.929600922
 06/15  23:00:00,283.205326109,141.61520580799998
 06/15  24:00:00,224.01186864299999,104.714378614
 06/16  01:00:00,214.96821915599998,83.7885069087
 06/16  02:00:00,193.587533168,77.6311768217
 06/16  03:00:00,197.19954471,83.5448633666
 06/16  04:00:00,213.509155945,104.760904041
 06/16  05:00:00,246.16844299299999,179.843981238
 06/16  06:00:00,327.67037670400003,321.350234286
 06/16  07:00:00,400.934932595,438.60562691
 06/16  08:00:00,359.374578725,350.78197032699995
 06/16  09:00:00,330.249744331,302.853057398
 06/16  10:00:00,281.496760903,271.244930205
 06/16  11:00:00,283.958448477,225.45646568700002
 06/16  12:00:00,282.01483094900004,224.944778167
 06/16  13:00:00,269.421991729,213.341327218
 06/16  14:00:00,270.937836957,203.19227005099998
 06/16  15:00:00,270.866003063,208.235565793
 06/16  16:00:00,300.908338718,199.580166841
 06/16  17:00:00,336.500871093,208.514105307
 06/16  18:00:00,387.860584188,336.684025136
 06/16  19:00:00,393.843551635,247.374930185
 06/16  20:00:00,425.548887008,247.343023262
 06/16  21:00:00,414.40373215,337.77448908900004
 06/16  22:00:00,350.396544691,252.690929954
 06/16  23:00:00,284.73370849099996,142.78789778200002
 06/16  24:00:00,206.55739664,107.41798862
 06/17  01:00:00,212.119047362,81.1935515585
 06/17  02:00:00,200.77089004299998,77.6293231731
 06/17  03:00:00,184.131373684,83.3764131467
 06/17  04:00:00,192.000504683,105.347884853
 06/17  05:00:00,212.185234205,132.441287082
 06/17  06:00:00,303.967098615,195.710539552
 06/17  07:00:00,359.977926614,340.587297944
 06/17  08:00:00,397.64717561099997,465.497645944
 06/17  09:00:00,349.839940719,381.938813294
 06/17  10:00:00,296.936662499,319.846275737
 06/17  11:00:00,289.471992093,271.584082178
 06/17  12:00:00,290.991934986,222.065023174
 06/17  13:00:00,281.537922197,214.50965027599997
 06/17  14:00:00,278.86506619,209.30906324900002
 06/17  15:00:00,274.874513186,214.833528327
 06/17  16:00:00,304.798931973,193.431522643
 06/17  17:00:00,333.741658949,185.578945251
 06/17  18:00:00,396.423985789,211.81803974599998
 06/17  19:00:00,389.039729257,247.39485418299998
 06/17  20:00:00,407.13924526,247.675406274
 06/17  21:00:00,408.968141305,240.10826916099998
 06/17  22:00:00,356.20055101599996,325.614550256
 06/17  23:00:00,286.197889358,196.94260134299998
 06/17  24:00:00,217.237762283,104.796735985
 06/18  01:00:00,223.715764852,84.2667222851
 06/18  02:00:00,199.156153722,77.3507051666
 06/18  03:00:00,208.007308971,83.6809087346
 06/18  04:00:00,200.179012007,103.92410311299999
 06/18  05:00:00,212.46335828099998,132.872086823
 06/18  06:00:00,306.602443305,195.92831745400002
 06/18  07:00:00,365.219241922,341.740017321
 06/18  08:00:00,393.939188203,463.38969005800004
 06/18  09:00:00,335.860627988,381.90698510000004
 06/18  10:00:00,290.233554414,319.362941799
 06/18  11:00:00,285.969785228,271.458910793
 06/18  12:00:00,283.70859750200003,221.683804783
 06/18  13:00:00,265.340123361,213.441548167
 06/18  14:00:00,266.791430127,204.825092735
 06/18  15:00:00,267.71644077900004,206.758934965
 06/18  16:00:00,296.659011264,199.425054208
 06/18  17:00:00,324.945471035,183.272543592
 06/18  18:00:00,387.75867730199997,214.50452962
 06/18  19:00:00,391.361069514,242.604514925
 06/18  20:00:00,418.445550379,245.016300574
 06/18  21:00:00,402.25369375900004,240.076271824
 06/18  22:00:00,350.929491534,322.104736937
 06/18  23:00:00,289.183570812,197.71657010200002
 06/18  24:00:00,218.45890363400002,107.34476048200001
 06/19  01:00:00,194.39527438599998,77.57758296680001
 06/19  02:00:00,199.358385013,77.674170412
 06/19  03:00:00,198.182248095,77.7328363005
 06/19  04:00:00,203.461727623,104.87071788200001
 06/19  05:00:00,213.924396317,186.67567583099998
 06/19  06:00:00,327.44442603,312.078826917
 06/19  07:00:00,402.040571415,437.28524634900003
 06/19  08:00:00,361.46435733199996,350.673023209
 06/19  09:00:00,333.47873954700003,302.165405106
 06/19  10:00:00,284.686596737,265.234764187
 06/19  11:00:00,284.704313291,228.186596205
 06/19  12:00:00,283.302455759,220.92331176
 06/19  13:00:00,273.866732362,208.004286745
 06/19  14:00:00,270.592284216,204.785874353
 06/19  15:00:00,268.260932461,213.05352453400002
 06/19  16:00:00,300.200965019,193.12569647200002
 06/19  17:00:00,336.30711537900004,209.057761675
 06/19  18:00:00,387.63529842,331.79426260099996
 06/19  19:00:00,395.437775541,245.534380388
 06/19  20:00:00,425.80531323,248.155203382
 06/19  21:00:00,412.234697713,337.185670351
 06/19  22:00:00,348.73922973699996,253.96316824299998
 06/19  23:00:00,281.646938486,144.703525715
 06/19  24:00:00,231.415608149,104.57393645
 06/20  01:00:00,219.816646776,77.6059265277
 06/20  02:00:00,191.08632259900003,77.6236079345
 06/20  03:00:00,192.490165697,79.9757091012
 06/20  04:00:00,212.24919722400003,101.966014845
 06/20  05:00:00,244.431955627,186.188752974
 06/20  06:00:00,324.185474626,311.70411481900004
 06/20  07:00:00,402.064906927,433.557655067
 06/20  08:00:00,360.02322003,350.784146771
 06/20  09:00:00,329.72589554,297.86169667400003
 06/20  10:00:00,280.745665718,270.064032935
 06/20  11:00:00,282.68157806799996,221.72365074299998
 06/20  12:00:00,281.752339434,221.578055751
 06/20  13:00:00,271.317726299,213.109784764
 06/20  14:00:00,267.971563981,203.435885567
 06/20  15:00:00,267.072147313,207.59605045200001
 06/20  16:00:00,298.973215336,193.070317617
 06/20  17:00:00,335.383691197,209.158242833
 06/20  18:00:00,386.866710991,336.758882618
 06/20  19:00:00,392.887778482,241.693077434
 06/20  20:00:00,424.399176207,247.716503333
 06/20  21:00:00,411.80173897599997,334.06125786900003
 06/20  22:00:00,347.922298336,251.86935771900002
 06/20  23:00:00,281.266227428,149.867787201
 06/20  24:00:00,228.781793712,104.46637135
 06/21  01:00:00,217.41827218400002,77.7662599124
 06/21  02:00:00,207.754907923,77.7151623559
 06/21  03:00:00,205.450744982,77.6384429038
 06/21  04:00:00,200.109540597,104.523512611
 06/21  05:00:00,228.87345768400002,179.305509057
 06/21  06:00:00,337.699817462,314.771951798
 06/21  07:00:00,400.01248248,437.36802873
 06/21  08:00:00,357.65524306599997,345.869698609
 06/21  09:00:00,328.87513679799997,298.392467034
 06/21  10:00:00,281.811620313,266.774478782
 06/21  11:00:00,280.745217617,221.655818373
 06/21  12:00:00,279.103164318,221.517166976
 06/21  13:00:00,272.432093377,213.067179372
 06/21  14:00:00,271.682245038,198.01129704099998
 06/21  15:00:00,269.83176038700003,212.83298021
 06/21  16:00:00,294.72040833799997,193.041691022
 06/21  17:00:00,332.04712570099997,208.980435319
 06/21  18:00:00,387.39213761300005,328.693366128
 06/21  19:00:00,392.89989266,248.034831427
 06/21  20:00:00,424.36435268800005,244.098560727
 06/21  21:00:00,410.991680445,334.532524325
 06/21  22:00:00,346.58956372,252.67015349099998
 06/21  23:00:00,280.912853222,144.386339302
 06/21  24:00:00,225.009128068,104.50010031299999
 06/22  01:00:00,214.97665860599997,77.5807018467
 06/22  02:00:00,195.696987026,77.2586058567
 06/22  03:00:00,190.536619604,77.27720974520001
 06/22  04:00:00,203.55990098,104.912231562
 06/22  05:00:00,238.0351558,179.204127712
 06/22  06:00:00,325.096461671,310.694331111
 06/22  07:00:00,400.672946108,434.41326828800004
 06/22  08:00:00,359.82897021,345.927967878
 06/22  09:00:00,329.867587574,298.642514662
 06/22  10:00:00,281.065383348,270.453378356
 06/22  11:00:00,282.580826717,221.584095056
 06/22  12:00:00,283.09139187700004,219.813267718
 06/22  13:00:00,273.222871342,208.02609968599998
 06/22  14:00:00,272.02856254200003,204.47773039
 06/22  15:00:00,272.22114542599996,206.183367635
 06/22  16:00:00,299.22543413299996,192.99548762400002
 06/22  17:00:00,331.553230267,208.866357502
 06/22  18:00:00,384.05169682300004,328.38221273700003
 06/22  19:00:00,393.045042565,247.98495165900002
 06/22  20:00:00,424.614499715,242.784410855
 06/22  21:00:00,411.340548626,335.700539441
 06/22  22:00:00,345.67486166099997,250.16124114
 06/22  23:00:00,279.7649952,145.710627461
 06/22  24:00:00,231.59372404200002,98.1643655165
 06/23  01:00:00,217.298866796,83.7152074952
 06/23  02:00:00,191.33557227,77.226600381
 06/23  03:00:00,193.31235939799998,77.2423640163
 06/23  04:00:00,215.93023941200002,99.8284980441
 06/23  05:00:00,246.07780829400002,182.507993082
 06/23  06:00:00,327.47651589,312.339015421
 06/23  07:00:00,401.00761184199996,431.296971121
 06/23  08:00:00,357.479311354,345.056481386
 06/23  09:00:00,326.148007941,294.350353628
 06/23  10:00:00,275.320443051,269.927818206
 06/23  11:00:00,274.366064767,221.510090324
 06/23  12:00:00,273.90915231400004,221.32224331400002
 06/23  13:00:00,264.906486913,206.279683164
 06/23  14:00:00,263.907384732,204.354026067
 06/23  15:00:00,265.82909174900004,206.125998117
 06/23  16:00:00,295.316161267,192.98241988400002
 06/23  17:00:00,326.428347902,208.62404535
 06/23  18:00:00,378.330989443,328.036233529
 06/23  19:00:00,385.065137996,247.70745608200002
 06/23  20:00:00,418.39692338099997,240.727244698
 06/23  21:00:00,408.97948631699995,329.295649953
 06/23  22:00:00,346.620929447,252.29928702599997
 06/23  23:00:00,281.036763824,143.015779878
 06/23  24:00:00,234.18119967400003,104.335915274
 06/24  01:00:00,235.217346653,77.1846885575
 06/24  02:00:00,207.995385433,77.2007207646
 06/24  03:00:00,208.16202603099998,77.2206669449
 06/24  04:00:00,215.198081455,104.469873229
 06/24  05:00:00,226.59044064900002,131.494520891
 06/24  06:00:00,296.77111336400003,187.935825745
 06/24  07:00:00,357.486531679,333.410849394
 06/24  08:00:00,394.445886251,460.77655621400004
 06/24  09:00:00,347.290390422,368.873775121
 06/24  10:00:00,294.759115219,317.697163603
 06/24  11:00:00,286.97114972400004,267.87188893
 06/24  12:00:00,287.910415558,220.018368519
 06/24  13:00:00,280.338491579,210.714004483
 06/24  14:00:00,281.35915014799997,204.595118105
 06/24  15:00:00,278.862631962,212.943616509
 06/24  16:00:00,304.696106426,193.047610596
 06/24  17:00:00,332.088465408,178.761205346
 06/24  18:00:00,398.319912386,212.34261131
 06/24  19:00:00,391.71021101199995,244.48614584599997
 06/24  20:00:00,408.32633756300004,243.81787445
 06/24  21:00:00,408.965567709,233.30162038
 06/24  22:00:00,355.669749635,320.194810138
 06/24  23:00:00,284.158017736,191.917110671
 06/24  24:00:00,235.495500859,104.406457817
 06/25  01:00:00,233.371754695,77.4589741137
 06/25  02:00:00,198.02834293,77.3704565892
 06/25  03:00:00,191.028032968,78.2304378689
 06/25  04:00:00,201.34588987,104.255119742
 06/25  05:00:00,210.59042599900002,132.282557129
 06/25  06:00:00,304.59832686,195.05350107599998
 06/25  07:00:00,367.957038745,333.17856412
 06/25  08:00:00,395.44446835300005,456.600950066
 06/25  09:00:00,337.94238775900004,371.501912306
 06/25  10:00:00,292.83213442,312.474730035
 06/25  11:00:00,287.496742607,268.626163539
 06/25  12:00:00,287.066082716,221.218274103
 06/25  13:00:00,270.13388734,206.310031087
 06/25  14:00:00,270.417018332,204.240789781
 06/25  15:00:00,269.320962194,206.082320479
 06/25  16:00:00,297.932963629,192.939497448
 06/25  17:00:00,327.361443112,180.238573458
 06/25  18:00:00,389.933615884,212.864839399
 06/25  19:00:00,393.82296891,240.692150718
 06/25  20:00:00,419.08957228400004,240.798131376
 06/25  21:00:00,401.765390524,236.92540027
 06/25  22:00:00,348.213506078,317.298216648
 06/25  23:00:00,286.93036224599996,195.241018803
 06/25  24:00:00,232.118035275,104.40348538200001
 06/26  01:00:00,209.78544815200001,77.5218144828
 06/26  02:00:00,202.447038512,78.2064567586
 06/26  03:00:00,208.013587903,77.6510176162
 06/26  04:00:00,213.713588409,102.84047388299999
 06/26  05:00:00,226.32019771900002,174.30253723299998
 06/26  06:00:00,336.352645762,309.341023813
 06/26  07:00:00,400.82150403199995,429.579739056
 06/26  08:00:00,359.130189625,344.3330331
 06/26  09:00:00,329.828701077,293.323035199
 06/26  10:00:00,281.885193643,269.968995095
 06/26  11:00:00,282.25373886,214.80274804299998
 06/26  12:00:00,278.45434107299997,221.236015281
 06/26  13:00:00,269.156329191,206.231765407
 06/26  14:00:00,273.308213805,204.338011995
 06/26  15:00:00,272.171414448,206.047548664
 06/26  16:00:00,297.246793338,192.860234038
 06/26  17:00:00,333.760976362,202.47290720900003
 06/26  18:00:00,388.576193249,327.956368071
 06/26  19:00:00,394.81303846,248.16422697299998
 06/26  20:00:00,426.55747463800003,241.288327005
 06/26  21:00:00,414.18200452,329.18458665599996
 06/26  22:00:00,349.85320919699996,245.47894238900003
 06/26  23:00:00,285.860855112,147.040455871
 06/26  24:00:00,205.05748399,104.24724175200001
 06/27  01:00:00,195.580348084,77.225819507
 06/27  02:00:00,180.261095808,77.5859689899
 06/27  03:00:00,186.008343794,77.4555558383
 06/27  04:00:00,192.111825931,98.16943732040001
 06/27  05:00:00,206.96819808599997,178.988798688
 06/27  06:00:00,321.564045316,309.610641564
 06/27  07:00:00,408.93564501199995,429.07905769800004
 06/27  08:00:00,367.162407817,337.03534875099996
 06/27  09:00:00,338.537180342,299.47463507099997
 06/27  10:00:00,291.157715461,262.96550465900003
 06/27  11:00:00,293.552378726,221.37593100599997
 06/27  12:00:00,296.134772391,214.67456809700002
 06/27  13:00:00,290.346561476,212.768904193
 06/27  14:00:00,290.88977172200003,197.737658304
 06/27  15:00:00,290.218791849,205.98093347900002
 06/27  16:00:00,318.885155601,192.834664795
 06/27  17:00:00,352.823391839,202.21698791900002
 06/27  18:00:00,404.34840513,327.52406452
 06/27  19:00:00,410.745344676,246.334919615
 06/27  20:00:00,440.33411555699996,242.49323699299998
 06/27  21:00:00,426.86188034199995,327.492941723
 06/27  22:00:00,362.341145836,253.698220247
 06/27  23:00:00,288.16310511,177.564984575
 06/27  24:00:00,194.37655535099998,149.838111336
 06/28  01:00:00,189.33908575700002,140.073265854
 06/28  02:00:00,139.306095545,160.651713911
 06/28  03:00:00,156.940890619,154.157510096
 06/28  04:00:00,179.63727184200002,183.384727838
 06/28  05:00:00,208.38366444099998,260.82360687700003
 06/28  06:00:00,322.10998581,388.035648788
 06/28  07:00:00,412.56658439,458.330017016
 06/28  08:00:00,372.34755794800003,340.370423974
 06/28  09:00:00,346.017603198,297.250850849
 06/28  10:00:00,298.595681744,262.92229479400004
 06/28  11:00:00,301.00685277599996,221.48875677900003
 06/28  12:00:00,301.067801797,214.704861767
 06/28  13:00:00,291.449659346,206.122946404
 06/28  14:00:00,292.043148265,204.12103282400003
 06/28  15:00:00,291.920997999,205.88012790099998
 06/28  16:00:00,320.347617542,192.33383144200002
 06/28  17:00:00,354.16283886599996,199.07194513
 06/28  18:00:00,405.93327119,321.656200625
 06/28  19:00:00,412.843942776,234.64856018900002
 06/28  20:00:00,441.44842078,234.517382397
 06/28  21:00:00,427.7027291,321.744115953
 06/28  22:00:00,362.849945452,238.197666251
 06/28  23:00:00,296.982147897,141.262532455
 06/28  24:00:00,194.48302683900002,113.334342515
 06/29  01:00:00,189.651001608,88.079724689
 06/29  02:00:00,165.55430123600001,104.611599577
 06/29  03:00:00,164.407514697,112.316150506
 06/29  04:00:00,161.560196579,143.962979487
 06/29  05:00:00,200.043827977,210.834235468
 06/29  06:00:00,317.005854714,342.82938489599997
 06/29  07:00:00,411.82758415300003,437.60460834699995
 06/29  08:00:00,372.30565656,333.634176196
 06/29  09:00:00,343.466799031,293.26314572
 06/29  10:00:00,294.78640306299997,268.203768481
 06/29  11:00:00,296.245241315,215.827918809
 06/29  12:00:00,296.142630943,220.27944949599998
 06/29  13:00:00,286.98730436299996,206.918365261
 06/29  14:00:00,286.308436658,197.494704077
 06/29  15:00:00,284.223395731,205.820195563
 06/29  16:00:00,312.158158085,192.76437784400002
 06/29  17:00:00,346.278014024,197.7997134
 06/29  18:00:00,396.55396407300003,320.305820154
 06/29  19:00:00,402.56278366099997,233.35746296599999
 06/29  20:00:00,433.13784222,233.17209561299998
 06/29  21:00:00,420.59674872,320.137516477
 06/29  22:00:00,355.28409525,236.685583746
 06/29  23:00:00,289.298307831,135.99762358
 06/29  24:00:00,210.318689804,97.82274533879999
 06/30  01:00:00,195.596167645,77.13755244720001
 06/30  02:00:00,163.68190698799998,77.4638675701
 06/30  03:00:00,162.35052368799998,80.1883499812
 06/30  04:00:00,175.26345706200001,104.3228196
 06/30  05:00:00,215.44402475400003,188.11119572099997
 06/30  06:00:00,317.755423262,316.206383781
 06/30  07:00:00,410.757126776,420.286009495
 06/30  08:00:00,368.16353644300005,336.61873116
 06/30  09:00:00,337.88166754,294.292038962
 06/30  10:00:00,291.49187869599996,262.621814754
 06/30  11:00:00,292.41889827200004,214.51645308099998
 06/30  12:00:00,291.993513322,220.922950688
 06/30  13:00:00,285.273671611,205.89535667099997
 06/30  14:00:00,285.377397196,197.416774565
 06/30  15:00:00,281.1227617,205.748223143
 06/30  16:00:00,304.946612474,192.72835765099998
 06/30  17:00:00,338.741067101,198.076225343
 06/30  18:00:00,392.26846076699997,320.564477575
 06/30  19:00:00,398.44977241099997,233.822389666
 06/30  20:00:00,427.575524575,233.656457014
 06/30  21:00:00,414.67900653199996,313.71292790900003
 06/30  22:00:00,350.632347736,243.340076274
 06/30  23:00:00,285.062637299,129.86868894100002
 06/30  24:00:00,217.542068639,104.12955772
 07/01  01:00:00,215.13989699200002,77.1801877808
 07/01  02:00:00,174.567261682,71.0673966983
 07/01  03:00:00,170.111210507,78.0711679482
 07/01  04:00:00,181.71097725799999,107.86252962
 07/01  05:00:00,204.89237635799998,136.65393327200002
 07/01  06:00:00,283.93722444900004,196.101697213
 07/01  07:00:00,367.217796335,335.305160777
 07/01  08:00:00,407.542164202,456.07638444400004
 07/01  09:00:00,359.17495805199997,362.28451465
 07/01  10:00:00,309.276709139,309.041854802
 07/01  11:00:00,303.317668562,263.16929925200003
 07/01  12:00:00,304.659016431,221.28023572200001
 07/01  13:00:00,295.504343764,206.13021074
 07/01  14:00:00,295.449863772,204.199900019
 07/01  15:00:00,295.281191726,205.975491712
 07/01  16:00:00,324.044515985,192.811089783
 07/01  17:00:00,349.49793317,175.36654240000001
 07/01  18:00:00,414.113082246,200.18233271
 07/01  19:00:00,408.99131698,233.99798647400002
 07/01  20:00:00,424.508173382,234.153311246
 07/01  21:00:00,425.396528789,226.404714595
 07/01  22:00:00,372.17362375,305.181609898
 07/01  23:00:00,297.829922786,197.40237144
 07/01  24:00:00,197.954259106,125.93233578799999
 07/02  01:00:00,180.12817708400001,123.749895812
 07/02  02:00:00,168.130470474,134.744037141
 07/02  03:00:00,146.886496024,132.083875304
 07/02  04:00:00,195.648545453,149.089612564
 07/02  05:00:00,153.788308142,172.887940153
 07/02  06:00:00,295.96261794099996,226.314869519
 07/02  07:00:00,361.37061722,353.276409385
 07/02  08:00:00,408.65444008599997,460.27976379300003
 07/02  09:00:00,353.984523124,361.82386187699996
 07/02  10:00:00,311.179469913,309.18151911
 07/02  11:00:00,309.952652318,262.906440002
 07/02  12:00:00,310.382127528,220.868675647
 07/02  13:00:00,292.365880129,206.16453129299998
 07/02  14:00:00,291.979550064,197.437376392
 07/02  15:00:00,291.293696462,205.731981553
 07/02  16:00:00,319.778022018,187.94362889599998
 07/02  17:00:00,346.72567536300005,176.68026273
 07/02  18:00:00,406.74054581800004,201.13643454
 07/02  19:00:00,408.98894317199995,230.21675479799998
 07/02  20:00:00,433.720593995,226.25930614900003
 07/02  21:00:00,416.63800979,224.03715205900002
 07/02  22:00:00,363.533160274,301.677576332
 07/02  23:00:00,300.439174236,179.948049221
 07/02  24:00:00,215.263203685,100.33555442299999
 07/03  01:00:00,188.022653273,77.1063694133
 07/03  02:00:00,184.15296828799998,71.198958389
 07/03  03:00:00,185.181625713,77.1110443414
 07/03  04:00:00,197.354232249,97.8304993211
 07/03  05:00:00,206.316481753,178.014476714
 07/03  06:00:00,325.561681992,298.82276803
 07/03  07:00:00,407.450298583,413.38568522300005
 07/03  08:00:00,367.65058749199994,329.247502912
 07/03  09:00:00,340.438387266,292.037192996
 07/03  10:00:00,292.731603759,262.83269846900004
 07/03  11:00:00,293.892368439,215.46016996
 07/03  12:00:00,293.03934872,215.812611065
 07/03  13:00:00,283.11104382599996,212.262879209
 07/03  14:00:00,282.395340081,196.638001995
 07/03  15:00:00,282.093952605,204.877653339
 07/03  16:00:00,310.803495781,190.271177004
 07/03  17:00:00,344.93047576099997,198.150996446
 07/03  18:00:00,396.993153147,318.340855965
 07/03  19:00:00,403.994107951,229.672515423
 07/03  20:00:00,434.461672411,232.155257522
 07/03  21:00:00,421.550596605,318.707532496
 07/03  22:00:00,357.73879906,238.660711848
 07/03  23:00:00,292.580962262,132.756405319
 07/03  24:00:00,182.042942874,98.0511545585
 07/04  01:00:00,171.533264722,77.1229829864
 07/04  02:00:00,167.092132183,77.05998563930001
 07/04  03:00:00,157.25506243700002,77.15363589399999
 07/04  04:00:00,173.043587349,97.6536957934
 07/04  05:00:00,193.64234043599998,131.35546603
 07/04  06:00:00,293.97061620799997,187.265174094
 07/04  07:00:00,373.07618825300005,313.625495509
 07/04  08:00:00,402.304143985,446.15329273699996
 07/04  09:00:00,346.585103927,360.316316355
 07/04  10:00:00,302.456539583,308.95788803
 07/04  11:00:00,298.39603821,263.018711719
 07/04  12:00:00,296.52428480000003,219.230061171
 07/04  13:00:00,276.90791972799997,208.677821939
 07/04  14:00:00,276.086075246,198.210475277
 07/04  15:00:00,275.225728885,206.564967517
 07/04  16:00:00,305.31820732799997,187.48259777799998
 07/04  17:00:00,333.645573206,177.29254682299998
 07/04  18:00:00,393.52981893099997,200.88188894299998
 07/04  19:00:00,396.400740999,234.25666111299998
 07/04  20:00:00,421.815091569,227.182828963
 07/04  21:00:00,404.629053478,226.68390719299998
 07/04  22:00:00,352.170543685,305.266487612
 07/04  23:00:00,290.009810902,180.65831694599999
 07/04  24:00:00,214.829337067,104.114682445
 07/05  01:00:00,198.100498991,70.8936029641
 07/05  02:00:00,190.642795882,77.04663845399999
 07/05  03:00:00,186.433469761,77.04861424939999
 07/05  04:00:00,180.1322635,97.791640495
 07/05  05:00:00,222.363250503,171.37554271
 07/05  06:00:00,336.32294721,299.648392086
 07/05  07:00:00,404.537365684,414.44285244
 07/05  08:00:00,363.26360784,330.182446525
 07/05  09:00:00,336.050157365,291.735307158
 07/05  10:00:00,287.60742488200003,257.77167521
 07/05  11:00:00,287.884954262,219.529115333
 07/05  12:00:00,288.775796265,214.749855717
 07/05  13:00:00,283.494802382,206.040952005
 07/05  14:00:00,286.292906872,197.335703468
 07/05  15:00:00,285.817348932,205.605974753
 07/05  16:00:00,313.389876131,186.27698423799998
 07/05  17:00:00,346.12301894800004,199.10526681
 07/05  18:00:00,396.841284131,315.337749799
 07/05  19:00:00,404.58570400599996,233.724331277
 07/05  20:00:00,434.12517786,235.239450102
 07/05  21:00:00,418.848785925,313.283274064
 07/05  22:00:00,354.034151064,238.826277017
 07/05  23:00:00,288.91130545,139.33710743700001
 07/05  24:00:00,196.99064981599997,98.19406886610001
 07/06  01:00:00,185.33022285299998,71.8493116217
 07/06  02:00:00,175.36817859599998,85.48861638689999
 07/06  03:00:00,174.3388112,93.55464625329999
 07/06  04:00:00,180.523001551,120.499360992
 07/06  05:00:00,199.18322451900002,210.46415033
 07/06  06:00:00,324.784161063,351.611229228
 07/06  07:00:00,412.663835656,444.38224560300006
 07/06  08:00:00,368.94612826699995,333.97345389099996
 07/06  09:00:00,339.755452534,284.29487934900004
 07/06  10:00:00,294.54050825400003,262.037175466
 07/06  11:00:00,298.86334621599997,214.40363587599998
 07/06  12:00:00,301.609136713,217.661847016
 07/06  13:00:00,291.897080108,204.10251511099997
 07/06  14:00:00,291.907157109,195.38553225599998
 07/06  15:00:00,292.615229583,205.48345388299998
 07/06  16:00:00,320.827965839,192.55437967900002
 07/06  17:00:00,354.939486235,191.62272841799998
 07/06  18:00:00,406.32010295,319.905763481
 07/06  19:00:00,412.60493115199995,226.98090519099998
 07/06  20:00:00,441.47993889599996,233.894844503
 07/06  21:00:00,427.714107357,311.74750207700004
 07/06  22:00:00,360.61198446599997,237.36271722
 07/06  23:00:00,293.634444521,133.633898991
 07/06  24:00:00,192.934331917,103.373853304
 07/07  01:00:00,184.049994532,82.65657520319999
 07/07  02:00:00,175.141956771,96.5705049434
 07/07  03:00:00,165.888776824,98.8250659562
 07/07  04:00:00,171.86275578,127.50485268899999
 07/07  05:00:00,209.08498049099998,203.65202769400003
 07/07  06:00:00,334.335736486,333.820663104
 07/07  07:00:00,414.346400337,419.73122375199995
 07/07  08:00:00,372.577886835,329.05334942
 07/07  09:00:00,342.862915702,291.365908419
 07/07  10:00:00,294.738288114,261.929717434
 07/07  11:00:00,296.74725887299996,214.16572433599998
 07/07  12:00:00,299.354187046,214.023071526
 07/07  13:00:00,290.272761632,205.54913769
 07/07  14:00:00,287.164087886,197.07858824599998
 07/07  15:00:00,286.748749932,204.466173682
 07/07  16:00:00,314.913345389,187.12830266
 07/07  17:00:00,347.94182001800004,197.67755509
 07/07  18:00:00,398.942912042,311.299963199
 07/07  19:00:00,403.13166761199994,233.025810823
 07/07  20:00:00,430.26371033099997,225.89433109
 07/07  21:00:00,415.492756965,310.590136838
 07/07  22:00:00,349.88689134599997,236.273630247
 07/07  23:00:00,284.67345221700003,133.647838761
 07/07  24:00:00,222.51573153200002,99.7065208325
 07/08  01:00:00,218.556513215,70.9486943257
 07/08  02:00:00,185.440995477,76.94141449039999
 07/08  03:00:00,177.02136725900002,70.9590363197
 07/08  04:00:00,191.82098019400001,97.9255928839
 07/08  05:00:00,203.385541621,130.813711319
 07/08  06:00:00,286.966768004,179.64637550400002
 07/08  07:00:00,361.821331985,312.993009083
 07/08  08:00:00,400.559840989,442.766284672
 07/08  09:00:00,354.81759944699996,358.749707634
 07/08  10:00:00,303.499703248,302.00630978099997
 07/08  11:00:00,298.171178813,260.986449052
 07/08  12:00:00,300.264397637,220.820514541
 07/08  13:00:00,292.903670932,205.79572269099998
 07/08  14:00:00,294.607518847,197.32497359799999
 07/08  15:00:00,296.042574998,205.649777577
 07/08  16:00:00,326.33081529599997,186.29305774099998
 07/08  17:00:00,351.902257496,175.05791669099997
 07/08  18:00:00,410.98331389699996,199.96456289900001
 07/08  19:00:00,397.89117646,233.37588648099998
 07/08  20:00:00,410.757833254,226.551836915
 07/08  21:00:00,411.834421705,221.086375366
 07/08  22:00:00,360.642614191,299.813877745
 07/08  23:00:00,289.692680117,183.15119386400002
 07/08  24:00:00,257.305924293,97.5728652959
 07/09  01:00:00,260.28081889099997,71.1920735465
 07/09  02:00:00,232.01713577,76.8531874811
 07/09  03:00:00,223.048985802,77.059227908
 07/09  04:00:00,218.92232695599998,97.77936341280001
 07/09  05:00:00,231.024955232,124.50729603799999
 07/09  06:00:00,296.686146933,186.750218988
 07/09  07:00:00,364.768084428,313.048855254
 07/09  08:00:00,393.825198843,442.422073195
 07/09  09:00:00,338.711295404,355.207818819
 07/09  10:00:00,296.191394693,304.542413769
 07/09  11:00:00,294.650596813,262.165030882
 07/09  12:00:00,296.119095011,213.94960197400002
 07/09  13:00:00,276.084942484,205.60748602
 07/09  14:00:00,275.260440655,196.99770322
 07/09  15:00:00,276.88449323099996,198.818071774
 07/09  16:00:00,308.711978207,192.445957762
 07/09  17:00:00,337.489161179,170.440351128
 07/09  18:00:00,397.805272002,198.84572381099997
 07/09  19:00:00,396.363936624,233.694115236
 07/09  20:00:00,420.49021978300004,226.64670663299998
 07/09  21:00:00,407.24555902300006,219.149708922
 07/09  22:00:00,354.71023946099996,302.437048242
 07/09  23:00:00,291.948801017,177.012965073
 07/09  24:00:00,234.133856138,97.64597483770001
 07/10  01:00:00,205.16158848799998,77.022859713
 07/10  02:00:00,184.029694235,70.9899433765
 07/10  03:00:00,178.87553596700002,77.1193376387
 07/10  04:00:00,194.126188196,97.9366445215
 07/10  05:00:00,228.51344328,170.833115531
 07/10  06:00:00,322.409902767,296.831355983
 07/10  07:00:00,402.261078154,404.426473686
 07/10  08:00:00,361.208315258,328.69795211
 07/10  09:00:00,332.104020441,283.725488828
 07/10  10:00:00,283.846650062,261.658200786
 07/10  11:00:00,288.585451793,214.03353533799998
 07/10  12:00:00,291.232766609,213.886946025
 07/10  13:00:00,280.514831754,205.428013595
 07/10  14:00:00,275.01492444400003,190.432836779
 07/10  15:00:00,275.774679508,205.278388808
 07/10  16:00:00,304.183232965,186.145505595
 07/10  17:00:00,336.66179932,198.61776146900002
 07/10  18:00:00,388.205236701,312.465072083
 07/10  19:00:00,394.360741595,233.31860019599998
 07/10  20:00:00,424.752283266,229.103276715
 07/10  21:00:00,411.76171904,311.933722719
 07/10  22:00:00,348.250441874,233.988808455
 07/10  23:00:00,283.431959348,135.45005183
 07/10  24:00:00,211.132948321,97.5297778452
 07/11  01:00:00,196.481865075,70.8188665768
 07/11  02:00:00,188.557008218,77.0415166477
 07/11  03:00:00,184.704561125,70.91650546390001
 07/11  04:00:00,171.88569619,97.6662441
 07/11  05:00:00,207.349476745,170.74851345
 07/11  06:00:00,330.77529942900003,296.68913548
 07/11  07:00:00,406.86193737400004,405.13642999800004
 07/11  08:00:00,363.00026659900004,328.85691412799997
 07/11  09:00:00,330.49526581599997,286.699135814
 07/11  10:00:00,281.645140638,258.67065186
 07/11  11:00:00,285.221707798,214.003202469
 07/11  12:00:00,286.72532647400004,213.852531382
 07/11  13:00:00,274.29194019700003,205.390538793
 07/11  14:00:00,272.058826509,190.41086885200002
 07/11  15:00:00,270.763377777,205.241440453
 07/11  16:00:00,298.52045998200003,186.11894117900002
 07/11  17:00:00,332.451567678,199.045743278
 07/11  18:00:00,384.23326415800005,312.930359144
 07/11  19:00:00,392.55993588,228.301061564
 07/11  20:00:00,422.248934567,231.53149923
 07/11  21:00:00,408.528712578,312.640467898
 07/11  22:00:00,344.34112476300004,235.359442071
 07/11  23:00:00,278.820532888,132.36255144
 07/11  24:00:00,241.17741874900003,97.5833711793
 07/12  01:00:00,225.466752535,77.1382955558
 07/12  02:00:00,207.746308513,70.7847587366
 07/12  03:00:00,209.799639949,76.91619342050001
 07/12  04:00:00,222.637090498,97.56826666100001
 07/12  05:00:00,232.521118968,170.436384236
 07/12  06:00:00,346.159768615,293.519138521
 07/12  07:00:00,396.27798173,406.790810478
 07/12  08:00:00,354.08292247,323.076390774
 07/12  09:00:00,325.303331727,290.672634832
 07/12  10:00:00,277.362159706,254.653772432
 07/12  11:00:00,278.610076807,213.954024255
 07/12  12:00:00,279.036541004,213.81388490700002
 07/12  13:00:00,268.973594033,205.345431486
 07/12  14:00:00,271.006854896,190.37035177099997
 07/12  15:00:00,273.023578026,205.202585256
 07/12  16:00:00,303.662718632,186.094896847
 07/12  17:00:00,339.90835612,199.431280495
 07/12  18:00:00,392.030509149,313.365429738
 07/12  19:00:00,396.646771755,228.861208737
 07/12  20:00:00,424.744446954,228.882929752
 07/12  21:00:00,411.124188773,312.965065242
 07/12  22:00:00,345.928800612,239.319026557
 07/12  23:00:00,279.631535156,132.914764061
 07/12  24:00:00,244.37969437900003,97.5543647254
 07/13  01:00:00,226.786618471,71.0252770033
 07/13  02:00:00,205.00161203099998,76.9015112086
 07/13  03:00:00,198.782023093,70.7927639116
 07/13  04:00:00,212.805479877,97.6340330198
 07/13  05:00:00,244.193020537,170.38195258
 07/13  06:00:00,325.149512121,296.28441683200003
 07/13  07:00:00,400.429293771,406.071196919
 07/13  08:00:00,358.067624758,324.521517345
 07/13  09:00:00,329.182992491,287.593063277
 07/13  10:00:00,280.912549742,254.584375249
 07/13  11:00:00,282.505942253,213.921019894
 07/13  12:00:00,282.21868479799997,213.77197574
 07/13  13:00:00,272.383173769,205.30795075
 07/13  14:00:00,267.571483009,190.32630291700002
 07/13  15:00:00,264.979233852,205.16628069
 07/13  16:00:00,294.56931737900004,186.07999599299998
 07/13  17:00:00,329.445669376,199.80177968099997
 07/13  18:00:00,381.67138554699994,313.072193879
 07/13  19:00:00,389.601444795,229.991786371
 07/13  20:00:00,421.444300147,229.500201746
 07/13  21:00:00,408.56955082900004,313.312767721
 07/13  22:00:00,343.235621596,232.70875966
 07/13  23:00:00,278.243318265,138.282029031
 07/13  24:00:00,230.726627708,93.61027809870001
 07/14  01:00:00,223.61822891900002,77.1775762457
 07/14  02:00:00,215.355671043,71.0563034361
 07/14  03:00:00,204.24670459400002,76.9273824308
 07/14  04:00:00,209.98041443,97.54388397860001
 07/14  05:00:00,250.24014694299998,167.09899146700002
 07/14  06:00:00,336.896125722,292.044321167
 07/14  07:00:00,398.970035201,406.160503128
 07/14  08:00:00,357.770175655,329.26121235200003
 07/14  09:00:00,325.894758928,283.200285715
 07/14  10:00:00,275.431669493,258.134515234
 07/14  11:00:00,277.08365472400004,210.546151272
 07/14  12:00:00,274.330113601,213.638256017
 07/14  13:00:00,265.07525011,205.266754829
 07/14  14:00:00,267.203661893,190.301923293
 07/14  15:00:00,268.16572484,205.133761299
 07/14  16:00:00,299.274158962,186.05643086700002
 07/14  17:00:00,335.612719285,198.12251451900002
 07/14  18:00:00,387.893694946,311.12570959
 07/14  19:00:00,394.412033654,233.449222462
 07/14  20:00:00,422.797960082,229.541465737
 07/14  21:00:00,408.520318625,313.228152454
 07/14  22:00:00,343.919454986,232.787134863
 07/14  23:00:00,278.339002765,133.806653649
 07/14  24:00:00,249.898259015,97.4475539524
 07/15  01:00:00,247.11870441099998,70.743176837
 07/15  02:00:00,206.767368496,76.87736811
 07/15  03:00:00,199.85395741099998,70.7628703031
 07/15  04:00:00,206.475275622,97.7696317823
 07/15  05:00:00,219.365508802,124.49433469
 07/15  06:00:00,298.397112243,179.22666965599998
 07/15  07:00:00,354.577239095,316.79302664799997
 07/15  08:00:00,389.54773163199997,433.95335304300005
 07/15  09:00:00,340.970707724,355.74785672900003
 07/15  10:00:00,289.08924040200003,299.757294
 07/15  11:00:00,282.98263419299997,261.699721345
 07/15  12:00:00,284.156768656,214.00363945799998
 07/15  13:00:00,275.292325946,205.52199731599998
 07/15  14:00:00,276.564094661,190.52566712400002
 07/15  15:00:00,277.67921394,205.37324159099998
 07/15  16:00:00,306.670554625,186.15018141299998
 07/15  17:00:00,333.035758153,176.923211092
 07/15  18:00:00,397.36113045699994,202.39894328
 07/15  19:00:00,387.585517611,229.23898259799998
 07/15  20:00:00,402.958486939,229.68017549799998
 07/15  21:00:00,406.91726007,221.95646307299998
 07/15  22:00:00,355.62531185800003,301.191589861
 07/15  23:00:00,283.213895052,177.793229046
 07/15  24:00:00,264.503556603,95.97606279530001
 07/16  01:00:00,256.49527485,76.9318587863
 07/16  02:00:00,215.34795336099998,70.9004338956
 07/16  03:00:00,215.332616245,77.0446242442
 07/16  04:00:00,225.909071031,97.5454456088
 07/16  05:00:00,232.534417381,124.269152105
 07/16  06:00:00,330.988608708,179.672161755
 07/16  07:00:00,368.399424263,316.872027255
 07/16  08:00:00,392.926992824,431.95006627699996
 07/16  09:00:00,330.51259533900003,357.099870614
 07/16  10:00:00,289.175714065,299.906248066
 07/16  11:00:00,289.015356727,261.641752762
 07/16  12:00:00,290.069615864,207.15392625599998
 07/16  13:00:00,270.493755008,205.34416375
 07/16  14:00:00,271.32078093900003,196.74296033
 07/16  15:00:00,273.165297392,198.552196353
 07/16  16:00:00,302.988625665,186.01094587900002
 07/16  17:00:00,324.90959338700003,176.786703127
 07/16  18:00:00,397.83584815300003,196.13258547
 07/16  19:00:00,397.979249097,229.032972217
 07/16  20:00:00,421.17572128,229.13486448400002
 07/16  21:00:00,405.169264031,221.74915912400002
 07/16  22:00:00,353.86269913800004,297.88978813
 07/16  23:00:00,291.19198769400003,178.838930845
 07/16  24:00:00,271.035974484,97.49951311299999
 07/17  01:00:00,228.574584585,70.7892586024
 07/17  02:00:00,220.70599555200002,76.857960233
 07/17  03:00:00,206.39607047799998,70.7468076257
 07/17  04:00:00,220.63965915900002,97.47272073149999
 07/17  05:00:00,256.029058375,170.206200014
 07/17  06:00:00,359.86773349199996,287.567396397
 07/17  07:00:00,410.587071533,405.85834340900004
 07/17  08:00:00,363.702597764,328.74172170099996
 07/17  09:00:00,330.740103953,282.858579125
 07/17  10:00:00,279.89027992900003,254.32153672299998
 07/17  11:00:00,279.491555188,213.79875387799999
 07/17  12:00:00,276.622809994,213.63204950000002
 07/17  13:00:00,268.722476027,198.638110386
 07/17  14:00:00,268.58773866,196.723601765
 07/17  15:00:00,272.3806353,198.555339971
 07/17  16:00:00,298.851579744,186.00478609200002
 07/17  17:00:00,339.115057468,193.132630503
 07/17  18:00:00,387.34255269199997,313.22884549099996
 07/17  19:00:00,389.402355706,228.61831534400002
 07/17  20:00:00,415.982105704,229.34178406
 07/17  21:00:00,401.08623915,311.602280661
 07/17  22:00:00,337.29287519400003,232.192344331
 07/17  23:00:00,274.135148544,134.531595434
 07/17  24:00:00,259.966012299,97.3953211327
 07/18  01:00:00,241.77923985400002,70.7120844235
 07/18  02:00:00,225.02203901400003,76.8812483664
 07/18  03:00:00,231.995369505,70.7323626883
 07/18  04:00:00,222.61201090900002,97.4468964564
 07/18  05:00:00,264.770553875,164.672398564
 07/18  06:00:00,363.445445349,293.696125064
 07/18  07:00:00,409.34253353800005,405.885109433
 07/18  08:00:00,359.144637975,320.916532491
 07/18  09:00:00,322.946041531,282.826476592
 07/18  10:00:00,271.131579081,260.714016415
 07/18  11:00:00,275.623375948,207.556565962
 07/18  12:00:00,278.526770525,213.623931871
 07/18  13:00:00,267.83461244299997,205.148395253
 07/18  14:00:00,263.701510115,190.17049814700002
 07/18  15:00:00,272.635857676,198.51807884099998
 07/18  16:00:00,300.199595006,186.01448110099997
 07/18  17:00:00,333.43576723900003,199.705747859
 07/18  18:00:00,380.676509111,307.520571282
 07/18  19:00:00,385.66041103199996,232.39738937299998
 07/18  20:00:00,419.008437203,224.021073288
 07/18  21:00:00,410.13267095599997,311.600535782
 07/18  22:00:00,344.382231672,233.287294316
 07/18  23:00:00,278.444821037,134.642521511
 07/18  24:00:00,257.433598928,97.37141447049999
 07/19  01:00:00,246.055934837,70.7662897224
 07/19  02:00:00,236.46490948599998,77.0230046585
 07/19  03:00:00,236.68452296,70.8077244954
 07/19  04:00:00,233.328932451,97.55563195559999
 07/19  05:00:00,266.083390584,165.207368359
 07/19  06:00:00,355.366459564,293.003882667
 07/19  07:00:00,408.906299575,406.356792679
 07/19  08:00:00,359.755498957,321.024409758
 07/19  09:00:00,324.003536919,282.678318398
 07/19  10:00:00,272.668134798,254.197762762
 07/19  11:00:00,275.098363175,213.721186612
 07/19  12:00:00,276.149112958,213.571199173
 07/19  13:00:00,268.843088315,198.61785495599997
 07/19  14:00:00,276.875435266,196.660348602
 07/19  15:00:00,279.813629605,198.489923318
 07/19  16:00:00,306.957648009,185.970731737
 07/19  17:00:00,343.242561027,193.318681433
 07/19  18:00:00,395.89343845300004,313.582214186
 07/19  19:00:00,400.7839297,229.879492595
 07/19  20:00:00,434.81797951199997,230.026801142
 07/19  21:00:00,419.89701594,309.46767258299997
 07/19  22:00:00,352.627759318,236.679212697
 07/19  23:00:00,284.862987194,134.69079106799998
 07/19  24:00:00,261.27486029700003,91.0999645013
 07/20  01:00:00,250.90839123900003,76.8402849752
 07/20  02:00:00,242.731714082,70.8624276539
 07/20  03:00:00,239.020394026,70.8118385139
 07/20  04:00:00,249.713819443,97.6431636399
 07/20  05:00:00,270.649894786,169.685986318
 07/20  06:00:00,360.25469858,287.73149754
 07/20  07:00:00,413.94687616699997,406.345996415
 07/20  08:00:00,365.876193701,320.969964675
 07/20  09:00:00,333.229339381,282.608513503
 07/20  10:00:00,284.943778943,254.146129968
 07/20  11:00:00,287.65401974599996,213.702799581
 07/20  12:00:00,288.332273456,213.56011474299999
 07/20  13:00:00,276.093231172,198.59345525900002
 07/20  14:00:00,275.674025629,196.619737285
 07/20  15:00:00,276.689857808,198.46128067799998
 07/20  16:00:00,306.073907523,185.980761452
 07/20  17:00:00,340.621681838,193.31829868900002
 07/20  18:00:00,394.932231295,313.548269084
 07/20  19:00:00,399.49968875,229.882857457
 07/20  20:00:00,426.445484099,228.265816354
 07/20  21:00:00,412.383748055,306.857072494
 07/20  22:00:00,348.300435292,233.334088495
 07/20  23:00:00,281.75484103599996,134.845658014
 07/20  24:00:00,260.867803715,97.34301541090001
 07/21  01:00:00,251.942080709,70.7130810304
 07/21  02:00:00,245.952991362,76.3224320879
 07/21  03:00:00,240.82345351200001,71.4501915482
 07/21  04:00:00,248.616919974,94.8425590374
 07/21  05:00:00,273.552736692,166.334541576
 07/21  06:00:00,365.26276166800005,291.84127425599996
 07/21  07:00:00,408.609528996,400.90794195800004
 07/21  08:00:00,362.928414249,326.256824316
 07/21  09:00:00,329.800349663,284.676635717
 07/21  10:00:00,279.977917793,254.091255294
 07/21  11:00:00,281.604977088,207.165608009
 07/21  12:00:00,284.624475034,213.533749555
 07/21  13:00:00,274.038329083,198.86752430299998
 07/21  14:00:00,265.354007898,196.288717429
 07/21  15:00:00,264.320228217,198.405473925
 07/21  16:00:00,292.280144914,185.93494645400003
 07/21  17:00:00,337.278988841,193.562435675
 07/21  18:00:00,392.610730537,313.747591335
 07/21  19:00:00,401.02839301800003,230.217825982
 07/21  20:00:00,434.948691628,228.677156889
 07/21  21:00:00,418.534188837,307.566929033
 07/21  22:00:00,352.184891031,233.59326652299998
 07/21  23:00:00,285.522899984,136.100355386
 07/21  24:00:00,256.678210427,97.3436345768
 07/22  01:00:00,254.095155847,70.719650944
 07/22  02:00:00,239.198149968,70.8983490884
 07/22  03:00:00,234.655451326,76.9190866542
 07/22  04:00:00,245.915359756,91.3770450414
 07/22  05:00:00,251.204504452,124.003672829
 07/22  06:00:00,326.68206919700003,179.104911903
 07/22  07:00:00,368.7306626,313.053376066
 07/22  08:00:00,408.460250323,433.51481718400004
 07/22  09:00:00,359.07463633,350.860484501
 07/22  10:00:00,304.36216618099996,298.993434689
 07/22  11:00:00,298.255384784,254.625392721
 07/22  12:00:00,302.19513309900003,213.880786934
 07/22  13:00:00,292.457429851,204.698659836
 07/22  14:00:00,291.36016333599997,191.103675143
 07/22  15:00:00,295.53160562,205.23948510900001
 07/22  16:00:00,327.868310645,186.0903403
 07/22  17:00:00,359.128868249,171.373741397
 07/22  18:00:00,417.094156217,203.883215779
 07/22  19:00:00,402.465894004,224.116374392
 07/22  20:00:00,421.352982656,230.30195345400003
 07/22  21:00:00,419.27212785300003,223.18698548400002
 07/22  22:00:00,370.270217648,297.11626159
 07/22  23:00:00,301.633048552,184.036474946
 07/22  24:00:00,252.423394625,97.34013543549999
 07/23  01:00:00,259.071995033,70.7965134079
 07/23  02:00:00,245.842497241,70.97372780229999
 07/23  03:00:00,242.03949554599998,76.9858366303
 07/23  04:00:00,252.970615025,91.3970913705
 07/23  05:00:00,257.269989722,124.115888074
 07/23  06:00:00,325.091236659,184.842192605
 07/23  07:00:00,378.55028836,312.336283752
 07/23  08:00:00,411.74507036,430.555656506
 07/23  09:00:00,354.419291415,348.020815608
 07/23  10:00:00,306.240436902,299.473028677
 07/23  11:00:00,302.190159743,261.5233443
 07/23  12:00:00,304.008489113,206.989556569
 07/23  13:00:00,287.010699052,205.77335432900003
 07/23  14:00:00,286.944045307,190.400282186
 07/23  15:00:00,285.011774836,198.56733065900002
 07/23  16:00:00,314.21597250400004,186.024885024
 07/23  17:00:00,346.617322589,172.0555658
 07/23  18:00:00,408.90193123800003,204.285014294
 07/23  19:00:00,410.588955792,228.79527667
 07/23  20:00:00,435.867102877,225.464876499
 07/23  21:00:00,414.733634287,223.25723407700002
 07/23  22:00:00,362.445620287,297.491495884
 07/23  23:00:00,298.709767187,178.441514355
 07/23  24:00:00,269.782973928,97.4328147001
 07/24  01:00:00,245.668633906,70.7343009726
 07/24  02:00:00,240.72048469,77.04025943890001
 07/24  03:00:00,236.223058082,70.7960429648
 07/24  04:00:00,238.420850875,93.9563437523
 07/24  05:00:00,263.564341873,167.14146261
 07/24  06:00:00,353.137619684,286.705815039
 07/24  07:00:00,417.994297313,406.564885259
 07/24  08:00:00,373.482301131,321.159659112
 07/24  09:00:00,342.511948282,282.239869141
 07/24  10:00:00,292.328974667,254.01151841700002
 07/24  11:00:00,293.370538415,213.94451535099998
 07/24  12:00:00,294.655335911,207.092447645
 07/24  13:00:00,287.976889206,205.078646322
 07/24  14:00:00,291.88394898900003,190.125780918
 07/24  15:00:00,294.52463650000004,198.36849671
 07/24  16:00:00,323.156845095,185.890937501
 07/24  17:00:00,360.04259093300004,193.96225371900002
 07/24  18:00:00,415.917945098,312.441197453
 07/24  19:00:00,422.98112285699995,226.215945413
 07/24  20:00:00,453.255765341,229.731743332
 07/24  21:00:00,436.188701936,309.864625568
 07/24  22:00:00,367.581817811,232.64226474400002
 07/24  23:00:00,299.834788698,135.278109235
 07/24  24:00:00,250.20463509599998,97.30351711680001
 07/25  01:00:00,238.869925053,70.71355069260001
 07/25  02:00:00,234.882164732,70.90088030390001
 07/25  03:00:00,226.188490274,76.8757112533
 07/25  04:00:00,228.762659478,91.3329754083
 07/25  05:00:00,251.98432421400003,170.775031509
 07/25  06:00:00,342.76876993,294.831730808
 07/25  07:00:00,401.79046307,404.985476936
 07/25  08:00:00,380.353292625,323.147146292
 07/25  09:00:00,348.494535163,282.095535007
 07/25  10:00:00,296.89068309,253.90783765
 07/25  11:00:00,297.628039506,207.17220502799998
 07/25  12:00:00,299.248305948,213.51152173900002
 07/25  13:00:00,291.397751331,198.55204413799999
 07/25  14:00:00,291.175850977,190.092156555
 07/25  15:00:00,293.777121461,204.81911701299998
 07/25  16:00:00,324.95220467,179.629301555
 07/25  17:00:00,359.82122680599997,195.760126126
 07/25  18:00:00,410.797837422,311.701817136
 07/25  19:00:00,415.72842744900004,230.57399233799998
 07/25  20:00:00,444.83460752199994,223.840040355
 07/25  21:00:00,426.29211576,313.39626191900004
 07/25  22:00:00,361.84413804900004,233.93162991900002
 07/25  23:00:00,295.925431162,130.140789691
 07/25  24:00:00,256.279048258,97.29496005719999
 07/26  01:00:00,244.846877356,70.7008966692
 07/26  02:00:00,239.345257688,70.89896212010001
 07/26  03:00:00,230.58432921099998,76.8731932355
 07/26  04:00:00,237.483159647,91.30712988799999
 07/26  05:00:00,258.257572213,169.835771531
 07/26  06:00:00,351.206504444,286.41879372
 07/26  07:00:00,420.237571771,401.95596826
 07/26  08:00:00,377.849502549,324.482060859
 07/26  09:00:00,343.533192463,280.18609407400004
 07/26  10:00:00,290.787729005,251.942098834
 07/26  11:00:00,291.57746752400004,210.54807548099998
 07/26  12:00:00,290.342724325,213.41618908200002
 07/26  13:00:00,279.64152698099997,198.46853242900002
 07/26  14:00:00,279.198003186,190.017294616
 07/26  15:00:00,278.283794126,198.324508928
 07/26  16:00:00,307.626637145,185.884812783
 07/26  17:00:00,344.880495874,194.20787519599997
 07/26  18:00:00,399.28147412199996,314.10110481
 07/26  19:00:00,407.86504430400004,225.487134032
 07/26  20:00:00,442.04103479800006,229.59437842
 07/26  21:00:00,425.566722013,306.740691599
 07/26  22:00:00,358.95992634199996,233.49539322200002
 07/26  23:00:00,292.047719234,137.486228536
 07/26  24:00:00,254.96229815200002,97.2990372843
 07/27  01:00:00,241.79768205,70.72695751970001
 07/27  02:00:00,229.84300579700002,70.86668798
 07/27  03:00:00,223.327014695,70.7787779626
 07/27  04:00:00,219.008703407,97.5717123528
 07/27  05:00:00,253.643655067,163.06239844700002
 07/27  06:00:00,347.84263686599996,290.540624449
 07/27  07:00:00,417.98802417900004,401.379236381
 07/27  08:00:00,376.018462693,320.918626607
 07/27  09:00:00,345.024242895,282.04228937700003
 07/27  10:00:00,293.148328752,253.828319955
 07/27  11:00:00,291.716130702,213.219081185
 07/27  12:00:00,291.149334969,207.30006621200002
 07/27  13:00:00,279.878415639,198.499525282
 07/27  14:00:00,278.312101282,194.81798043900002
 07/27  15:00:00,276.354440018,200.083241472
 07/27  16:00:00,303.352469312,184.97853967400002
 07/27  17:00:00,340.09984935,195.148598085
 07/27  18:00:00,392.50429831300005,306.582888381
 07/27  19:00:00,398.50621254,230.912951118
 07/27  20:00:00,432.67577606699996,224.66910983900001
 07/27  21:00:00,420.28528199699997,313.037203183
 07/27  22:00:00,354.10335649800004,232.83099380599998
 07/27  23:00:00,287.09659574,133.414568747
 07/27  24:00:00,252.71629089299998,97.28719097049999
 07/28  01:00:00,245.74733232900002,70.7197204805
 07/28  02:00:00,225.753385241,70.792219927
 07/28  03:00:00,235.33677153,70.8946206042
 07/28  04:00:00,227.264569852,97.3894363702
 07/28  05:00:00,266.541414433,163.204125822
 07/28  06:00:00,354.47850704300004,291.27942934099997
 07/28  07:00:00,412.77350239199995,400.283301988
 07/28  08:00:00,366.157981792,320.757988732
 07/28  09:00:00,334.73184714900003,281.976893392
 07/28  10:00:00,286.841954038,253.829735485
 07/28  11:00:00,286.87936266099996,208.992848571
 07/28  12:00:00,289.166749755,211.64845062900002
 07/28  13:00:00,282.77091422,198.550820614
 07/28  14:00:00,286.92375689799997,190.07948064099998
 07/28  15:00:00,279.781748905,204.798608177
 07/28  16:00:00,302.74409405299997,179.591918394
 07/28  17:00:00,340.144445855,194.023178682
 07/28  18:00:00,392.548444608,313.853249994
 07/28  19:00:00,399.772900505,225.11525759
 07/28  20:00:00,432.734579149,229.618740425
 07/28  21:00:00,416.468108585,305.674775452
 07/28  22:00:00,350.235406721,234.06662403599998
 07/28  23:00:00,282.753846936,136.835581824
 07/28  24:00:00,258.111541958,93.0083281066
 07/29  01:00:00,258.359395436,74.8454720996
 07/29  02:00:00,240.475040912,70.8612423753
 07/29  03:00:00,237.17903864299998,70.7415620635
 07/29  04:00:00,235.98292735299998,97.5620771378
 07/29  05:00:00,247.042134005,117.454454848
 07/29  06:00:00,325.536581922,178.81809038900002
 07/29  07:00:00,364.675862345,310.923618235
 07/29  08:00:00,404.40628643,429.094449021
 07/29  09:00:00,353.85797646,346.906833921
 07/29  10:00:00,296.415881845,298.57788807400004
 07/29  11:00:00,288.27765655,254.13926412400002
 07/29  12:00:00,288.631014538,213.637466152
 07/29  13:00:00,278.722753478,198.666242311
 07/29  14:00:00,278.139414888,196.68287315599997
 07/29  15:00:00,274.171181414,198.575103671
 07/29  16:00:00,307.648634936,185.942245711
 07/29  17:00:00,335.476392522,171.501119022
 07/29  18:00:00,402.747337623,204.339822394
 07/29  19:00:00,397.096377352,223.587490007
 07/29  20:00:00,415.80263647699996,230.978545905
 07/29  21:00:00,414.38917041,218.658215202
 07/29  22:00:00,362.584060089,297.353638477
 07/29  23:00:00,292.31926231,182.898952491
 07/29  24:00:00,259.351055285,95.51041523159999
 07/30  01:00:00,265.071054639,72.4483805411
 07/30  02:00:00,246.97051969900002,70.9088090477
 07/30  03:00:00,242.845112185,70.8025855689
 07/30  04:00:00,246.85142346400002,97.5376842872
 07/30  05:00:00,257.355403285,123.98276954200001
 07/30  06:00:00,325.634948238,179.170745169
 07/30  07:00:00,376.883533909,310.841966289
 07/30  08:00:00,407.95963583400004,428.907287785
 07/30  09:00:00,348.021011641,347.162169224
 07/30  10:00:00,295.477230732,298.74425074
 07/30  11:00:00,288.796667071,254.11116896
 07/30  12:00:00,288.918720697,206.866825636
 07/30  13:00:00,268.180998125,205.191533827
 07/30  14:00:00,270.196934022,190.32372130000002
 07/30  15:00:00,276.284177632,198.48734073900002
 07/30  16:00:00,305.628191246,186.001764919
 07/30  17:00:00,337.81710794400004,172.25275929900002
 07/30  18:00:00,397.911264635,197.86611734
 07/30  19:00:00,397.27556405800004,230.511041973
 07/30  20:00:00,423.857774639,223.820197587
 07/30  21:00:00,403.189777871,220.030437914
 07/30  22:00:00,351.44602559199996,297.044893215
 07/30  23:00:00,288.144507231,182.581892982
 07/30  24:00:00,269.310936853,91.10545108219999
 07/31  01:00:00,248.73058698900002,76.8082799485
 07/31  02:00:00,229.26227604099998,70.79954861590001
 07/31  03:00:00,236.73638379,70.7847184431
 07/31  04:00:00,230.40883841599998,91.17021708790001
 07/31  05:00:00,268.25971704299997,169.823450674
 07/31  06:00:00,357.009105228,285.940813861
 07/31  07:00:00,411.256786878,397.005979397
 07/31  08:00:00,366.530266812,320.557492028
 07/31  09:00:00,335.023386378,281.87090526099996
 07/31  10:00:00,284.66739851799997,253.776174252
 07/31  11:00:00,284.496612439,213.689553692
 07/31  12:00:00,282.876904578,206.997905238
 07/31  13:00:00,276.12640206,198.517665974
 07/31  14:00:00,281.043904532,190.043684818
 07/31  15:00:00,279.099301357,200.872303334
 07/31  16:00:00,306.06912006,183.336561406
 07/31  17:00:00,339.28890252,194.01656481
 07/31  18:00:00,390.6996903,309.510398257
 07/31  19:00:00,401.778717725,227.64014420799998
 07/31  20:00:00,437.725283873,230.900772507
 07/31  21:00:00,418.581444557,305.484661608
 07/31  22:00:00,353.51528078900003,234.04808757
 07/31  23:00:00,286.857669449,130.506461604
 07/31  24:00:00,258.786218357,97.2331522937
 08/01  01:00:00,246.680295611,70.6731782818
 08/01  02:00:00,240.011825131,70.8660348875
 08/01  03:00:00,234.660077085,70.7582607984
 08/01  04:00:00,237.76176337400003,97.5210234115
 08/01  05:00:00,262.43074332,162.96046530799998
 08/01  06:00:00,348.76296511099997,285.87985863299997
 08/01  07:00:00,418.117384255,405.01937831699996
 08/01  08:00:00,374.046611279,320.841533636
 08/01  09:00:00,338.80593839200003,274.68042238
 08/01  10:00:00,285.859949197,253.677577926
 08/01  11:00:00,287.00119464799997,213.48028647
 08/01  12:00:00,286.982170089,206.875133147
 08/01  13:00:00,275.787861493,198.427686468
 08/01  14:00:00,274.548414556,193.913078058
 08/01  15:00:00,276.600307072,200.76263925400002
 08/01  16:00:00,307.066781745,179.555539332
 08/01  17:00:00,343.915440296,193.973593331
 08/01  18:00:00,396.96308608,311.57420993
 08/01  19:00:00,403.786408571,225.698339555
 08/01  20:00:00,437.783879784,230.882190251
 08/01  21:00:00,418.337177578,305.451978618
 08/01  22:00:00,350.122965248,234.004602213
 08/01  23:00:00,283.8707412,130.504979424
 08/01  24:00:00,258.045452211,97.224803735
 08/02  01:00:00,247.14750566700002,70.6690559361
 08/02  02:00:00,240.52397317,70.86461803510001
 08/02  03:00:00,236.479237956,70.7505735814
 08/02  04:00:00,239.803199506,97.5077498887
 08/02  05:00:00,265.155705984,162.934709048
 08/02  06:00:00,359.98332742,285.783782114
 08/02  07:00:00,416.100112746,402.270090231
 08/02  08:00:00,372.888115405,320.24018661400004
 08/02  09:00:00,340.809254975,277.31392929
 08/02  10:00:00,289.545635808,253.66959998599998
 08/02  11:00:00,291.272035093,213.54507644
 08/02  12:00:00,294.07894202,206.931910442
 08/02  13:00:00,286.739860758,198.468508382
 08/02  14:00:00,283.960915988,190.00236861
 08/02  15:00:00,281.493139389,198.913291935
 08/02  16:00:00,309.733963786,185.17920954599998
 08/02  17:00:00,346.02716916599996,194.358556117
 08/02  18:00:00,399.77966185199995,306.641383805
 08/02  19:00:00,404.97193844199995,230.97051209900002
 08/02  20:00:00,439.57509756300004,230.042083368
 08/02  21:00:00,420.84828086699997,307.155456926
 08/02  22:00:00,355.87571166,230.771405776
 08/02  23:00:00,289.025437626,134.802583817
 08/02  24:00:00,257.563246447,97.2422533207
 08/03  01:00:00,245.269310915,70.70419923770001
 08/03  02:00:00,233.440766792,70.8342974548
 08/03  03:00:00,229.82361646200002,70.7554706287
 08/03  04:00:00,234.70833085799998,97.33162033
 08/03  05:00:00,263.087698177,163.162745954
 08/03  06:00:00,353.234327848,285.725506096
 08/03  07:00:00,414.49673736,397.290743601
 08/03  08:00:00,368.629566539,320.21925051200003
 08/03  09:00:00,334.952172417,281.751069736
 08/03  10:00:00,283.100720606,253.645147085
 08/03  11:00:00,283.161195976,207.125705501
 08/03  12:00:00,284.288625601,213.243746307
 08/03  13:00:00,279.466770162,198.419739084
 08/03  14:00:00,274.23189689,189.953396888
 08/03  15:00:00,268.15195351799997,198.211761475
 08/03  16:00:00,296.853038273,185.792314568
 08/03  17:00:00,328.245167368,193.62569099
 08/03  18:00:00,383.18434151599996,306.242906127
 08/03  19:00:00,392.98672548400003,230.884505238
 08/03  20:00:00,428.38972569699996,224.129062253
 08/03  21:00:00,412.119777072,307.309176471
 08/03  22:00:00,345.53895954300003,232.454696227
 08/03  23:00:00,279.759785045,136.820550546
 08/03  24:00:00,258.369467611,90.9638583438
 08/04  01:00:00,247.990115653,72.035398367
 08/04  02:00:00,238.345511325,75.5956010769
 08/04  03:00:00,234.94007676299998,70.7255939284
 08/04  04:00:00,241.53779194900002,91.2541303498
 08/04  05:00:00,266.997045899,165.597214481
 08/04  06:00:00,362.72912092800004,287.91248999
 08/04  07:00:00,413.668581909,399.35379173
 08/04  08:00:00,369.936349272,320.321597953
 08/04  09:00:00,336.679368105,281.615827696
 08/04  10:00:00,282.52948121400004,246.81386895900002
 08/04  11:00:00,279.725581537,213.47050257200002
 08/04  12:00:00,282.484325921,206.865690195
 08/04  13:00:00,275.696543676,200.396063973
 08/04  14:00:00,273.020828864,194.40380612400003
 08/04  15:00:00,270.976635966,198.203385686
 08/04  16:00:00,299.375577913,179.538472414
 08/04  17:00:00,331.46074541,193.665691274
 08/04  18:00:00,380.049110607,306.925023754
 08/04  19:00:00,389.764979146,227.28114836900002
 08/04  20:00:00,424.765836214,229.65080202400003
 08/04  21:00:00,404.572842366,305.505652555
 08/04  22:00:00,338.985208698,229.178635772
 08/04  23:00:00,276.502388924,135.198577366
 08/04  24:00:00,259.933628019,97.2232255895
 08/05  01:00:00,260.04265422,70.6814352675
 08/05  02:00:00,243.000002373,70.896333416
 08/05  03:00:00,241.54370852099999,70.7557350173
 08/05  04:00:00,246.85609891599998,91.3011163189
 08/05  05:00:00,255.543824492,123.835983628
 08/05  06:00:00,333.829760392,178.741615723
 08/05  07:00:00,363.023281741,310.989961364
 08/05  08:00:00,401.84507439699996,428.20126027699996
 08/05  09:00:00,350.311036853,343.237535835
 08/05  10:00:00,294.35630561,294.109936981
 08/05  11:00:00,288.82017338400004,253.982438858
 08/05  12:00:00,287.435462971,213.55650163599998
 08/05  13:00:00,274.619569913,198.57460047700002
 08/05  14:00:00,268.604725826,196.58668585900003
 08/05  15:00:00,266.738092032,198.43914396099998
 08/05  16:00:00,296.05256360000004,185.90053094200002
 08/05  17:00:00,325.034170845,171.869061667
 08/05  18:00:00,389.03351950900003,196.97817190700002
 08/05  19:00:00,385.36418457699995,228.09688564599998
 08/05  20:00:00,406.90168693,221.48277558400002
 08/05  21:00:00,399.693671491,220.707244174
 08/05  22:00:00,348.91318037,296.504864656
 08/05  23:00:00,281.949389127,178.326863205
 08/05  24:00:00,262.595925767,93.8889123907
 08/06  01:00:00,269.39121372200003,74.0228883606
 08/06  02:00:00,253.208276428,70.96965627670001
 08/06  03:00:00,250.90974848,70.8290189133
 08/06  04:00:00,259.231152058,97.6112496557
 08/06  05:00:00,267.07666772700003,122.77621971399999
 08/06  06:00:00,335.192750934,173.624688465
 08/06  07:00:00,369.380072854,312.476367348
 08/06  08:00:00,398.07391295599996,426.46989837
 08/06  09:00:00,338.697115308,346.71487798
 08/06  10:00:00,291.842664474,298.56055814
 08/06  11:00:00,286.63948652,253.97164888900002
 08/06  12:00:00,285.018147486,206.78697221599998
 08/06  13:00:00,270.635754057,205.380870801
 08/06  14:00:00,274.53301821,190.19901573599998
 08/06  15:00:00,277.685266188,198.401818785
 08/06  16:00:00,312.24381826,185.881153375
 08/06  17:00:00,342.869890753,172.632685716
 08/06  18:00:00,401.889360488,198.23840835
 08/06  19:00:00,405.542287616,223.88763990700002
 08/06  20:00:00,438.17478275699995,226.021884885
 08/06  21:00:00,415.67327082800006,221.767999265
 08/06  22:00:00,361.880621734,297.545538979
 08/06  23:00:00,297.24770261099997,179.849333077
 08/06  24:00:00,270.087792219,93.4971748968
 08/07  01:00:00,247.242964355,74.41789101399999
 08/07  02:00:00,241.26082199900003,70.8931359321
 08/07  03:00:00,232.753232623,70.7349982248
 08/07  04:00:00,235.083818315,91.28588084040001
 08/07  05:00:00,260.178757127,167.841331122
 08/07  06:00:00,355.12057592400004,287.023532606
 08/07  07:00:00,420.41030148199997,397.55459653099996
 08/07  08:00:00,377.676421721,320.513346815
 08/07  09:00:00,347.774876152,281.560606004
 08/07  10:00:00,296.419560292,247.459455665
 08/07  11:00:00,295.074824118,215.127724429
 08/07  12:00:00,293.227354263,208.168152488
 08/07  13:00:00,281.967656582,198.969432518
 08/07  14:00:00,281.765561508,192.61942336299998
 08/07  15:00:00,282.244827604,202.20852475200002
 08/07  16:00:00,313.552120117,179.535756725
 08/07  17:00:00,351.092553491,194.151867632
 08/07  18:00:00,405.379040673,306.22720113599996
 08/07  19:00:00,414.553570946,230.937946215
 08/07  20:00:00,452.470808539,224.24819132099998
 08/07  21:00:00,434.485052475,309.015922662
 08/07  22:00:00,366.618094955,231.045306234
 08/07  23:00:00,299.025095208,139.010375139
 08/07  24:00:00,257.61565100400003,90.9519248495
 08/08  01:00:00,245.45051523700002,70.6706054042
 08/08  02:00:00,236.36261099400002,76.4300006397
 08/08  03:00:00,231.548163028,71.2456616465
 08/08  04:00:00,232.360667343,91.27159169209999
 08/08  05:00:00,261.342853643,162.86823276799998
 08/08  06:00:00,357.370962188,285.56498999999997
 08/08  07:00:00,419.583830604,404.671744078
 08/08  08:00:00,375.86851374699995,318.522794045
 08/08  09:00:00,343.482561834,276.732804885
 08/08  10:00:00,291.50412682900003,253.945371293
 08/08  11:00:00,289.42995627,210.885556816
 08/08  12:00:00,288.72017215200003,211.266656444
 08/08  13:00:00,280.766077579,199.052179105
 08/08  14:00:00,280.290306064,190.24747860099998
 08/08  15:00:00,281.067753649,198.562700355
 08/08  16:00:00,310.421042362,185.791159048
 08/08  17:00:00,345.729123854,194.578059182
 08/08  18:00:00,398.48977895300004,306.642973153
 08/08  19:00:00,405.011742695,231.347876977
 08/08  20:00:00,442.043969067,224.647196739
 08/08  21:00:00,422.937335244,305.898821535
 08/08  22:00:00,355.776392761,234.608141869
 08/08  23:00:00,288.745088352,136.350456452
 08/08  24:00:00,254.561469052,94.7903472233
 08/09  01:00:00,243.140374678,70.7424795218
 08/09  02:00:00,221.823929399,70.7310822473
 08/09  03:00:00,232.29278411599998,70.912370965
 08/09  04:00:00,223.072718914,97.3392138425
 08/09  05:00:00,266.271538406,162.942288846
 08/09  06:00:00,358.44260630199994,285.567776871
 08/09  07:00:00,413.22982223400004,397.516298981
 08/09  08:00:00,371.802522794,319.86598776299996
 08/09  09:00:00,343.250686337,281.630837602
 08/09  10:00:00,293.42561025099997,253.657183682
 08/09  11:00:00,293.783602668,207.077578685
 08/09  12:00:00,293.49229610099997,213.44319766599997
 08/09  13:00:00,283.89359926099996,198.491479823
 08/09  14:00:00,283.877228255,190.02976130599998
 08/09  15:00:00,283.513865583,198.26778660099998
 08/09  16:00:00,310.677105025,185.798228192
 08/09  17:00:00,344.638399988,193.735775
 08/09  18:00:00,398.139302475,306.918925742
 08/09  19:00:00,409.75571144099996,224.142784781
 08/09  20:00:00,452.41053374300003,231.314943111
 08/09  21:00:00,433.460657381,305.660357951
 08/09  22:00:00,365.954350469,234.413570087
 08/09  23:00:00,300.124810488,133.564915832
 08/09  24:00:00,228.57159688299998,101.196531242
 08/10  01:00:00,219.699904405,71.81388575369999
 08/10  02:00:00,207.853543265,72.2817609584
 08/10  03:00:00,214.526293923,71.77470933020001
 08/10  04:00:00,222.943664592,92.9180704094
 08/10  05:00:00,253.281868102,173.26068793099998
 08/10  06:00:00,354.316118468,289.177530875
 08/10  07:00:00,415.374480936,395.93065008699995
 08/10  08:00:00,376.66307363699997,319.96480014599996
 08/10  09:00:00,343.617437725,281.571502122
 08/10  10:00:00,293.092565625,251.89646232400003
 08/10  11:00:00,293.225630624,208.81163548900003
 08/10  12:00:00,292.48741069700003,207.03855088
 08/10  13:00:00,284.072220253,202.94576835
 08/10  14:00:00,285.653501088,192.06317121200001
 08/10  15:00:00,288.574413992,198.284327365
 08/10  16:00:00,320.871889372,179.52650044799998
 08/10  17:00:00,355.880043979,194.388922567
 08/10  18:00:00,405.74796723800006,306.858272452
 08/10  19:00:00,410.45154530900004,230.75437833599997
 08/10  20:00:00,446.969289489,225.756801463
 08/10  21:00:00,429.91298776,309.384862296
 08/10  22:00:00,365.655907341,229.77709673299998
 08/10  23:00:00,300.57973807400003,139.707654717
 08/10  24:00:00,224.297878002,90.95358064610001
 08/11  01:00:00,196.263247245,70.6438226238
 08/11  02:00:00,209.056487155,79.2611059996
 08/11  03:00:00,213.814715713,86.3365187659
 08/11  04:00:00,222.473147276,128.423902389
 08/11  05:00:00,255.05821380000003,208.02058354
 08/11  06:00:00,330.087434175,328.18483749
 08/11  07:00:00,385.704920399,427.948418543
 08/11  08:00:00,346.828403958,325.339914345
 08/11  09:00:00,318.666663629,276.288736833
 08/11  10:00:00,271.147894058,253.584409215
 08/11  11:00:00,275.441297162,210.340490465
 08/11  12:00:00,278.129973237,209.99364747099997
 08/11  13:00:00,271.000408697,198.39163919700002
 08/11  14:00:00,272.875415514,189.920690967
 08/11  15:00:00,272.188682754,198.18037061400003
 08/11  16:00:00,301.604596499,185.78095864099998
 08/11  17:00:00,336.363083391,193.057219391
 08/11  18:00:00,387.209994994,304.525433884
 08/11  19:00:00,392.982164698,229.09069125
 08/11  20:00:00,428.62641472800004,222.277479634
 08/11  21:00:00,408.89529928800005,303.513613679
 08/11  22:00:00,343.974994402,232.24483109
 08/11  23:00:00,280.140301406,130.24031637299998
 08/11  24:00:00,221.92777555599997,95.836756281
 08/12  01:00:00,220.509370222,70.7915914429
 08/12  02:00:00,201.093167112,70.9330317633
 08/12  03:00:00,177.21199005900002,70.8092603508
 08/12  04:00:00,182.286721623,97.3969339106
 08/12  05:00:00,197.36592136599998,118.94430909100001
 08/12  06:00:00,309.11946221799997,181.679299437
 08/12  07:00:00,362.319646893,309.355751608
 08/12  08:00:00,400.581119074,426.95200241
 08/12  09:00:00,352.62716352,346.236989002
 08/12  10:00:00,297.32202407,291.097262349
 08/12  11:00:00,290.017853388,254.314279284
 08/12  12:00:00,292.11594486900003,213.58700519599998
 08/12  13:00:00,286.001122658,199.831171454
 08/12  14:00:00,290.10802771,195.337058337
 08/12  15:00:00,289.356279807,198.427231721
 08/12  16:00:00,314.291683872,185.873153195
 08/12  17:00:00,338.681562312,170.76799021
 08/12  18:00:00,402.01156041699994,196.518113901
 08/12  19:00:00,395.52145221300003,229.12748685900002
 08/12  20:00:00,418.51251114900003,222.60267926400002
 08/12  21:00:00,409.685452933,221.948214209
 08/12  22:00:00,357.31444599,294.841982692
 08/12  23:00:00,287.178852867,176.338310412
 08/12  24:00:00,214.197852692,90.92074451239999
 08/13  01:00:00,205.06270626,76.7534453644
 08/13  02:00:00,188.450455734,70.770400178
 08/13  03:00:00,194.825601135,70.82347844430001
 08/13  04:00:00,160.587259596,98.64182533120001
 08/13  05:00:00,189.971819584,120.82899177899999
 08/13  06:00:00,304.677308402,179.627850507
 08/13  07:00:00,373.10008241599996,307.67798080200004
 08/13  08:00:00,400.669370429,426.52456754199994
 08/13  09:00:00,342.493305884,346.704638574
 08/13  10:00:00,296.522036726,298.515653912
 08/13  11:00:00,292.50235977299997,253.95703337900002
 08/13  12:00:00,293.1870742,206.764824947
 08/13  13:00:00,274.408913757,203.982624938
 08/13  14:00:00,271.586043943,190.79656438900003
 08/13  15:00:00,272.735823646,198.20162527099998
 08/13  16:00:00,304.673056798,179.51117853099998
 08/13  17:00:00,331.167318119,171.13752065
 08/13  18:00:00,389.27303918300004,202.94205991200002
 08/13  19:00:00,391.972612734,222.860226489
 08/13  20:00:00,427.123811583,222.602950947
 08/13  21:00:00,402.174578286,221.660952745
 08/13  22:00:00,349.674039019,292.227052094
 08/13  23:00:00,288.910815402,181.259888183
 08/13  24:00:00,215.361978608,91.0321177898
 08/14  01:00:00,186.821656193,70.795239244
 08/14  02:00:00,187.862626633,70.7498758778
 08/14  03:00:00,186.299173333,76.8722098442
 08/14  04:00:00,192.01403755299998,91.4941716716
 08/14  05:00:00,229.040607683,163.24237409
 08/14  06:00:00,332.998770432,285.312188632
 08/14  07:00:00,401.965994855,401.58496961599997
 08/14  08:00:00,362.78293756,318.237180285
 08/14  09:00:00,334.139280688,276.298758388
 08/14  10:00:00,283.499023072,253.58779959700001
 08/14  11:00:00,281.642975773,212.42580973900002
 08/14  12:00:00,279.604616411,207.898188177
 08/14  13:00:00,269.03599149,198.397302445
 08/14  14:00:00,269.36113938799997,189.943262309
 08/14  15:00:00,270.951713698,198.186151073
 08/14  16:00:00,298.34574227400003,185.77540425900003
 08/14  17:00:00,331.987922916,193.673144855
 08/14  18:00:00,385.25243995,305.391919417
 08/14  19:00:00,391.462751537,229.964037293
 08/14  20:00:00,429.551812187,223.169262288
 08/14  21:00:00,407.00794236800004,304.46735774
 08/14  22:00:00,342.314533512,233.205432394
 08/14  23:00:00,278.791077397,136.78155317600002
 08/14  24:00:00,224.09012101099998,90.9424238433
 08/15  01:00:00,213.160916269,70.8188537404
 08/15  02:00:00,206.436096416,70.9846166626
 08/15  03:00:00,192.286803336,71.42410552529999
 08/15  04:00:00,198.313928284,97.17010569540001
 08/15  05:00:00,237.40431168799998,163.309733696
 08/15  06:00:00,350.811390665,285.392469561
 08/15  07:00:00,402.062048689,401.17376532199995
 08/15  08:00:00,360.950812947,318.632602043
 08/15  09:00:00,330.65936269900004,277.301577895
 08/15  10:00:00,279.41906211099996,253.590714702
 08/15  11:00:00,279.071592071,211.876661162
 08/15  12:00:00,281.285414932,208.31446473900002
 08/15  13:00:00,274.318147297,198.31111275799998
 08/15  14:00:00,274.946717756,189.855794272
 08/15  15:00:00,275.643676741,198.181483708
 08/15  16:00:00,300.571070407,185.77984584
 08/15  17:00:00,333.709349956,193.610583039
 08/15  18:00:00,385.47316417800005,305.393643506
 08/15  19:00:00,393.203511339,229.994442666
 08/15  20:00:00,430.56894280000006,223.220415247
 08/15  21:00:00,408.604032866,304.539466678
 08/15  22:00:00,344.817590576,233.28856111599998
 08/15  23:00:00,279.22280492,135.685008899
 08/15  24:00:00,228.45573856599998,90.94025804520001
 08/16  01:00:00,214.63523367,70.82409759720001
 08/16  02:00:00,191.353967083,70.9771205966
 08/16  03:00:00,186.28186490599998,77.102463361
 08/16  04:00:00,202.70957174900002,91.69219781860001
 08/16  05:00:00,239.52741718,162.95951067299998
 08/16  06:00:00,336.58164828,285.889818605
 08/16  07:00:00,401.302894261,402.776552335
 08/16  08:00:00,362.01257401199996,319.518363599
 08/16  09:00:00,330.869074405,274.507810243
 08/16  10:00:00,280.614960038,253.597200516
 08/16  11:00:00,283.277502996,213.430110463
 08/16  12:00:00,286.663506117,206.772845693
 08/16  13:00:00,278.02073989999997,198.323604132
 08/16  14:00:00,277.036697216,189.864915938
 08/16  15:00:00,276.977828591,198.465060679
 08/16  16:00:00,304.80538122900003,185.52927025
 08/16  17:00:00,339.791216785,193.43422774
 08/16  18:00:00,393.16715584199994,305.344239235
 08/16  19:00:00,401.578068397,229.91097435
 08/16  20:00:00,440.218609265,224.60405944400003
 08/16  21:00:00,419.393584579,309.341322726
 08/16  22:00:00,354.333385201,227.45878574900001
 08/16  23:00:00,288.458989772,135.393136885
 08/16  24:00:00,216.53699176799998,91.02669792610001
 08/17  01:00:00,205.477212885,77.06325748229999
 08/17  02:00:00,177.15129078599998,70.9731356861
 08/17  03:00:00,174.427090345,70.9961611183
 08/17  04:00:00,186.067521536,91.5409292085
 08/17  05:00:00,222.473283921,170.65302682799998
 08/17  06:00:00,328.064682074,285.724510478
 08/17  07:00:00,404.72400836099996,394.962713869
 08/17  08:00:00,364.30037969800003,319.702029906
 08/17  09:00:00,334.401593252,281.706120227
 08/17  10:00:00,284.076545404,253.65042138200002
 08/17  11:00:00,284.534259344,206.923296899
 08/17  12:00:00,285.357748012,212.30406969900002
 08/17  13:00:00,278.15175392099997,199.303843782
 08/17  14:00:00,279.329937674,189.864548337
 08/17  15:00:00,282.538363202,198.19808294400002
 08/17  16:00:00,313.52735439599996,185.807445861
 08/17  17:00:00,345.73752722300003,193.530665768
 08/17  18:00:00,391.930993427,305.54079320200003
 08/17  19:00:00,393.927839286,230.08427048400003
 08/17  20:00:00,432.75408306099996,223.39972898599999
 08/17  21:00:00,410.760068605,304.790139895
 08/17  22:00:00,344.619595905,233.416202865
 08/17  23:00:00,279.167433896,135.530029945
 08/17  24:00:00,240.296080829,90.9424231259
 08/18  01:00:00,222.477903038,70.9606065328
 08/18  02:00:00,195.671392551,70.6310854575
 08/18  03:00:00,208.899734184,75.7321924138
 08/18  04:00:00,218.02871869999998,92.1821639522
 08/18  05:00:00,237.05560788,162.798921089
 08/18  06:00:00,348.40609439699995,286.465412501
 08/18  07:00:00,400.45004040199996,403.36788999
 08/18  08:00:00,358.58540377300005,319.75610203400004
 08/18  09:00:00,326.987206349,277.29455657799997
 08/18  10:00:00,278.308005787,251.01028134700002
 08/18  11:00:00,281.124209149,213.43090857
 08/18  12:00:00,281.506187375,206.79401239599997
 08/18  13:00:00,272.108265401,198.512972592
 08/18  14:00:00,272.312162306,195.798686496
 08/18  15:00:00,273.550340363,198.602087155
 08/18  16:00:00,302.998803452,179.53038492099998
 08/18  17:00:00,336.56558876,193.532372085
 08/18  18:00:00,388.001406547,310.685954715
 08/18  19:00:00,393.51685492800004,225.440052918
 08/18  20:00:00,431.500948573,230.301897464
 08/18  21:00:00,408.411467272,304.824197572
 08/18  22:00:00,343.450890716,233.48737295200002
 08/18  23:00:00,278.917401897,129.218063972
 08/18  24:00:00,237.881173476,97.20088199860001
 08/19  01:00:00,230.373688025,70.9587358232
 08/19  02:00:00,196.332091505,70.63588643029999
 08/19  03:00:00,187.331147417,71.0012818804
 08/19  04:00:00,200.391957988,97.9576063988
 08/19  05:00:00,215.70005578,117.829081321
 08/19  06:00:00,297.364711652,178.512233496
 08/19  07:00:00,359.964978266,309.609276445
 08/19  08:00:00,396.59182264599997,428.002121866
 08/19  09:00:00,346.562228639,346.643309499
 08/19  10:00:00,292.843654423,298.414826119
 08/19  11:00:00,284.354737085,254.050168019
 08/19  12:00:00,284.710296008,208.75741326
 08/19  13:00:00,278.81975504400003,203.43155585099998
 08/19  14:00:00,281.831102169,190.154535985
 08/19  15:00:00,280.95547609,204.97032084900002
 08/19  16:00:00,305.84463241,185.90123637
 08/19  17:00:00,331.057040365,171.012369126
 08/19  18:00:00,395.112490958,197.23275913700002
 08/19  19:00:00,387.412105405,229.953592453
 08/19  20:00:00,410.654375695,223.51098854
 08/19  21:00:00,403.152518023,222.923458272
 08/19  22:00:00,350.442642089,296.262939436
 08/19  23:00:00,278.915113068,175.042934883
 08/19  24:00:00,248.09450562400002,97.1954691089
 08/20  01:00:00,247.361860773,71.0188719743
 08/20  02:00:00,217.912013244,71.5379668136
 08/20  03:00:00,207.496991545,75.5490532075
 08/20  04:00:00,205.48997747200002,92.63828488829999
 08/20  05:00:00,216.713439714,123.775910291
 08/20  06:00:00,313.46131000099996,179.120588645
 08/20  07:00:00,367.18667829199995,309.430535804
 08/20  08:00:00,394.872056808,427.865687451
 08/20  09:00:00,336.436873946,347.03892904199995
 08/20  10:00:00,291.494148838,298.70424617599997
 08/20  11:00:00,288.58000858,254.076197167
 08/20  12:00:00,289.02528879700003,206.828140572
 08/20  13:00:00,274.004624099,204.987630212
 08/20  14:00:00,276.234807913,189.901208268
 08/20  15:00:00,273.759384477,198.227375305
 08/20  16:00:00,296.257045168,185.826433268
 08/20  17:00:00,322.573535833,170.955936775
 08/20  18:00:00,384.87362821,197.149295161
 08/20  19:00:00,386.85982673,228.469710218
 08/20  20:00:00,419.969251761,224.39481541900003
 08/20  21:00:00,393.973429061,215.72795327900002
 08/20  22:00:00,342.13620151599997,296.276435743
 08/20  23:00:00,280.75445403099997,178.93131351
 08/20  24:00:00,252.94651096299998,93.29721200870001
 08/21  01:00:00,223.73105670599998,70.83815823970001
 08/21  02:00:00,204.524303597,72.8610222722
 08/21  03:00:00,195.31549276,75.2569558363
 08/21  04:00:00,201.996272386,91.71116710870001
 08/21  05:00:00,238.681286003,167.835625954
 08/21  06:00:00,337.159099026,287.939373133
 08/21  07:00:00,399.763847414,396.010286336
 08/21  08:00:00,358.70027349599997,320.085769014
 08/21  09:00:00,329.121197119,281.892034822
 08/21  10:00:00,278.262613723,253.73108321900003
 08/21  11:00:00,276.719714518,209.880530613
 08/21  12:00:00,277.70333776900003,210.433290603
 08/21  13:00:00,267.824178411,198.37015296599998
 08/21  14:00:00,267.633373179,189.914093947
 08/21  15:00:00,270.004476824,199.860488235
 08/21  16:00:00,301.440600537,184.26860710900002
 08/21  17:00:00,336.847785253,193.919825507
 08/21  18:00:00,387.91301279,310.821638285
 08/21  19:00:00,394.68701303,226.49464327
 08/21  20:00:00,436.37059814800006,230.919532475
 08/21  21:00:00,411.60875566699997,305.58712599999996
 08/21  22:00:00,346.40712782400004,234.16301030099999
 08/21  23:00:00,280.708699136,136.801990775
 08/21  24:00:00,218.673048643,90.9712901915
 08/22  01:00:00,201.30743527400003,71.0422835349
 08/22  02:00:00,201.14384630900003,71.0802636654
 08/22  03:00:00,201.86686416900002,77.1538616898
 08/22  04:00:00,194.18087984299999,91.4176588125
 08/22  05:00:00,225.66679272599998,166.87250499
 08/22  06:00:00,348.21031604300003,289.64712011
 08/22  07:00:00,402.61885087300004,396.87022180900004
 08/22  08:00:00,360.27863044300005,320.503715087
 08/22  09:00:00,328.695130672,281.94957306
 08/22  10:00:00,278.85813846,253.75861233900002
 08/22  11:00:00,280.359920815,213.493860904
 08/22  12:00:00,279.086535299,206.838434302
 08/22  13:00:00,265.588192677,198.41853961700002
 08/22  14:00:00,265.50906744400004,190.581302962
 08/22  15:00:00,267.68491386200003,204.16459055400003
 08/22  16:00:00,299.373892468,179.57213408799998
 08/22  17:00:00,334.541180281,194.323780721
 08/22  18:00:00,386.137629385,314.231157805
 08/22  19:00:00,393.655056693,224.21332813799998
 08/22  20:00:00,436.418165224,231.441278743
 08/22  21:00:00,412.64304379199996,306.149209881
 08/22  22:00:00,348.095280581,234.609541615
 08/22  23:00:00,282.446096017,138.14125995
 08/22  24:00:00,216.61444048400003,90.9990937443
 08/23  01:00:00,203.896011219,76.8546063665
 08/23  02:00:00,202.047138587,71.4555134215
 08/23  03:00:00,201.75997068599997,71.0619625977
 08/23  04:00:00,195.438375122,91.4563106732
 08/23  05:00:00,229.53416183099998,170.089163337
 08/23  06:00:00,350.428454513,286.167746249
 08/23  07:00:00,399.73553709099997,402.575819318
 08/23  08:00:00,358.65408458800005,323.731656294
 08/23  09:00:00,329.968807674,277.390318573
 08/23  10:00:00,279.92744746299996,251.29232028200002
 08/23  11:00:00,280.064930457,213.543540882
 08/23  12:00:00,280.314104328,206.910871318
 08/23  13:00:00,272.121608299,204.910649065
 08/23  14:00:00,273.90238524,189.93910684099998
 08/23  15:00:00,271.09937732,198.272916856
 08/23  16:00:00,300.1299537,185.849120786
 08/23  17:00:00,335.539931847,194.21325870400003
 08/23  18:00:00,387.474213125,306.66927714900004
 08/23  19:00:00,392.897590229,231.077171648
 08/23  20:00:00,433.42646445699995,231.27312967400002
 08/23  21:00:00,409.184904961,306.068027464
 08/23  22:00:00,343.94348886,234.547962556
 08/23  23:00:00,279.090064745,136.509558037
 08/23  24:00:00,229.582710306,91.0867027253
 08/24  01:00:00,212.24654151200002,70.8777856989
 08/24  02:00:00,189.158133446,76.032149105
 08/24  03:00:00,189.473076687,72.2015652522
 08/24  04:00:00,200.960847845,91.811608946
 08/24  05:00:00,239.890117235,169.901324275
 08/24  06:00:00,337.708054552,286.092858345
 08/24  07:00:00,399.59240534699995,401.295221265
 08/24  08:00:00,359.23588884300005,324.63499672
 08/24  09:00:00,330.49665321,278.067774945
 08/24  10:00:00,280.727594707,251.040830445
 08/24  11:00:00,281.894074886,213.528372766
 08/24  12:00:00,280.200346829,209.701040665
 08/24  13:00:00,269.710176134,202.09968810900003
 08/24  14:00:00,269.027157567,189.961356829
 08/24  15:00:00,268.735107916,198.29427956700002
 08/24  16:00:00,297.719606692,185.849468941
 08/24  17:00:00,332.33581716,194.40798101
 08/24  18:00:00,385.080953772,309.956042989
 08/24  19:00:00,391.72650176900004,228.563898863
 08/24  20:00:00,433.118075761,231.582082757
 08/24  21:00:00,408.559447673,306.420591344
 08/24  22:00:00,343.225861912,234.78313722400003
 08/24  23:00:00,276.325218183,136.714670998
 08/24  24:00:00,248.26266129799998,91.11004388379999
 08/25  01:00:00,238.87848628900002,77.1610306487
 08/25  02:00:00,224.884835669,70.6717865467
 08/25  03:00:00,227.441833111,70.7834044738
 08/25  04:00:00,231.473457911,97.32287653690001
 08/25  05:00:00,255.94021004599998,163.189143129
 08/25  06:00:00,353.18820160300004,286.779403773
 08/25  07:00:00,397.48528972099996,405.82871712400004
 08/25  08:00:00,355.41128105800004,321.06575192599996
 08/25  09:00:00,325.28249099,282.097673933
 08/25  10:00:00,277.340189738,253.873174961
 08/25  11:00:00,277.96649008599996,209.993509403
 08/25  12:00:00,276.70072568,210.456561547
 08/25  13:00:00,266.942438183,198.44616847900002
 08/25  14:00:00,265.436541997,194.809278167
 08/25  15:00:00,265.221567445,199.963997205
 08/25  16:00:00,296.463122646,185.86164729200001
 08/25  17:00:00,331.732890436,194.46463725400002
 08/25  18:00:00,383.486987729,307.086405389
 08/25  19:00:00,388.823733143,231.409099999
 08/25  20:00:00,428.775304877,231.68950822099998
 08/25  21:00:00,404.08086327,306.606537725
 08/25  22:00:00,339.736997975,234.90659654700002
 08/25  23:00:00,274.01026614799997,136.775582899
 08/25  24:00:00,248.254527551,91.12426474120001
 08/26  01:00:00,246.994681061,71.0465496084
 08/26  02:00:00,220.687920482,76.8108910074
 08/26  03:00:00,217.36513027799998,70.81328225989999
 08/26  04:00:00,227.579774842,95.34465760200001
 08/26  05:00:00,222.414188696,119.46233578
 08/26  06:00:00,323.38533368099996,178.96236877799998
 08/26  07:00:00,354.73040738199995,313.829081373
 08/26  08:00:00,392.22650557,431.24176196
 08/26  09:00:00,344.388818631,350.21774456300005
 08/26  10:00:00,290.97227361,296.715716439
 08/26  11:00:00,283.008906546,258.015076673
 08/26  12:00:00,283.89590035099997,208.26014154700002
 08/26  13:00:00,277.719198642,204.15309246400003
 08/26  14:00:00,279.309827999,196.766468819
 08/26  15:00:00,279.085422795,198.579099833
 08/26  16:00:00,309.092970638,185.96215934900002
 08/26  17:00:00,331.002359017,171.77927178
 08/26  18:00:00,390.421561432,204.776583514
 08/26  19:00:00,382.84593745,228.656479951
 08/26  20:00:00,414.57532217,227.123635733
 08/26  21:00:00,406.48272603,224.083761547
 08/26  22:00:00,354.981516428,297.856737864
 08/26  23:00:00,284.288735758,182.865948275
 08/26  24:00:00,240.726750585,91.023135954
 08/27  01:00:00,240.371973117,77.0709803553
 08/27  02:00:00,212.12462253799998,70.8911556884
 08/27  03:00:00,209.468587817,70.92557554449999
 08/27  04:00:00,211.84012913599997,97.2570178727
 08/27  05:00:00,224.54350598599999,124.173889913
 08/27  06:00:00,314.84725583799997,179.312784317
 08/27  07:00:00,366.113463056,312.735810535
 08/27  08:00:00,393.475782837,431.70474455
 08/27  09:00:00,334.75772164299997,352.782580849
 08/27  10:00:00,289.600965088,299.098274994
 08/27  11:00:00,286.761859609,254.320431958
 08/27  12:00:00,288.57403334400004,209.19851109400003
 08/27  13:00:00,271.897331151,202.87229435700002
 08/27  14:00:00,272.05709127,190.025823072
 08/27  15:00:00,273.193137336,202.032389463
 08/27  16:00:00,302.360850816,182.346685025
 08/27  17:00:00,330.611553652,178.126855965
 08/27  18:00:00,390.38827897699997,198.037371804
 08/27  19:00:00,389.925012602,230.914283108
 08/27  20:00:00,425.55703205,224.247355632
 08/27  21:00:00,397.96711126400004,223.89038017400003
 08/27  22:00:00,346.616818448,297.954650375
 08/27  23:00:00,285.20533518900004,175.790753457
 08/27  24:00:00,241.62013624099998,97.499408485
 08/28  01:00:00,204.32920677200002,71.56423418140001
 08/28  02:00:00,197.99753659700002,77.0238370788
 08/28  03:00:00,180.06553765200002,71.0827853613
 08/28  04:00:00,179.03044915700002,95.8589869289
 08/28  05:00:00,218.072050443,165.568528727
 08/28  06:00:00,347.466508598,288.339302536
 08/28  07:00:00,403.81068191800006,405.84880555
 08/28  08:00:00,361.973759706,321.420422446
 08/28  09:00:00,331.661460322,282.368895624
 08/28  10:00:00,282.11937139599996,253.991137786
 08/28  11:00:00,283.47421129099996,213.617923511
 08/28  12:00:00,283.990417138,212.89371291700002
 08/28  13:00:00,275.83682892,199.07457846900002
 08/28  14:00:00,280.811310014,190.04395568
 08/28  15:00:00,284.706356266,202.26308500599998
 08/28  16:00:00,309.179467973,182.159473935
 08/28  17:00:00,341.487758779,199.004343674
 08/28  18:00:00,389.617496277,309.096875999
 08/28  19:00:00,390.786313328,231.281271842
 08/28  20:00:00,433.25234592699996,231.50548598700001
 08/28  21:00:00,408.30735843300005,306.665232742
 08/28  22:00:00,343.37853321,234.86605391700002
 08/28  23:00:00,279.823547322,136.624596909
 08/28  24:00:00,227.27536011900003,97.41054715370001
 08/29  01:00:00,212.26565457400002,71.0466247243
 08/29  02:00:00,184.48194576900002,71.0810266731
 08/29  03:00:00,182.71007208,76.4082183586
 08/29  04:00:00,195.770974324,92.70498112
 08/29  05:00:00,229.059927438,170.44944993299998
 08/29  06:00:00,335.248987557,286.766011629
 08/29  07:00:00,404.176181646,407.54123478599996
 08/29  08:00:00,363.65626414300004,321.46449550200003
 08/29  09:00:00,331.796741271,282.424450632
 08/29  10:00:00,279.662219818,254.042825363
 08/29  11:00:00,279.642838678,213.64281923400003
 08/29  12:00:00,280.208122061,208.131842752
 08/29  13:00:00,271.400651221,203.896789161
 08/29  14:00:00,270.493310925,190.063203083
 08/29  15:00:00,270.029242393,201.31211349900002
 08/29  16:00:00,303.170848766,183.11639432299998
 08/29  17:00:00,341.163724001,200.914690087
 08/29  18:00:00,392.31135232800005,307.353556665
 08/29  19:00:00,398.955358589,231.51619493299998
 08/29  20:00:00,437.07219609,231.797935661
 08/29  21:00:00,412.93065491699997,307.959624501
 08/29  22:00:00,350.02192661699996,236.32082625200002
 08/29  23:00:00,286.75634172900004,134.981722078
 08/29  24:00:00,208.237692531,97.30568223280001
 08/30  01:00:00,197.790707225,70.7901427179
 08/30  02:00:00,196.23993997,77.2161636761
 08/30  03:00:00,195.687837908,71.1126545371
 08/30  04:00:00,183.005461324,97.7931608971
 08/30  05:00:00,211.20825425299998,163.656731616
 08/30  06:00:00,343.573691306,294.343464896
 08/30  07:00:00,405.70427963,400.09160091300004
 08/30  08:00:00,364.559817426,329.599395438
 08/30  09:00:00,334.378420738,282.43495399200003
 08/30  10:00:00,284.804573778,254.096896868
 08/30  11:00:00,286.233690372,212.389616708
 08/30  12:00:00,284.629805942,208.286691017
 08/30  13:00:00,274.542855087,205.059675852
 08/30  14:00:00,274.897878289,190.085120086
 08/30  15:00:00,270.412588228,198.419339141
 08/30  16:00:00,297.089820105,185.932279872
 08/30  17:00:00,332.535858325,194.489539998
 08/30  18:00:00,385.81472681400004,315.193275689
 08/30  19:00:00,395.244776084,231.73971478
 08/30  20:00:00,434.665362062,232.01395306900002
 08/30  21:00:00,412.045805253,307.345189652
 08/30  22:00:00,347.412666421,235.30352966599997
 08/30  23:00:00,281.78521620099997,137.206965411
 08/30  24:00:00,222.112807153,97.3295297612
 08/31  01:00:00,206.616914676,70.7897091124
 08/31  02:00:00,198.05649249200002,77.2106300849
 08/31  03:00:00,175.094936184,71.1180857892
 08/31  04:00:00,182.768666665,97.80928538290001
 08/31  05:00:00,226.967665388,163.831235848
 08/31  06:00:00,348.28954931699997,294.799152896
 08/31  07:00:00,405.371724341,403.637987693
 08/31  08:00:00,365.42381209900003,326.715307835
 08/31  09:00:00,337.07738500799996,282.558211542
 08/31  10:00:00,287.87656768700003,254.150848358
 08/31  11:00:00,287.97713811299997,213.740713705
 08/31  12:00:00,288.51890397,207.14146530099998
 08/31  13:00:00,280.71662724,205.210373877
 08/31  14:00:00,280.401408395,190.25459236700001
 08/31  15:00:00,278.602646451,205.015451995
 08/31  16:00:00,306.480858284,185.94780571400003
 08/31  17:00:00,340.307371715,195.05955549599997
 08/31  18:00:00,391.180759645,311.98244268
 08/31  19:00:00,400.54328313900004,233.510212042
 08/31  20:00:00,439.55428811400003,228.096253245
 08/31  21:00:00,415.78994779,315.826477866
 08/31  22:00:00,352.363119316,235.993241416
 08/31  23:00:00,288.13186954599996,140.917572254
 08/31  24:00:00,196.62668682900002,97.3966306401
 09/01  01:00:00,173.990755896,71.1569905554
 09/01  02:00:00,165.51536970200002,77.8487722034
 09/01  03:00:00,164.390876224,94.66460852510001
 09/01  04:00:00,180.960974037,120.186318894
 09/01  05:00:00,209.71591772,211.089708103
 09/01  06:00:00,328.68337261799996,335.104638268
 09/01  07:00:00,412.308063265,443.296685753
 09/01  08:00:00,370.96814024699995,344.031646165
 09/01  09:00:00,340.42301750900003,283.003237357
 09/01  10:00:00,296.256705136,254.341058833
 09/01  11:00:00,300.276659597,213.919291523
 09/01  12:00:00,299.582689574,207.20064956
 09/01  13:00:00,289.30479472400003,205.230504971
 09/01  14:00:00,288.76289806799997,190.265426946
 09/01  15:00:00,287.463514807,205.037862285
 09/01  16:00:00,318.099693144,185.96315658400002
 09/01  17:00:00,352.686603774,193.72118912099998
 09/01  18:00:00,404.495161159,312.161671473
 09/01  19:00:00,413.643179036,231.866345942
 09/01  20:00:00,451.255033085,225.46838913599998
 09/01  21:00:00,426.052991191,311.42640547
 09/01  22:00:00,361.513051849,236.46158758400003
 09/01  23:00:00,296.12634527,154.54898992100001
 09/01  24:00:00,185.70833129599998,132.498491735
 09/02  01:00:00,181.387954057,108.96895892100001
 09/02  02:00:00,140.702486704,126.654111951
 09/02  03:00:00,171.609363632,143.484623921
 09/02  04:00:00,180.80807794900002,173.79003354900001
 09/02  05:00:00,174.576213445,206.84772911099998
 09/02  06:00:00,294.083135197,262.576550698
 09/02  07:00:00,347.297547215,375.123431529
 09/02  08:00:00,406.502305044,478.188316501
 09/02  09:00:00,362.458471275,357.164413455
 09/02  10:00:00,309.146015498,300.063917772
 09/02  11:00:00,302.005538039,260.948372727
 09/02  12:00:00,301.227043308,211.428057086
 09/02  13:00:00,291.020793013,203.219721753
 09/02  14:00:00,291.168174973,196.96257557299998
 09/02  15:00:00,291.797077654,205.301805993
 09/02  16:00:00,320.027530285,186.111145086
 09/02  17:00:00,345.662872021,168.362569681
 09/02  18:00:00,411.452740911,199.099416733
 09/02  19:00:00,408.109664941,225.092508125
 09/02  20:00:00,430.71463622199997,225.21869315799998
 09/02  21:00:00,419.71059981900004,217.432291995
 09/02  22:00:00,367.03793459900004,291.81129704
 09/02  23:00:00,296.532482251,178.121672587
 09/02  24:00:00,197.914032767,97.787706231
 09/03  01:00:00,196.530811327,71.1249076397
 09/03  02:00:00,148.38114966,77.5833233198
 09/03  03:00:00,191.372963825,70.9436651939
 09/03  04:00:00,161.013577274,97.7903217036
 09/03  05:00:00,187.929667477,124.488981366
 09/03  06:00:00,308.137838296,186.249147192
 09/03  07:00:00,375.493763775,302.85923386900004
 09/03  08:00:00,404.292771413,433.52283668300004
 09/03  09:00:00,348.42194301800004,353.240173276
 09/03  10:00:00,305.008642735,300.03165197
 09/03  11:00:00,301.168068042,262.13199880900004
 09/03  12:00:00,297.931937829,210.09993265900002
 09/03  13:00:00,276.66910425,204.278474715
 09/03  14:00:00,275.063223667,198.092688803
 09/03  15:00:00,273.297095777,199.89494500700002
 09/03  16:00:00,301.971635881,187.448100775
 09/03  17:00:00,330.569356955,175.73932798799999
 09/03  18:00:00,391.266362041,195.709474976
 09/03  19:00:00,396.37823938199995,226.18016335599998
 09/03  20:00:00,430.129947281,226.173396968
 09/03  21:00:00,401.863638585,218.64658391900002
 09/03  22:00:00,349.07263884400004,295.094945869
 09/03  23:00:00,287.63066571900004,180.50359646200002
 09/03  24:00:00,223.007315945,97.52299199389999
 09/04  01:00:00,223.715407117,70.82545016569999
 09/04  02:00:00,195.130615155,76.8817417409
 09/04  03:00:00,209.774041377,70.86429359479999
 09/04  04:00:00,220.27859896400003,97.5149335905
 09/04  05:00:00,208.02125817099997,124.256140448
 09/04  06:00:00,322.112903346,186.250188352
 09/04  07:00:00,365.3446273,305.959465484
 09/04  08:00:00,394.797595786,437.95675878599997
 09/04  09:00:00,338.87675829,349.53364269300005
 09/04  10:00:00,296.41563298200003,305.033712948
 09/04  11:00:00,294.385182639,257.954497374
 09/04  12:00:00,292.80849636700003,214.417640313
 09/04  13:00:00,274.916461802,204.727762112
 09/04  14:00:00,275.513434216,194.91295055
 09/04  15:00:00,276.30604455400004,201.724666236
 09/04  16:00:00,306.705336074,193.61227618799998
 09/04  17:00:00,335.943317654,174.034788881
 09/04  18:00:00,397.78188169,202.992674548
 09/04  19:00:00,403.512360436,227.687136953
 09/04  20:00:00,437.46149307300004,220.583209055
 09/04  21:00:00,409.03995254800003,220.621379688
 09/04  22:00:00,356.22972040300004,305.928061018
 09/04  23:00:00,293.95250254,177.85531424
 09/04  24:00:00,206.65035387700001,96.701904395
 09/05  01:00:00,141.918411268,76.82234985640001
 09/05  02:00:00,175.56443668900002,70.8115141826
 09/05  03:00:00,177.008993975,77.8857327936
 09/05  04:00:00,171.138452386,100.362393868
 09/05  05:00:00,209.151276798,181.853877663
 09/05  06:00:00,318.861031109,324.917410212
 09/05  07:00:00,414.889936388,432.22592815900003
 09/05  08:00:00,374.20580392,336.408382032
 09/05  09:00:00,345.639042287,289.979999682
 09/05  10:00:00,297.264108418,256.273090619
 09/05  11:00:00,297.446700277,215.652458553
 09/05  12:00:00,297.555543483,214.777976644
 09/05  13:00:00,288.560157945,199.465853565
 09/05  14:00:00,288.60793653,197.27647741299998
 09/05  15:00:00,287.913904419,199.150584392
 09/05  16:00:00,317.39577214,191.016937199
 09/05  17:00:00,351.780183526,193.725719828
 09/05  18:00:00,403.02447686,311.982469652
 09/05  19:00:00,415.101761562,227.71697921400002
 09/05  20:00:00,451.206876606,227.675979755
 09/05  21:00:00,426.01061257,311.25638557
 09/05  22:00:00,361.01581894599997,232.088374555
 09/05  23:00:00,295.445419567,138.12186089600002
 09/05  24:00:00,181.879825666,102.429779454
 09/06  01:00:00,153.103616872,79.23484577939999
 09/06  02:00:00,157.770301135,76.1372244507
 09/06  03:00:00,174.12407024,78.3750836875
 09/06  04:00:00,170.658598714,108.951639236
 09/06  05:00:00,199.25987735400003,187.55504576299998
 09/06  06:00:00,340.384560748,314.672337455
 09/06  07:00:00,413.507325195,416.71736874
 09/06  08:00:00,373.466272427,327.949899475
 09/06  09:00:00,346.51627753400004,290.132744488
 09/06  10:00:00,298.846310017,256.50806836099997
 09/06  11:00:00,299.42565147,216.45743885
 09/06  12:00:00,298.472549637,216.154663055
 09/06  13:00:00,288.555229055,207.517811717
 09/06  14:00:00,288.84965318400003,192.43797797
 09/06  15:00:00,288.758631827,207.140163202
 09/06  16:00:00,316.609707568,186.15738967599998
 09/06  17:00:00,351.28432762,192.580297581
 09/06  18:00:00,404.01875159599996,312.927573528
 09/06  19:00:00,417.160894664,229.36091031599997
 09/06  20:00:00,452.251199377,232.959979818
 09/06  21:00:00,426.731303315,314.027344623
 09/06  22:00:00,361.81601094900003,244.564497219
 09/06  23:00:00,296.064822372,144.629902348
 09/06  24:00:00,180.198750315,115.35444596100001
 09/07  01:00:00,136.276084744,90.2435659448
 09/07  02:00:00,171.121901711,95.7183908582
 09/07  03:00:00,174.230845668,93.2873953409
 09/07  04:00:00,180.57890754,126.16934615
 09/07  05:00:00,197.62093929099998,210.41330852599998
 09/07  06:00:00,317.913641352,335.142617437
 09/07  07:00:00,416.630325083,438.750936865
 09/07  08:00:00,363.92334928699995,340.70283031099996
 09/07  09:00:00,347.179168623,293.966051176
 09/07  10:00:00,299.081850394,256.799291121
 09/07  11:00:00,300.125466755,216.10905027299998
 09/07  12:00:00,299.20867788,215.286654187
 09/07  13:00:00,288.750001802,206.34772097
 09/07  14:00:00,288.188462353,191.10585348799998
 09/07  15:00:00,288.00790689,205.97402698599998
 09/07  16:00:00,317.664961091,186.13446536700002
 09/07  17:00:00,351.910046238,197.76450850700002
 09/07  18:00:00,403.857845639,310.427197365
 09/07  19:00:00,416.642570859,227.612075379
 09/07  20:00:00,452.697505874,227.929067328
 09/07  21:00:00,428.138465273,323.566365307
 09/07  22:00:00,357.08799600199995,257.554518101
 09/07  23:00:00,258.38750428099996,181.528701637
 09/07  24:00:00,172.24722916099998,149.669105713
 09/08  01:00:00,147.77949015,135.64068958
 09/08  02:00:00,162.360447559,129.094938963
 09/08  03:00:00,134.939961957,135.209881126
 09/08  04:00:00,184.459781495,149.92861660100002
 09/08  05:00:00,153.600972266,214.296060895
 09/08  06:00:00,344.69921771300005,331.984507743
 09/08  07:00:00,403.041973532,482.930824619
 09/08  08:00:00,352.354377137,372.680620906
 09/08  09:00:00,321.147066475,303.11579486799997
 09/08  10:00:00,297.045432322,256.559143653
 09/08  11:00:00,300.591854494,214.899721935
 09/08  12:00:00,300.347825113,214.38727334
 09/08  13:00:00,290.251178118,205.642235565
 09/08  14:00:00,289.356519865,197.10358561599998
 09/08  15:00:00,289.145323803,199.009454178
 09/08  16:00:00,317.799671743,186.12132975
 09/08  17:00:00,351.79495880699994,196.793339327
 09/08  18:00:00,403.311884285,309.22684195799997
 09/08  19:00:00,415.89202885599997,224.400385603
 09/08  20:00:00,452.511533527,228.838224784
 09/08  21:00:00,426.782196419,306.924571282
 09/08  22:00:00,361.16410054199997,231.06348544099998
 09/08  23:00:00,294.32450649,129.691606594
 09/08  24:00:00,195.30885661,97.4855215657
 09/09  01:00:00,183.83688169400003,76.9208204463
 09/09  02:00:00,166.73637586799998,71.01424494390001
 09/09  03:00:00,165.33005990700002,77.5794738094
 09/09  04:00:00,181.43550321799998,97.8420258391
 09/09  05:00:00,193.91168038400002,124.636127504
 09/09  06:00:00,295.735597795,179.68156598299998
 09/09  07:00:00,367.016219897,310.023025647
 09/09  08:00:00,403.79646700800004,438.992252255
 09/09  09:00:00,357.095112894,351.834493479
 09/09  10:00:00,304.443679031,308.672670999
 09/09  11:00:00,295.439546995,261.400378818
 09/09  12:00:00,293.65182654,218.556468593
 09/09  13:00:00,283.155941658,207.603830521
 09/09  14:00:00,282.235684618,198.931015737
 09/09  15:00:00,281.22720965400003,206.70419570599998
 09/09  16:00:00,310.302864477,188.48739328599999
 09/09  17:00:00,337.659273892,176.756938903
 09/09  18:00:00,402.834032771,199.46061606599997
 09/09  19:00:00,402.957502574,227.839493418
 09/09  20:00:00,424.739178579,226.365854297
 09/09  21:00:00,415.567756223,218.580238501
 09/09  22:00:00,363.364635782,303.20008639400004
 09/09  23:00:00,291.853566713,180.448223855
 09/09  24:00:00,191.37629679,97.6180449183
 09/10  01:00:00,215.01509486900002,77.0133066642
 09/10  02:00:00,144.203999869,76.95410913020001
 09/10  03:00:00,183.40034459700001,70.9309337512
 09/10  04:00:00,162.801184522,97.51087250040001
 09/10  05:00:00,206.39949322,130.849374852
 09/10  06:00:00,306.764443572,179.96174730599998
 09/10  07:00:00,375.29339747,312.769850382
 09/10  08:00:00,401.38288873199997,442.581717699
 09/10  09:00:00,345.154100103,357.147916569
 09/10  10:00:00,300.49914823299997,302.676912411
 09/10  11:00:00,295.834260121,262.691363578
 09/10  12:00:00,295.583477588,213.99389683200002
 09/10  13:00:00,276.280271813,205.74945789
 09/10  14:00:00,276.61624813599997,197.541758978
 09/10  15:00:00,277.179350377,199.74967903299998
 09/10  16:00:00,303.475411622,193.66669809
 09/10  17:00:00,328.164904666,171.17507101
 09/10  18:00:00,388.376547468,201.15254580099997
 09/10  19:00:00,396.702939782,226.941332343
 09/10  20:00:00,428.511803009,227.245821839
 09/10  21:00:00,400.367790186,226.03747899400003
 09/10  22:00:00,347.63934277,301.915179727
 09/10  23:00:00,285.381343445,178.22682634
 09/10  24:00:00,231.108810984,102.206074481
 09/11  01:00:00,201.47300588099998,70.913198808
 09/11  02:00:00,199.07222809599998,76.99602624010001
 09/11  03:00:00,196.75800957599998,71.1141147132
 09/11  04:00:00,208.662918736,97.8844018264
 09/11  05:00:00,236.95288995200002,170.92664068
 09/11  06:00:00,337.23824406200004,297.767534051
 09/11  07:00:00,403.797326309,410.106416205
 09/11  08:00:00,360.53378507800005,326.02932806900003
 09/11  09:00:00,330.923764236,289.857103028
 09/11  10:00:00,281.134752748,262.598094897
 09/11  11:00:00,281.130597281,215.41271140700002
 09/11  12:00:00,282.018772517,215.124698925
 09/11  13:00:00,273.92483309,206.22561461400002
 09/11  14:00:00,270.895290213,190.682017895
 09/11  15:00:00,269.958475602,205.61368763099998
 09/11  16:00:00,299.965084604,186.17987433099998
 09/11  17:00:00,335.982178038,199.18629523400003
 09/11  18:00:00,389.061309075,313.201674348
 09/11  19:00:00,401.380368486,235.318296036
 09/11  20:00:00,436.77855568800004,228.347129397
 09/11  21:00:00,412.11550569300005,312.772547402
 09/11  22:00:00,346.637374155,238.75082814200002
 09/11  23:00:00,281.742847878,134.745075389
 09/11  24:00:00,213.639643748,97.56959444379999
 09/12  01:00:00,200.385379602,76.99027496869999
 09/12  02:00:00,183.23482039299998,71.31366762420001
 09/12  03:00:00,194.94072988,77.4236799726
 09/12  04:00:00,210.425354384,97.9520513037
 09/12  05:00:00,236.447440749,171.018667643
 09/12  06:00:00,333.418423744,297.55655301400003
 09/12  07:00:00,405.60920086,410.42695773400004
 09/12  08:00:00,360.911470635,328.431337778
 09/12  09:00:00,330.01542928599997,290.141822053
 09/12  10:00:00,280.824601567,261.898687962
 09/12  11:00:00,281.212433755,214.21174451599998
 09/12  12:00:00,281.08124292,214.04253413400002
 09/12  13:00:00,272.45663227,205.54256802400002
 09/12  14:00:00,272.34866749599996,197.07111148
 09/12  15:00:00,270.565608489,198.84930840400003
 09/12  16:00:00,299.026170046,192.495243115
 09/12  17:00:00,334.678463399,192.837226547
 09/12  18:00:00,387.86293784599997,321.479547357
 09/12  19:00:00,403.154462925,228.942923879
 09/12  20:00:00,435.641024216,234.97598758599997
 09/12  21:00:00,411.62805386300005,314.575288308
 09/12  22:00:00,347.38337504300006,235.65280146799998
 09/12  23:00:00,281.887466728,137.337812479
 09/12  24:00:00,220.63749082,97.6054219723
 09/13  01:00:00,214.301298892,77.0989667833
 09/13  02:00:00,207.08873086,71.0898766355
 09/13  03:00:00,190.76087469200002,77.2357823841
 09/13  04:00:00,193.545535246,97.91571227840001
 09/13  05:00:00,224.252766243,171.359929147
 09/13  06:00:00,348.254957288,297.778428624
 09/13  07:00:00,406.291974192,413.353503134
 09/13  08:00:00,361.721785577,330.681904658
 09/13  09:00:00,331.10465813,287.57323472
 09/13  10:00:00,281.10088184299997,261.92941015400004
 09/13  11:00:00,281.185668991,214.182791282
 09/13  12:00:00,281.356102847,214.025226535
 09/13  13:00:00,272.88232763400003,205.54794287400003
 09/13  14:00:00,272.213174357,197.086314991
 09/13  15:00:00,271.22982015400004,205.41511991599998
 09/13  16:00:00,301.523291612,186.227910342
 09/13  17:00:00,339.051793972,199.75093613299998
 09/13  18:00:00,391.21880227300005,314.469408287
 09/13  19:00:00,404.34913880199997,236.49094454
 09/13  20:00:00,436.910818479,229.48839448599998
 09/13  21:00:00,412.555878134,318.945893179
 09/13  22:00:00,347.85187022,235.95948444599998
 09/13  23:00:00,283.979997236,140.254398981
 09/13  24:00:00,206.269878497,97.6174206924
 09/14  01:00:00,194.007032212,70.8876612432
 09/14  02:00:00,173.70511630299998,77.5892608314
 09/14  03:00:00,179.423342395,77.0782778361
 09/14  04:00:00,177.41703832,98.2361210348
 09/14  05:00:00,213.805273504,171.330020446
 09/14  06:00:00,345.89145925199995,298.063945077
 09/14  07:00:00,409.39279385599997,418.401966722
 09/14  08:00:00,363.25095305,331.427310214
 09/14  09:00:00,332.400011796,286.09765607400004
 09/14  10:00:00,282.853620373,260.33563005900004
 09/14  11:00:00,282.300467722,215.41955505
 09/14  12:00:00,280.683643872,219.41258349999998
 09/14  13:00:00,270.827158495,204.79279031599998
 09/14  14:00:00,272.401261372,191.39630690599998
 09/14  15:00:00,274.69970548,205.45360446599997
 09/14  16:00:00,303.849212872,192.55031541
 09/14  17:00:00,339.191295773,195.710855299
 09/14  18:00:00,392.68717659199996,319.783941858
 09/14  19:00:00,407.74411671400003,235.52267957700002
 09/14  20:00:00,439.559356456,231.310393566
 09/14  21:00:00,413.332093381,314.982553005
 09/14  22:00:00,348.67067932099997,240.686855953
 09/14  23:00:00,283.443912125,140.216292313
 09/14  24:00:00,207.99989345,97.8386732175
 09/15  01:00:00,194.749630553,71.5528360284
 09/15  02:00:00,191.468777458,77.1662494763
 09/15  03:00:00,189.454985731,77.16530588970001
 09/15  04:00:00,177.314269332,97.8569906656
 09/15  05:00:00,208.049593042,171.165946341
 09/15  06:00:00,343.78526528300006,304.431258523
 09/15  07:00:00,410.312604316,412.84066747099996
 09/15  08:00:00,365.511764395,331.602289241
 09/15  09:00:00,333.336243803,291.718367838
 09/15  10:00:00,285.795795732,262.122849132
 09/15  11:00:00,290.389280648,214.263287939
 09/15  12:00:00,285.718515099,214.12534963
 09/15  13:00:00,274.313166165,205.634180741
 09/15  14:00:00,278.841738038,197.16604356099998
 09/15  15:00:00,277.57068689,205.508389182
 09/15  16:00:00,305.149431963,186.271038738
 09/15  17:00:00,339.923268416,200.39166943700002
 09/15  18:00:00,392.683457615,323.396401046
 09/15  19:00:00,406.72916393699995,232.655500703
 09/15  20:00:00,440.341241627,235.653564767
 09/15  21:00:00,416.99628281599996,316.326964806
 09/15  22:00:00,353.21029126900004,241.15774317700001
 09/15  23:00:00,287.720894347,141.110956316
 09/15  24:00:00,212.050729515,97.6848795489
 09/16  01:00:00,210.045809093,77.3168475855
 09/16  02:00:00,199.393271292,71.2202223102
 09/16  03:00:00,198.569073027,77.3274025605
 09/16  04:00:00,185.838624597,98.03618958930001
 09/16  05:00:00,198.132699725,131.248948461
 09/16  06:00:00,313.326190455,187.02168674
 09/16  07:00:00,368.42674914300005,320.052182687
 09/16  08:00:00,404.58203079599997,448.85281206400003
 09/16  09:00:00,358.354394997,359.952266696
 09/16  10:00:00,306.003894327,308.555033627
 09/16  11:00:00,297.434376644,262.89623289400004
 09/16  12:00:00,296.12240904099997,214.980774982
 09/16  13:00:00,286.378296094,213.17003033900002
 09/16  14:00:00,286.217309446,198.22167269099998
 09/16  15:00:00,286.148500011,206.764020156
 09/16  16:00:00,315.751831632,194.06017301400001
 09/16  17:00:00,343.673202688,180.65977202099998
 09/16  18:00:00,408.475856134,204.456614938
 09/16  19:00:00,410.061711937,238.44111334099998
 09/16  20:00:00,429.633027544,231.798613519
 09/16  21:00:00,420.35592484,231.24233237200002
 09/16  22:00:00,368.235016949,310.383734477
 09/16  23:00:00,296.722419451,195.46457645799998
 09/16  24:00:00,185.111828995,101.57158926
 09/17  01:00:00,160.308022155,84.5361207908
 09/17  02:00:00,184.291180332,87.6207252206
 09/17  03:00:00,139.382847288,87.4580952214
 09/17  04:00:00,189.722540744,112.81387856100001
 09/17  05:00:00,170.84121622799998,153.95176478
 09/17  06:00:00,312.74369909,212.651392093
 09/17  07:00:00,380.771445181,342.185473625
 09/17  08:00:00,407.60162315,471.44477130000007
 09/17  09:00:00,352.868644549,384.088501783
 09/17  10:00:00,309.50361026400003,327.599569451
 09/17  11:00:00,305.099293427,277.40087927
 09/17  12:00:00,303.260345566,222.86791385799998
 09/17  13:00:00,283.557412031,210.64075299099997
 09/17  14:00:00,282.074920561,201.670213322
 09/17  15:00:00,280.29868369,209.45983917
 09/17  16:00:00,309.761347965,190.62656328
 09/17  17:00:00,337.644689482,182.18818499099999
 09/17  18:00:00,399.01432728099996,212.542029807
 09/17  19:00:00,410.268481344,231.0588713
 09/17  20:00:00,437.959843024,237.26773739
 09/17  21:00:00,410.208944484,227.325440757
 09/17  22:00:00,358.064794183,316.238556847
 09/17  23:00:00,295.763447375,187.78881814099998
 09/17  24:00:00,196.18327556900002,98.42259426950001
 09/18  01:00:00,146.747051584,77.0128468876
 09/18  02:00:00,182.812199652,77.118848998
 09/18  03:00:00,161.090439865,77.1304116779
 09/18  04:00:00,174.678816234,98.313964862
 09/18  05:00:00,217.042376329,177.72518706
 09/18  06:00:00,324.079811733,299.947829586
 09/18  07:00:00,409.85944468800005,421.341653495
 09/18  08:00:00,366.972897725,333.546935639
 09/18  09:00:00,339.152620812,292.713492155
 09/18  10:00:00,290.323297117,265.104947942
 09/18  11:00:00,290.461323934,217.888429432
 09/18  12:00:00,288.933967013,223.974984769
 09/18  13:00:00,279.019850486,208.784737888
 09/18  14:00:00,279.523062109,200.21023332099998
 09/18  15:00:00,279.278808022,208.470752931
 09/18  16:00:00,307.947357007,186.52638289599997
 09/18  17:00:00,342.610201346,201.247580297
 09/18  18:00:00,394.26922815300003,324.976545287
 09/18  19:00:00,410.148620646,238.39206207799998
 09/18  20:00:00,442.57967019,238.43435299599997
 09/18  21:00:00,416.98573751699996,317.156790665
 09/18  22:00:00,352.104472148,245.208155115
 09/18  23:00:00,286.40693241900004,145.892470691
 09/18  24:00:00,199.964257464,98.06704469379999
 09/19  01:00:00,203.87244942900003,77.12625987210001
 09/19  02:00:00,187.995820457,77.1536502924
 09/19  03:00:00,185.964596422,77.1564424208
 09/19  04:00:00,178.39668973099998,97.9913402907
 09/19  05:00:00,214.46393348900003,178.49419818299998
 09/19  06:00:00,346.185184703,299.705963579
 09/19  07:00:00,408.04486176,423.19295328199996
 09/19  08:00:00,364.031009243,333.57274230900003
 09/19  09:00:00,334.341053035,293.009312986
 09/19  10:00:00,285.326408351,265.519834349
 09/19  11:00:00,284.982661829,223.493809485
 09/19  12:00:00,283.485830648,218.009229305
 09/19  13:00:00,273.27983539999997,210.66875204
 09/19  14:00:00,272.1418923,202.60057434799998
 09/19  15:00:00,270.627893167,208.185605194
 09/19  16:00:00,301.180670657,186.494279073
 09/19  17:00:00,337.253942566,201.549528353
 09/19  18:00:00,389.61303248400003,325.329723839
 09/19  19:00:00,408.520965611,239.06309854900002
 09/19  20:00:00,439.008327127,239.14517226
 09/19  21:00:00,414.39753066199995,321.198825424
 09/19  22:00:00,350.350639356,248.473795406
 09/19  23:00:00,285.391347339,140.72667608700002
 09/19  24:00:00,200.45293316599998,104.40428376700001
 09/20  01:00:00,203.062039142,70.9939052471
 09/20  02:00:00,177.229387077,77.7647217457
 09/20  03:00:00,172.04515468900001,77.2830632183
 09/20  04:00:00,182.01684999900002,102.77626637
 09/20  05:00:00,227.30051201700002,173.787349176
 09/20  06:00:00,349.54872054699996,307.84001639999997
 09/20  07:00:00,407.52147889400004,419.833069101
 09/20  08:00:00,363.325979146,338.625866003
 09/20  09:00:00,333.08455698299997,292.6015008
 09/20  10:00:00,283.175108874,262.976044416
 09/20  11:00:00,282.20779725,221.263418186
 09/20  12:00:00,280.70027616,214.843749885
 09/20  13:00:00,268.768413051,206.563660191
 09/20  14:00:00,267.710934509,198.69257378400002
 09/20  15:00:00,269.49832851400004,211.23934275
 09/20  16:00:00,301.463471809,186.426069619
 09/20  17:00:00,337.736114394,201.34663015599997
 09/20  18:00:00,387.136166188,325.56377184400003
 09/20  19:00:00,404.90305374,239.170212047
 09/20  20:00:00,437.01181617699996,239.288780422
 09/20  21:00:00,413.47438658,326.308261908
 09/20  22:00:00,349.851245299,243.19779601599998
 09/20  23:00:00,286.548869433,144.897442005
 09/20  24:00:00,197.163385062,97.82587676610001
 09/21  01:00:00,193.460296115,77.1813148883
 09/21  02:00:00,181.498914294,77.2153604476
 09/21  03:00:00,169.13460524299998,77.8050720527
 09/21  04:00:00,183.794249148,98.0073164309
 09/21  05:00:00,198.286089468,178.538647784
 09/21  06:00:00,331.37962108,306.997189613
 09/21  07:00:00,417.151026058,424.65740414699997
 09/21  08:00:00,370.35311024199996,342.785619949
 09/21  09:00:00,342.974536608,292.763712134
 09/21  10:00:00,296.70739930400003,262.734671489
 09/21  11:00:00,298.558569399,221.17911899700002
 09/21  12:00:00,298.534125024,214.43475917900003
 09/21  13:00:00,288.988078975,212.49439086700002
 09/21  14:00:00,288.752207951,197.46673024400002
 09/21  15:00:00,288.990103053,205.79591802
 09/21  16:00:00,318.321305957,192.76039546799998
 09/21  17:00:00,352.77866125699995,201.31146064900003
 09/21  18:00:00,404.52030611099997,325.782667325
 09/21  19:00:00,421.97274063599997,239.346668249
 09/21  20:00:00,451.831333456,239.486524993
 09/21  21:00:00,427.276433955,326.203925894
 09/21  22:00:00,362.291999649,250.168896157
 09/21  23:00:00,296.012162195,156.512456181
 09/21  24:00:00,183.74901088200002,135.85251049
 09/22  01:00:00,142.87801898700002,142.32308347
 09/22  02:00:00,172.097381885,167.866233099
 09/22  03:00:00,175.46263095900002,186.65285463900003
 09/22  04:00:00,163.50641746899998,203.584419181
 09/22  05:00:00,176.573140121,266.602629976
 09/22  06:00:00,343.648350843,383.330079507
 09/22  07:00:00,411.612833114,519.77448891
 09/22  08:00:00,359.502174989,387.120026124
 09/22  09:00:00,331.601576883,311.664670923
 09/22  10:00:00,298.628237656,267.54137392
 09/22  11:00:00,299.121282653,214.63119750099997
 09/22  12:00:00,298.66731703700003,221.033059233
 09/22  13:00:00,288.805539074,205.99275737
 09/22  14:00:00,287.36759816,197.517780165
 09/22  15:00:00,285.703528415,212.294717079
 09/22  16:00:00,315.073683461,186.585820193
 09/22  17:00:00,348.55040096199997,203.054038042
 09/22  18:00:00,397.588273541,318.994196366
 09/22  19:00:00,414.65342402199997,236.449566232
 09/22  20:00:00,447.59415509900003,233.30399970599998
 09/22  21:00:00,422.46293453699997,320.504952653
 09/22  22:00:00,357.286548336,236.834058205
 09/22  23:00:00,292.753746383,136.181252787
 09/22  24:00:00,194.62270536900002,102.769510757
 09/23  01:00:00,184.06436909099997,86.71570542110001
 09/23  02:00:00,142.863502338,92.8003772598
 09/23  03:00:00,172.16487753599998,99.06111719290001
 09/23  04:00:00,181.49767362400002,130.02748856899998
 09/23  05:00:00,193.93341394599997,153.837340339
 09/23  06:00:00,285.00165611799997,207.760309383
 09/23  07:00:00,359.238291302,340.06653871099996
 09/23  08:00:00,408.07584827,457.59488627800005
 09/23  09:00:00,358.19586983199997,362.837123683
 09/23  10:00:00,301.176060163,316.651533125
 09/23  11:00:00,289.439844855,263.366599258
 09/23  12:00:00,286.61582888,221.402431535
 09/23  13:00:00,278.874934692,212.921823647
 09/23  14:00:00,279.883214863,197.86806167900002
 09/23  15:00:00,279.091327971,212.75908306099998
 09/23  16:00:00,306.335040255,192.94727366400002
 09/23  17:00:00,331.404990407,174.76827750299998
 09/23  18:00:00,395.83891778599997,206.020441165
 09/23  19:00:00,401.59111355199997,233.277084387
 09/23  20:00:00,417.71791459,233.36057980299998
 09/23  21:00:00,408.605295367,225.545699332
 09/23  22:00:00,357.45792318599996,311.54533576299997
 09/23  23:00:00,286.834166607,183.70414348900002
 09/23  24:00:00,215.067281105,97.97181748770001
 09/24  01:00:00,207.850733508,81.33686600850001
 09/24  02:00:00,193.796629819,79.2591046437
 09/24  03:00:00,167.949472825,77.23426748029999
 09/24  04:00:00,181.588020745,97.90168550620001
 09/24  05:00:00,198.997535167,132.000325939
 09/24  06:00:00,304.797943988,196.541973049
 09/24  07:00:00,380.74269415199996,324.491367855
 09/24  08:00:00,402.732184618,452.088558967
 09/24  09:00:00,343.546551035,371.15381619
 09/24  10:00:00,296.06042217099997,310.28609171
 09/24  11:00:00,292.180290163,270.40858838400004
 09/24  12:00:00,291.58144665099996,218.108608816
 09/24  13:00:00,270.922067228,209.30931519799998
 09/24  14:00:00,270.459052791,197.633038328
 09/24  15:00:00,267.49347733900004,212.509394232
 09/24  16:00:00,297.84945434,192.514042708
 09/24  17:00:00,331.490347221,175.79449455099999
 09/24  18:00:00,390.496673607,206.86617914599998
 09/24  19:00:00,399.896704584,234.199271133
 09/24  20:00:00,425.728538404,234.06033455
 09/24  21:00:00,400.53597380699995,226.539123706
 09/24  22:00:00,349.76535838300003,312.22532275
 09/24  23:00:00,288.357136645,179.404678115
 09/24  24:00:00,218.42567660400002,104.34101675
 09/25  01:00:00,187.80021705400003,77.2359792616
 09/25  02:00:00,191.145694845,77.2116309714
 09/25  03:00:00,173.21537581799998,77.2483981137
 09/25  04:00:00,183.43348452400002,104.45125346100001
 09/25  05:00:00,227.12228235799998,178.95509725099998
 09/25  06:00:00,333.967113499,309.470733845
 09/25  07:00:00,408.40612563800005,421.076208534
 09/25  08:00:00,362.988320229,337.19759951099996
 09/25  09:00:00,333.657640722,296.95945468
 09/25  10:00:00,283.562975643,263.203726686
 09/25  11:00:00,283.443722647,221.38207037400002
 09/25  12:00:00,282.375925277,221.210577648
 09/25  13:00:00,272.623218114,206.16191258599997
 09/25  14:00:00,273.785653454,204.23822025400003
 09/25  15:00:00,275.37939032099996,206.01199837099998
 09/25  16:00:00,304.316176981,192.90308224400002
 09/25  17:00:00,340.78707738,199.519044392
 09/25  18:00:00,395.138433766,328.417463949
 09/25  19:00:00,413.7207125,237.61504242400002
 09/25  20:00:00,443.35574351699995,235.623474234
 09/25  21:00:00,418.136476276,323.554435603
 09/25  22:00:00,353.534659686,246.70999556599998
 09/25  23:00:00,287.625010733,138.371112315
 09/25  24:00:00,201.033740827,101.425123419
 09/26  01:00:00,196.126013217,79.9859985468
 09/26  02:00:00,169.411298202,77.57442223390001
 09/26  03:00:00,176.448902996,77.2561172895
 09/26  04:00:00,172.970879784,101.346530354
 09/26  05:00:00,197.358884233,185.172237977
 09/26  06:00:00,331.243692549,313.83832146099996
 09/26  07:00:00,414.86638117300004,424.680289574
 09/26  08:00:00,368.718667324,340.814492174
 09/26  09:00:00,339.989571902,301.056659412
 09/26  10:00:00,291.134519489,263.295700857
 09/26  11:00:00,291.458217408,221.441118005
 09/26  12:00:00,290.496933748,221.270506275
 09/26  13:00:00,282.07562819099996,206.82750642099998
 09/26  14:00:00,283.196592696,203.6976008
 09/26  15:00:00,284.529083117,206.074715429
 09/26  16:00:00,314.516242968,192.928337147
 09/26  17:00:00,348.67870000199997,206.33090715
 09/26  18:00:00,403.373761726,324.076704328
 09/26  19:00:00,423.40751713,241.81117990799999
 09/26  20:00:00,449.531093661,238.265014372
 09/26  21:00:00,423.13288692099997,326.991560971
 09/26  22:00:00,359.907046289,256.540550538
 09/26  23:00:00,295.01907979099997,146.171829168
 09/26  24:00:00,187.021167508,111.081709276
 09/27  01:00:00,160.167166459,91.6730473825
 09/27  02:00:00,159.04706397799998,98.0376605878
 09/27  03:00:00,173.36466481,97.6736237525
 09/27  04:00:00,170.937260195,129.181592583
 09/27  05:00:00,196.915570964,225.10482109900002
 09/27  06:00:00,338.846329623,368.520583066
 09/27  07:00:00,418.31407839699995,476.61556956199996
 09/27  08:00:00,357.266613152,386.951002763
 09/27  09:00:00,333.418209101,318.052256162
 09/27  10:00:00,297.065212932,272.05104742599997
 09/27  11:00:00,297.51807864,221.49278886099998
 09/27  12:00:00,296.267966612,214.757468483
 09/27  13:00:00,286.349046458,212.84155236799998
 09/27  14:00:00,286.540408059,199.778650022
 09/27  15:00:00,286.901930006,210.71548739099998
 09/27  16:00:00,316.66505137900003,192.96554402599998
 09/27  17:00:00,351.85739131199995,202.638573662
 09/27  18:00:00,404.041345014,326.092811654
 09/27  19:00:00,424.204017105,236.144054455
 09/27  20:00:00,450.86885848300005,240.93462133900002
 09/27  21:00:00,426.903543927,329.78010082
 09/27  22:00:00,363.430277007,263.181897359
 09/27  23:00:00,268.523922676,161.682361307
 09/27  24:00:00,180.453878795,141.155556504
 09/28  01:00:00,139.135864763,120.632712741
 09/28  02:00:00,178.383270435,122.530645658
 09/28  03:00:00,138.527800555,120.985566346
 09/28  04:00:00,162.026873014,142.605928202
 09/28  05:00:00,209.757630273,211.52387020900002
 09/28  06:00:00,325.950468851,338.568753125
 09/28  07:00:00,415.830892154,451.43451649599996
 09/28  08:00:00,353.799814811,379.65022864
 09/28  09:00:00,317.154396492,329.793131457
 09/28  10:00:00,285.98069166,276.247879364
 09/28  11:00:00,298.792300049,221.56055394400002
 09/28  12:00:00,297.627688301,218.25423459299998
 09/28  13:00:00,287.51930162,209.47277565099998
 09/28  14:00:00,287.92539595,204.426032587
 09/28  15:00:00,288.797932158,206.18977866
 09/28  16:00:00,318.099229613,193.00023779900002
 09/28  17:00:00,352.07402686800003,204.839986745
 09/28  18:00:00,404.120652765,322.115094484
 09/28  19:00:00,424.720962537,241.14519785099998
 09/28  20:00:00,451.849482664,236.727501908
 09/28  21:00:00,427.58073738400003,330.565929495
 09/28  22:00:00,363.03326384699994,254.141315724
 09/28  23:00:00,269.403062447,156.217515605
 09/28  24:00:00,181.17045748599998,131.646435866
 09/29  01:00:00,139.525211872,115.531283064
 09/29  02:00:00,178.739908558,109.836590786
 09/29  03:00:00,139.008787779,109.31755205700001
 09/29  04:00:00,163.186401197,134.654796718
 09/29  05:00:00,210.962775292,200.93439742700002
 09/29  06:00:00,326.912850234,330.340522841
 09/29  07:00:00,419.547081721,445.134813634
 09/29  08:00:00,357.470242737,358.219439674
 09/29  09:00:00,333.135272252,302.058863596
 09/29  10:00:00,297.71231713599997,270.471300499
 09/29  11:00:00,295.47585583,222.052557855
 09/29  12:00:00,293.18264732299997,221.80754729
 09/29  13:00:00,283.675855143,213.192068782
 09/29  14:00:00,283.810283053,197.96340205799999
 09/29  15:00:00,283.588481765,212.85823395
 09/29  16:00:00,312.416903794,193.03803712799998
 09/29  17:00:00,347.481232047,204.78173239
 09/29  18:00:00,399.62228835900004,322.224748967
 09/29  19:00:00,420.164390702,241.041367127
 09/29  20:00:00,447.73054501900003,236.880530214
 09/29  21:00:00,422.228856359,326.950910611
 09/29  22:00:00,357.034261828,245.026816998
 09/29  23:00:00,291.18477539,136.516668095
 09/29  24:00:00,187.458096825,104.61467867200001
 09/30  01:00:00,171.539723496,77.2494989344
 09/30  02:00:00,169.064990328,77.4550003023
 09/30  03:00:00,165.720426673,77.4580366812
 09/30  04:00:00,180.484354576,104.47071728700001
 09/30  05:00:00,194.15488993,138.135929016
 09/30  06:00:00,314.936692532,188.30142195
 09/30  07:00:00,372.383048954,332.425953055
 09/30  08:00:00,404.971522658,457.75304113
 09/30  09:00:00,358.27747491699995,373.20362001800004
 09/30  10:00:00,305.55059096900004,319.288796826
 09/30  11:00:00,297.440024644,272.262489107
 09/30  12:00:00,295.745817129,222.03192293
 09/30  13:00:00,286.374859358,215.21973586200002
 09/30  14:00:00,286.09808437,203.183415257
 09/30  15:00:00,285.285320541,213.22975994700002
 09/30  16:00:00,313.88839223400004,199.725436857
 09/30  17:00:00,342.029100491,176.438368696
 09/30  18:00:00,407.413593769,209.99816530299998
 09/30  19:00:00,415.91311466300004,239.612343303
 09/30  20:00:00,429.904021325,242.430790927
 09/30  21:00:00,419.549996264,231.282536897
 09/30  22:00:00,366.23769783,320.013573061
 09/30  23:00:00,295.39579068,187.530760158
 09/30  24:00:00,185.624187244,107.291505759
 10/01  01:00:00,161.990975648,82.5416456902
 10/01  02:00:00,180.981049045,91.7172266286
 10/01  03:00:00,149.68736806299998,89.1299831843
 10/01  04:00:00,180.4163269,120.038645215
 10/01  05:00:00,168.66749115,152.17227165100002
 10/01  06:00:00,306.375095926,207.187230475
 10/01  07:00:00,384.216472861,341.605357819
 10/01  08:00:00,409.201759829,485.215739685
 10/01  09:00:00,352.068421535,382.915295055
 10/01  10:00:00,304.071416318,319.719610389
 10/01  11:00:00,298.123953521,271.33207852
 10/01  12:00:00,296.985998724,221.61297694900003
 10/01  13:00:00,277.210784615,213.283376791
 10/01  14:00:00,277.491491849,204.63936623799998
 10/01  15:00:00,277.077066867,206.51204863099997
 10/01  16:00:00,306.43870809,197.47453515700002
 10/01  17:00:00,333.565895759,178.979079735
 10/01  18:00:00,394.49884317,207.573557972
 10/01  19:00:00,411.78007586900003,242.402332296
 10/01  20:00:00,435.413116698,239.07247549
 10/01  21:00:00,409.354930542,230.989207537
 10/01  22:00:00,358.44814544300004,322.741668184
 10/01  23:00:00,297.871444536,198.77538036599998
 10/01  24:00:00,203.750161516,118.029781739
 10/02  01:00:00,142.71624440000002,93.39042397610001
 10/02  02:00:00,179.909634603,91.9674195419
 10/02  03:00:00,158.112264592,95.6181117302
 10/02  04:00:00,162.523042743,119.15804755
 10/02  05:00:00,201.653885405,198.50221364700002
 10/02  06:00:00,343.236675739,339.993911181
 10/02  07:00:00,419.02646057199996,443.78058657099996
 10/02  08:00:00,372.41663697300004,359.45724808
 10/02  09:00:00,342.601703113,307.272055701
 10/02  10:00:00,292.271915733,269.290877742
 10/02  11:00:00,290.39296296,231.020186805
 10/02  12:00:00,287.90224239400004,223.939127552
 10/02  13:00:00,278.17577042799996,212.579041082
 10/02  14:00:00,279.952249382,202.825863905
 10/02  15:00:00,281.668123104,214.84122966
 10/02  16:00:00,312.525079065,193.767184874
 10/02  17:00:00,349.516227904,206.85780302
 10/02  18:00:00,403.482813472,333.323965268
 10/02  19:00:00,424.80105559300006,244.636369458
 10/02  20:00:00,452.63295541400004,251.642092047
 10/02  21:00:00,428.379518548,340.615885923
 10/02  22:00:00,361.507051578,271.397100286
 10/02  23:00:00,262.294713267,169.08140338200002
 10/02  24:00:00,140.035661971,137.780708866
 10/03  01:00:00,149.510999398,119.694105296
 10/03  02:00:00,170.926594828,114.821966305
 10/03  03:00:00,177.73032657599998,99.43097300299999
 10/03  04:00:00,127.176773917,127.636675188
 10/03  05:00:00,208.076046941,209.98490739099998
 10/03  06:00:00,340.68998783,351.477072331
 10/03  07:00:00,416.51178378300006,457.04081194199995
 10/03  08:00:00,355.26778782599996,366.191582961
 10/03  09:00:00,337.21627733099996,309.602841373
 10/03  10:00:00,298.041796122,272.762182891
 10/03  11:00:00,298.177661019,223.193914526
 10/03  12:00:00,296.532851332,222.62182588299999
 10/03  13:00:00,286.355237683,213.89576034900003
 10/03  14:00:00,286.408014104,205.378896408
 10/03  15:00:00,286.87607883,213.617537788
 10/03  16:00:00,316.92773157,193.51247775599998
 10/03  17:00:00,350.815336048,205.917078965
 10/03  18:00:00,402.95252371,332.085242049
 10/03  19:00:00,426.849283932,244.142872742
 10/03  20:00:00,452.57527106199996,252.15956385
 10/03  21:00:00,428.42808855699997,350.16940491
 10/03  22:00:00,353.926596893,277.549251541
 10/03  23:00:00,260.43250935,180.355542847
 10/03  24:00:00,156.45700283,154.45129143
 10/04  01:00:00,165.605299935,131.412745635
 10/04  02:00:00,133.55216700399998,120.550699091
 10/04  03:00:00,173.68246504200002,113.052534112
 10/04  04:00:00,146.43362613,137.21279173899998
 10/04  05:00:00,192.051950568,212.016418438
 10/04  06:00:00,339.557010156,344.107273187
 10/04  07:00:00,414.883493635,452.64152009300005
 10/04  08:00:00,348.295442429,385.651925071
 10/04  09:00:00,306.306706857,338.177636452
 10/04  10:00:00,242.468569782,304.51038935400004
 10/04  11:00:00,266.295305068,235.59355987599997
 10/04  12:00:00,297.060741666,231.252890776
 10/04  13:00:00,286.56435117,217.67156400000002
 10/04  14:00:00,286.005467427,203.668573549
 10/04  15:00:00,286.658940535,218.764335752
 10/04  16:00:00,316.072110652,203.99475520299998
 10/04  17:00:00,350.300402895,210.472394418
 10/04  18:00:00,402.60537009300003,338.017143752
 10/04  19:00:00,419.59429708199997,260.352597708
 10/04  20:00:00,427.432487143,280.394496148
 10/04  21:00:00,422.298430646,377.283363495
 10/04  22:00:00,340.110590232,301.23406422
 10/04  23:00:00,243.826760178,203.228798356
 10/04  24:00:00,132.849817155,164.092466406
 10/05  01:00:00,138.035517309,130.808842846
 10/05  02:00:00,136.375435295,122.935671448
 10/05  03:00:00,176.935970693,125.818348301
 10/05  04:00:00,121.919295005,140.969648875
 10/05  05:00:00,196.15957123200002,217.35493103099998
 10/05  06:00:00,337.072118068,344.575103178
 10/05  07:00:00,404.61087802699996,476.15320500400003
 10/05  08:00:00,339.71541616,391.854011866
 10/05  09:00:00,305.596339163,336.694207758
 10/05  10:00:00,248.140723171,293.009203067
 10/05  11:00:00,260.496056122,235.956672875
 10/05  12:00:00,288.540823122,231.07785022599998
 10/05  13:00:00,270.52988799400003,228.10966735
 10/05  14:00:00,263.892618554,210.98029493299998
 10/05  15:00:00,287.790097051,213.946681311
 10/05  16:00:00,317.303836585,200.590680093
 10/05  17:00:00,352.21585748300004,207.58897010400003
 10/05  18:00:00,402.95916627400004,348.47506421599996
 10/05  19:00:00,410.420171681,282.476025677
 10/05  20:00:00,435.772450526,311.171552068
 10/05  21:00:00,421.582935122,434.785274954
 10/05  22:00:00,336.851323863,375.71791818800006
 10/05  23:00:00,239.991240973,347.869799195
 10/05  24:00:00,132.352595579,176.57709607599998
 10/06  01:00:00,135.891939717,135.067094285
 10/06  02:00:00,131.80340915,116.33907346
 10/06  03:00:00,133.543065023,114.94291092600001
 10/06  04:00:00,143.834504791,131.421087282
 10/06  05:00:00,192.23549849900002,210.418218841
 10/06  06:00:00,353.08748272599996,341.902038245
 10/06  07:00:00,378.333864913,570.357866835
 10/06  08:00:00,322.88570743400004,519.190635248
 10/06  09:00:00,294.456020131,446.37798327
 10/06  10:00:00,253.03207981,332.184378698
 10/06  11:00:00,255.371953201,247.749212057
 10/06  12:00:00,295.686717659,225.235238268
 10/06  13:00:00,289.483640184,215.24354741099998
 10/06  14:00:00,288.80693369799997,206.60479904599998
 10/06  15:00:00,288.544668159,215.018119352
 10/06  16:00:00,318.456804606,200.436093905
 10/06  17:00:00,352.989139405,207.096913866
 10/06  18:00:00,405.390597275,334.66780024400003
 10/06  19:00:00,429.096569649,245.06001044200002
 10/06  20:00:00,453.43750318199994,254.819871035
 10/06  21:00:00,428.966354406,351.420561118
 10/06  22:00:00,346.385680527,282.931416464
 10/06  23:00:00,247.76303581599998,195.66315025900002
 10/06  24:00:00,138.141268424,154.530824152
 10/07  01:00:00,155.761841666,113.177831436
 10/07  02:00:00,143.02631311,120.18826771799999
 10/07  03:00:00,173.828213277,113.815615397
 10/07  04:00:00,126.89850505700001,144.535021868
 10/07  05:00:00,191.74788936599998,177.787380495
 10/07  06:00:00,294.330007186,230.460611315
 10/07  07:00:00,330.590256314,431.00449830199994
 10/07  08:00:00,401.004078066,534.230042595
 10/07  09:00:00,357.60709946800006,408.057356759
 10/07  10:00:00,288.03908529,328.73078253299997
 10/07  11:00:00,302.38390922599996,282.481381506
 10/07  12:00:00,301.01222682599996,224.030936145
 10/07  13:00:00,290.77934684900004,221.81169200099998
 10/07  14:00:00,290.38829203299997,206.58138200000002
 10/07  15:00:00,290.297598175,215.045462374
 10/07  16:00:00,319.95569739900003,201.65492926
 10/07  17:00:00,347.476166285,184.663769327
 10/07  18:00:00,413.07120833,219.945828523
 10/07  19:00:00,423.150562522,261.325574419
 10/07  20:00:00,432.392010355,282.73590951200003
 10/07  21:00:00,419.708607474,304.903189449
 10/07  22:00:00,353.537748477,395.906392102
 10/07  23:00:00,256.468584792,317.43611359700003
 10/07  24:00:00,147.93816000700002,192.569724927
 10/08  01:00:00,167.004171158,148.980259617
 10/08  02:00:00,150.705762879,137.413851978
 10/08  03:00:00,151.21963249,123.95800363200001
 10/08  04:00:00,160.279768375,136.595664257
 10/08  05:00:00,174.56301995200002,165.316347172
 10/08  06:00:00,307.598549618,227.102647973
 10/08  07:00:00,329.452760771,470.465536749
 10/08  08:00:00,385.57005866800006,578.766986573
 10/08  09:00:00,336.936442842,426.184201845
 10/08  10:00:00,278.93339447799997,352.878995321
 10/08  11:00:00,298.424786225,286.10982857
 10/08  12:00:00,307.467518503,223.267959787
 10/08  13:00:00,288.114208399,215.22856676799998
 10/08  14:00:00,287.85249925799997,211.97910812400002
 10/08  15:00:00,287.673993271,216.087429631
 10/08  16:00:00,317.639170853,195.33009265099997
 10/08  17:00:00,345.29482266199994,185.006446701
 10/08  18:00:00,405.297779433,215.709687813
 10/08  19:00:00,425.160394059,243.839855106
 10/08  20:00:00,444.795373819,243.267588245
 10/08  21:00:00,416.307400102,242.30047417900002
 10/08  22:00:00,364.16493437599996,327.114874571
 10/08  23:00:00,302.35169470799997,192.170804342
 10/08  24:00:00,202.217049175,111.51885608399999
 10/09  01:00:00,171.60435186,80.585344084
 10/09  02:00:00,166.46557255,80.57874221899999
 10/09  03:00:00,161.282478678,102.93771843299999
 10/09  04:00:00,196.48306410200001,151.30254484399998
 10/09  05:00:00,152.199645452,187.232547047
 10/09  06:00:00,306.507213727,248.10576629599998
 10/09  07:00:00,355.276008708,379.027680065
 10/09  08:00:00,405.485160749,500.61264770699995
 10/09  09:00:00,353.77048098800003,388.648295098
 10/09  10:00:00,307.66889838099996,329.389642606
 10/09  11:00:00,302.76167942,273.259719097
 10/09  12:00:00,302.605806826,229.207298606
 10/09  13:00:00,284.52226549200003,214.69224326900002
 10/09  14:00:00,283.791686603,206.076219053
 10/09  15:00:00,284.805718719,220.65277839
 10/09  16:00:00,315.97143806599996,194.96157411599998
 10/09  17:00:00,343.973083229,184.59488038900002
 10/09  18:00:00,403.785622022,214.840727479
 10/09  19:00:00,421.256488275,245.497993422
 10/09  20:00:00,439.40734901800005,246.960118085
 10/09  21:00:00,410.466672175,237.178512303
 10/09  22:00:00,357.680653941,328.809553677
 10/09  23:00:00,297.22516434,199.986869145
 10/09  24:00:00,194.132304094,141.21791941799998
 10/10  01:00:00,141.585152723,131.183801709
 10/10  02:00:00,179.71020947,128.810159387
 10/10  03:00:00,139.835629623,122.37800953600001
 10/10  04:00:00,163.085301066,151.41198948299999
 10/10  05:00:00,208.893808849,222.26679691
 10/10  06:00:00,334.448992261,356.33536011800004
 10/10  07:00:00,413.968993765,507.231361414
 10/10  08:00:00,347.853660097,452.20546447199996
 10/10  09:00:00,311.099223632,392.579324784
 10/10  10:00:00,239.230743586,348.072283683
 10/10  11:00:00,251.86040649900002,293.047175671
 10/10  12:00:00,264.624359515,276.904980636
 10/10  13:00:00,268.917639732,259.242033446
 10/10  14:00:00,271.818240833,238.74244698599998
 10/10  15:00:00,274.635632655,250.29280345200002
 10/10  16:00:00,300.405938935,231.626883233
 10/10  17:00:00,329.797562297,248.59481799099999
 10/10  18:00:00,389.230401467,431.012885151
 10/10  19:00:00,403.70750465099997,416.519326228
 10/10  20:00:00,433.634872044,409.00176161900004
 10/10  21:00:00,423.43724121300005,453.47155638
 10/10  22:00:00,340.75685191400004,369.44242551300005
 10/10  23:00:00,245.80712771400002,251.743520946
 10/10  24:00:00,142.827710945,167.573428888
 10/11  01:00:00,146.66342225399998,135.278085805
 10/11  02:00:00,142.637781071,122.82482717200001
 10/11  03:00:00,144.25044792100002,109.360473018
 10/11  04:00:00,178.42932132299998,137.336480305
 10/11  05:00:00,173.85513697599998,210.592996768
 10/11  06:00:00,339.04927709,345.74322527199996
 10/11  07:00:00,407.17387207400003,492.998038841
 10/11  08:00:00,338.540354404,425.788226329
 10/11  09:00:00,280.121556409,395.223414319
 10/11  10:00:00,229.207109077,359.854482173
 10/11  11:00:00,223.839848847,289.75866617599996
 10/11  12:00:00,224.15195840599998,288.309595922
 10/11  13:00:00,220.28018807400002,257.88249541
 10/11  14:00:00,221.632536043,246.58695560799998
 10/11  15:00:00,238.405826187,240.55949382400001
 10/11  16:00:00,266.995496709,219.65683327099998
 10/11  17:00:00,310.976841555,226.24582853299998
 10/11  18:00:00,377.91816195,379.538500921
 10/11  19:00:00,397.119320716,307.081832298
 10/11  20:00:00,426.35871909400004,310.956889112
 10/11  21:00:00,413.074456066,423.566256336
 10/11  22:00:00,328.67775888299997,364.47980424
 10/11  23:00:00,232.830878591,292.072587596
 10/11  24:00:00,130.42010142,200.23340673400003
 10/12  01:00:00,132.757065595,153.670853015
 10/12  02:00:00,128.551780227,128.021613678
 10/12  03:00:00,130.99594289799998,121.884078354
 10/12  04:00:00,140.771049359,141.833244212
 10/12  05:00:00,178.496350384,213.765501403
 10/12  06:00:00,341.638380793,347.922932771
 10/12  07:00:00,390.062241121,576.081755968
 10/12  08:00:00,329.360325009,468.323813794
 10/12  09:00:00,296.397464607,355.26980659099996
 10/12  10:00:00,256.07636709,295.117530057
 10/12  11:00:00,299.685227158,231.17946491599997
 10/12  12:00:00,298.937827596,225.838383451
 10/12  13:00:00,290.00494150599997,219.88334815599998
 10/12  14:00:00,289.395308091,206.42117799
 10/12  15:00:00,288.055828994,221.37447679
 10/12  16:00:00,316.78109157299997,197.649315675
 10/12  17:00:00,352.786867469,210.01030799400002
 10/12  18:00:00,407.83581980800005,344.033861521
 10/12  19:00:00,428.931579996,250.08214607
 10/12  20:00:00,453.127619744,245.33054004299998
 10/12  21:00:00,427.69613407199995,345.402306015
 10/12  22:00:00,362.694408665,257.80443921299997
 10/12  23:00:00,297.515469301,146.48658037299998
 10/12  24:00:00,185.25224125,105.43702209
 10/13  01:00:00,140.23177281600002,86.7073605453
 10/13  02:00:00,175.52949828599998,87.99545606379999
 10/13  03:00:00,177.14751831700002,84.52390543060001
 10/13  04:00:00,161.748824761,120.09432537200001
 10/13  05:00:00,200.73339526599997,201.336835927
 10/13  06:00:00,329.17534634099997,350.598560215
 10/13  07:00:00,422.234626524,469.014199045
 10/13  08:00:00,352.772638259,382.733190236
 10/13  09:00:00,309.909618485,336.375404198
 10/13  10:00:00,246.756929485,304.422737439
 10/13  11:00:00,240.02553767,254.97038825799999
 10/13  12:00:00,239.710133047,245.104501678
 10/13  13:00:00,229.33974764400003,247.52816914099998
 10/13  14:00:00,229.248947131,243.390073468
 10/13  15:00:00,230.840968293,266.9426552
 10/13  16:00:00,251.211532484,259.887897345
 10/13  17:00:00,290.71002188,280.161623667
 10/13  18:00:00,366.164853006,454.893634725
 10/13  19:00:00,387.72169389699997,399.49526529199994
 10/13  20:00:00,414.26016087,452.765644934
 10/13  21:00:00,403.51279685699996,528.8876562869999
 10/13  22:00:00,323.589416754,423.16729572099996
 10/13  23:00:00,229.55407227799998,305.542318216
 10/13  24:00:00,132.806593717,154.070457789
 10/14  01:00:00,142.717692264,121.387030571
 10/14  02:00:00,128.003497686,114.384089553
 10/14  03:00:00,129.20778173899998,110.172250125
 10/14  04:00:00,138.713759562,128.933427379
 10/14  05:00:00,154.564567593,165.46969136299998
 10/14  06:00:00,292.773579713,221.094456025
 10/14  07:00:00,304.692670603,493.436245375
 10/14  08:00:00,369.732969304,658.906407464
 10/14  09:00:00,334.428138402,522.319660334
 10/14  10:00:00,267.232751052,418.338385098
 10/14  11:00:00,262.494027674,339.437056621
 10/14  12:00:00,270.390915705,267.33475178099997
 10/14  13:00:00,269.949325908,236.59027137200002
 10/14  14:00:00,287.044325408,223.67361626
 10/14  15:00:00,291.302820683,226.44801633
 10/14  16:00:00,320.76043167,202.868523477
 10/14  17:00:00,348.039899601,194.10767948900002
 10/14  18:00:00,398.38427072800005,240.30468618700002
 10/14  19:00:00,405.98241674199994,307.101637202
 10/14  20:00:00,413.46167165400004,377.23767443
 10/14  21:00:00,401.268019467,478.626301777
 10/14  22:00:00,340.211851445,551.386520158
 10/14  23:00:00,243.35506516900003,384.91909196
 10/14  24:00:00,145.022175398,150.18903478299998
 10/15  01:00:00,159.868012751,116.49802248299999
 10/15  02:00:00,143.617409861,111.944766531
 10/15  03:00:00,143.926337478,109.25171038299999
 10/15  04:00:00,152.766992092,135.327440099
 10/15  05:00:00,166.863981706,162.449154438
 10/15  06:00:00,297.232637083,227.72238777599998
 10/15  07:00:00,304.17307061599996,514.295933766
 10/15  08:00:00,373.872873294,683.26726313
 10/15  09:00:00,334.95377959,565.171405469
 10/15  10:00:00,281.31451267299997,406.951773916
 10/15  11:00:00,283.678110549,311.897464936
 10/15  12:00:00,298.033539254,239.480458708
 10/15  13:00:00,286.25294153,223.02683211299998
 10/15  14:00:00,285.529271683,207.075450162
 10/15  15:00:00,285.35910912,222.123450254
 10/15  16:00:00,315.306607933,201.959449488
 10/15  17:00:00,343.20703568,187.94962169
 10/15  18:00:00,406.535390214,221.67530038
 10/15  19:00:00,424.12829152300003,263.807252837
 10/15  20:00:00,443.481144127,285.05891716400004
 10/15  21:00:00,411.918969956,305.86078303700003
 10/15  22:00:00,349.032093899,441.581493225
 10/15  23:00:00,257.96338518,362.330621623
 10/15  24:00:00,152.268021562,179.858473497
 10/16  01:00:00,145.78637749799998,140.10010603
 10/16  02:00:00,141.065944425,131.83115743
 10/16  03:00:00,142.329354473,114.52102136399999
 10/16  04:00:00,151.53836442899998,140.258895605
 10/16  05:00:00,187.472256337,220.823228314
 10/16  06:00:00,344.94215702199995,356.115040129
 10/16  07:00:00,392.028069787,581.33664244
 10/16  08:00:00,338.052787785,476.636754704
 10/16  09:00:00,309.875689522,368.83512429
 10/16  10:00:00,268.617215086,295.994823211
 10/16  11:00:00,297.70718376599996,235.597403998
 10/16  12:00:00,297.952368478,227.179393174
 10/16  13:00:00,288.182316754,218.15830078099998
 10/16  14:00:00,287.77050588,212.98235876
 10/16  15:00:00,286.338430683,220.116047419
 10/16  16:00:00,315.636241037,201.74698301599997
 10/16  17:00:00,351.431759774,212.805889453
 10/16  18:00:00,408.06932112199996,345.001832866
 10/16  19:00:00,429.18319742,256.406235234
 10/16  20:00:00,454.018898939,266.001746262
 10/16  21:00:00,428.767436734,381.53074798
 10/16  22:00:00,349.050124738,316.384000937
 10/16  23:00:00,252.30393355,215.43246035200002
 10/16  24:00:00,139.421769735,184.466862359
 10/17  01:00:00,145.280663798,151.361977187
 10/17  02:00:00,141.58022656,137.454968196
 10/17  03:00:00,143.149314946,126.101714946
 10/17  04:00:00,187.739613644,146.47393765200002
 10/17  05:00:00,156.203183698,217.76178589900002
 10/17  06:00:00,340.072152618,359.14149014300006
 10/17  07:00:00,404.05518511400004,577.749121501
 10/17  08:00:00,342.684235559,447.391565401
 10/17  09:00:00,311.317775397,355.54395812300004
 10/17  10:00:00,272.76772597400003,295.59451396599997
 10/17  11:00:00,298.378493828,236.09428471400003
 10/17  12:00:00,296.368472703,230.05605170400003
 10/17  13:00:00,286.202899313,214.781833005
 10/17  14:00:00,285.846962225,212.893866809
 10/17  15:00:00,286.417483117,221.109781928
 10/17  16:00:00,316.134840918,200.376447993
 10/17  17:00:00,350.254859066,213.752512507
 10/17  18:00:00,408.572455092,345.33576590800004
 10/17  19:00:00,427.403086826,252.145528044
 10/17  20:00:00,452.250222543,254.324723055
 10/17  21:00:00,427.74150201099997,363.532906596
 10/17  22:00:00,356.772455144,290.706813034
 10/17  23:00:00,261.921238875,176.92808227900002
 10/17  24:00:00,143.241067185,159.39126934
 10/18  01:00:00,151.042957051,132.242486261
 10/18  02:00:00,171.481338647,125.08328051
 10/18  03:00:00,136.630575747,121.424228113
 10/18  04:00:00,167.024778257,143.53209783
 10/18  05:00:00,173.798410657,224.360100696
 10/18  06:00:00,340.129875493,360.568252895
 10/18  07:00:00,413.105756966,491.228452499
 10/18  08:00:00,343.745105395,422.13178706699995
 10/18  09:00:00,303.97413279799997,367.053056935
 10/18  10:00:00,256.764802561,316.424639802
 10/18  11:00:00,282.00307612299997,242.501692538
 10/18  12:00:00,295.671913732,230.647199071
 10/18  13:00:00,285.417142228,221.575717565
 10/18  14:00:00,286.44254377,213.05330671599998
 10/18  15:00:00,286.235639952,221.249804383
 10/18  16:00:00,315.85262175400004,200.45960475
 10/18  17:00:00,350.50895860400004,214.26719220099997
 10/18  18:00:00,408.879347056,346.27570077300004
 10/18  19:00:00,427.334270263,260.13601816799996
 10/18  20:00:00,452.131857036,260.896088312
 10/18  21:00:00,428.095702958,369.627041855
 10/18  22:00:00,356.181170485,294.030267005
 10/18  23:00:00,259.00098305,209.591429384
 10/18  24:00:00,141.662590365,177.24685736599997
 10/19  01:00:00,149.980032613,135.345268516
 10/19  02:00:00,171.749574885,123.583123624
 10/19  03:00:00,138.315268055,113.47607342399999
 10/19  04:00:00,182.523377352,134.295668051
 10/19  05:00:00,175.74026105299998,216.388931292
 10/19  06:00:00,345.099533446,354.053875279
 10/19  07:00:00,423.96276290300005,466.605277793
 10/19  08:00:00,350.956878067,385.752801309
 10/19  09:00:00,315.574373031,332.148780817
 10/19  10:00:00,290.43257910200003,286.539335177
 10/19  11:00:00,297.014801607,231.56636607
 10/19  12:00:00,292.631333233,230.673139495
 10/19  13:00:00,283.557704105,222.56559569400002
 10/19  14:00:00,284.391596955,214.311377112
 10/19  15:00:00,284.35828496700003,222.72694043799999
 10/19  16:00:00,314.014922228,200.76911559799998
 10/19  17:00:00,348.837317527,214.729197098
 10/19  18:00:00,401.77841160099996,348.1079388
 10/19  19:00:00,418.52149708300004,259.77010306799997
 10/19  20:00:00,448.070808215,252.69892612
 10/19  21:00:00,425.628851357,349.524541026
 10/19  22:00:00,361.369195589,270.179250549
 10/19  23:00:00,296.429469688,154.958077002
 10/19  24:00:00,172.069679818,116.64932380200001
 10/20  01:00:00,149.173019411,88.09326433700001
 10/20  02:00:00,180.533915995,93.0119755338
 10/20  03:00:00,136.080590379,86.32827452709999
 10/20  04:00:00,163.700080146,112.935051195
 10/20  05:00:00,210.30420728299998,196.24488883
 10/20  06:00:00,344.88292034,338.05543675
 10/20  07:00:00,421.402798035,455.864139678
 10/20  08:00:00,367.87386255800004,367.981851055
 10/20  09:00:00,337.121558913,322.520634594
 10/20  10:00:00,289.303953547,283.699850647
 10/20  11:00:00,289.630967914,232.55268461900002
 10/20  12:00:00,288.800832808,238.381464163
 10/20  13:00:00,279.60802308,222.999215572
 10/20  14:00:00,280.39545191,212.698002204
 10/20  15:00:00,279.439953123,217.69088859099998
 10/20  16:00:00,308.167483632,207.29689550900002
 10/20  17:00:00,344.05428048199997,215.891781704
 10/20  18:00:00,402.564590929,348.934302935
 10/20  19:00:00,421.174571834,261.67760708099996
 10/20  20:00:00,446.048527019,254.47900587200002
 10/20  21:00:00,421.97833665300004,354.025380594
 10/20  22:00:00,358.43140467300003,267.178111259
 10/20  23:00:00,292.85429061400004,156.71350287299998
 10/20  24:00:00,181.87715833400003,121.215912334
 10/21  01:00:00,149.757480737,99.018685536
 10/21  02:00:00,174.660193486,98.57513354950001
 10/21  03:00:00,176.69304016099997,95.6092620275
 10/21  04:00:00,143.69040127899999,123.83112517100001
 10/21  05:00:00,184.374224963,154.903864411
 10/21  06:00:00,312.368282212,212.718537365
 10/21  07:00:00,379.81254179,376.49806896300004
 10/21  08:00:00,407.723148965,507.256472526
 10/21  09:00:00,357.220778929,401.003733473
 10/21  10:00:00,299.95032368200003,338.79462433099997
 10/21  11:00:00,289.494983423,285.370415727
 10/21  12:00:00,290.262690335,237.982397015
 10/21  13:00:00,282.21797592400003,222.685440356
 10/21  14:00:00,283.151346622,214.12083333299998
 10/21  15:00:00,285.081252991,229.09691366
 10/21  16:00:00,314.66026452200003,201.77666353799998
 10/21  17:00:00,342.629725438,192.85064411599998
 10/21  18:00:00,412.795123646,224.40978731200002
 10/21  19:00:00,418.17073886199995,257.770035836
 10/21  20:00:00,428.656791234,259.35638927599996
 10/21  21:00:00,419.16294492099996,247.384922145
 10/21  22:00:00,366.991449302,347.070795967
 10/21  23:00:00,297.623785126,217.723347909
 10/21  24:00:00,184.777842899,128.530468908
 10/22  01:00:00,162.33299313700002,103.42445612
 10/22  02:00:00,160.182088712,105.33839756399999
 10/22  03:00:00,184.765082533,122.16200381700001
 10/22  04:00:00,155.943127649,150.084520907
 10/22  05:00:00,192.85089629,186.273555168
 10/22  06:00:00,293.987509437,252.25915407
 10/22  07:00:00,371.69863393,395.94112973
 10/22  08:00:00,406.54650399400003,524.091883562
 10/22  09:00:00,350.638653905,408.474549688
 10/22  10:00:00,301.930120612,339.445635294
 10/22  11:00:00,299.75704313299997,288.97535003
 10/22  12:00:00,302.482293606,230.08433332299998
 10/22  13:00:00,286.69355489,228.89158251
 10/22  14:00:00,286.385102948,213.54570521
 10/22  15:00:00,286.158297634,221.886824952
 10/22  16:00:00,315.995965361,201.08450171099997
 10/22  17:00:00,343.587181622,191.156563828
 10/22  18:00:00,409.14101521,223.128948035
 10/22  19:00:00,422.700856157,255.15666461599997
 10/22  20:00:00,441.115917771,258.94889357200003
 10/22  21:00:00,412.3795659,245.88865935299998
 10/22  22:00:00,358.64344547,343.73901007800004
 10/22  23:00:00,295.532234028,203.914733795
 10/22  24:00:00,211.918795478,118.429304378
 10/23  01:00:00,193.08725875099998,84.0152227164
 10/23  02:00:00,163.237034969,83.95131568720001
 10/23  03:00:00,181.411310207,84.028289347
 10/23  04:00:00,181.402902337,118.50944812700001
 10/23  05:00:00,222.12592064400002,196.80263345
 10/23  06:00:00,347.75647759,339.31673059900004
 10/23  07:00:00,416.17971790400003,467.76629907800003
 10/23  08:00:00,365.000294765,371.55262749199994
 10/23  09:00:00,340.26169498400003,324.618016932
 10/23  10:00:00,289.820147445,294.865793934
 10/23  11:00:00,257.80835468099997,263.909813666
 10/23  12:00:00,283.86492471099996,250.12162925599998
 10/23  13:00:00,285.79490463,228.483059562
 10/23  14:00:00,284.841494485,218.948402904
 10/23  15:00:00,284.46996393,222.70401047400003
 10/23  16:00:00,315.09213152,200.946040953
 10/23  17:00:00,349.452194183,223.549700997
 10/23  18:00:00,407.414062395,367.47518273300005
 10/23  19:00:00,424.846463241,301.56464052
 10/23  20:00:00,449.91253251300003,326.02543364
 10/23  21:00:00,426.64749586,429.67881419
 10/23  22:00:00,349.34378089,362.552575353
 10/23  23:00:00,252.996029362,255.032324096
 10/23  24:00:00,143.510018131,188.001784993
 10/24  01:00:00,148.663253928,155.64245299200002
 10/24  02:00:00,144.703187302,138.144731871
 10/24  03:00:00,156.501282469,130.08766843200002
 10/24  04:00:00,161.73249346,154.792157399
 10/24  05:00:00,195.496962228,230.525880714
 10/24  06:00:00,331.152935495,366.93515053
 10/24  07:00:00,419.76816024199996,563.588411817
 10/24  08:00:00,323.742986633,480.583416048
 10/24  09:00:00,309.206928153,397.793113051
 10/24  10:00:00,264.318460129,337.81575096299997
 10/24  11:00:00,274.223764972,267.902223717
 10/24  12:00:00,286.719165864,257.248483195
 10/24  13:00:00,285.726260671,228.74044751099999
 10/24  14:00:00,284.919696319,214.06795456
 10/24  15:00:00,284.410269521,222.299155913
 10/24  16:00:00,313.99983509599997,206.74304071900002
 10/24  17:00:00,348.821394921,225.449199827
 10/24  18:00:00,407.62751912699997,371.76841246699996
 10/24  19:00:00,416.43569630800005,309.26951214400003
 10/24  20:00:00,442.683376471,320.220681476
 10/24  21:00:00,425.59150199,453.721732241
 10/24  22:00:00,341.165410496,406.645176554
 10/24  23:00:00,243.520345079,323.491011475
 10/24  24:00:00,142.62338353,184.568375959
 10/25  01:00:00,144.567750119,135.318257541
 10/25  02:00:00,139.119677937,122.461308211
 10/25  03:00:00,139.50054420700002,120.799743165
 10/25  04:00:00,148.122403316,137.739149574
 10/25  05:00:00,209.148848865,221.486291845
 10/25  06:00:00,327.59234473099997,368.12233573599997
 10/25  07:00:00,393.895152151,600.1521518430001
 10/25  08:00:00,323.250999046,531.555634319
 10/25  09:00:00,300.89584187599996,446.730044984
 10/25  10:00:00,254.855171702,356.77777352699997
 10/25  11:00:00,265.763390303,266.30334138
 10/25  12:00:00,277.28534375099997,254.819874648
 10/25  13:00:00,285.082938233,228.040460428
 10/25  14:00:00,286.05298363400004,218.887982981
 10/25  15:00:00,286.124139243,225.793368553
 10/25  16:00:00,316.32592867,202.21808097599998
 10/25  17:00:00,349.267244553,227.02164415200002
 10/25  18:00:00,396.171958911,384.48147434
 10/25  19:00:00,404.791984081,319.303228815
 10/25  20:00:00,431.160227631,356.79902254800004
 10/25  21:00:00,417.00364997,499.749186137
 10/25  22:00:00,330.442871308,486.53693783
 10/25  23:00:00,236.12773151599998,348.18988100800004
 10/25  24:00:00,139.730198291,157.691333616
 10/26  01:00:00,139.36792032399998,116.837472936
 10/26  02:00:00,133.895313566,118.05419406700001
 10/26  03:00:00,135.771066551,108.47962384899999
 10/26  04:00:00,145.078946938,134.145616013
 10/26  05:00:00,181.250243571,224.819628829
 10/26  06:00:00,342.35494069599997,364.61730742699996
 10/26  07:00:00,383.972727889,595.689230009
 10/26  08:00:00,324.347135993,508.740952101
 10/26  09:00:00,300.068919264,394.67853158400004
 10/26  10:00:00,256.018843151,322.28737472299997
 10/26  11:00:00,264.775740142,261.07061005599996
 10/26  12:00:00,278.630175787,252.011108452
 10/26  13:00:00,286.42872446,227.567236917
 10/26  14:00:00,285.730684199,221.042249653
 10/26  15:00:00,285.218250274,222.174856615
 10/26  16:00:00,314.805854645,207.196765178
 10/26  17:00:00,349.47281443699995,217.21891913299999
 10/26  18:00:00,408.461698632,378.673389817
 10/26  19:00:00,408.17188285,318.111029408
 10/26  20:00:00,429.17366611,425.633783264
 10/26  21:00:00,414.722224747,594.2165878659999
 10/26  22:00:00,333.15888161099997,443.46231245
 10/26  23:00:00,234.028394039,327.901080762
 10/26  24:00:00,141.236277591,156.662993717
 10/27  01:00:00,140.923950834,115.479508548
 10/27  02:00:00,135.049453506,117.585940805
 10/27  03:00:00,135.312922133,109.02954545799999
 10/27  04:00:00,144.596405744,135.836771512
 10/27  05:00:00,180.988722506,227.39844522
 10/27  06:00:00,338.302020014,373.02126299400004
 10/27  07:00:00,363.077992409,637.0174455719999
 10/27  08:00:00,318.631876111,581.918003655
 10/27  09:00:00,303.695662528,504.866989205
 10/27  10:00:00,251.687396818,380.46165337599996
 10/27  11:00:00,259.699436719,276.582929468
 10/27  12:00:00,277.192405629,251.444363058
 10/27  13:00:00,287.692063924,225.422211492
 10/27  14:00:00,286.467259768,216.003054623
 10/27  15:00:00,285.567085519,227.62341192099998
 10/27  16:00:00,314.997283052,207.218980201
 10/27  17:00:00,349.796346683,215.698095445
 10/27  18:00:00,410.37684495,369.414461145
 10/27  19:00:00,412.34505797800006,296.884946572
 10/27  20:00:00,439.56029524300004,297.55183707099997
 10/27  21:00:00,425.11213321900004,410.305736211
 10/27  22:00:00,338.993721638,348.73318842300006
 10/27  23:00:00,244.381177418,232.99679243900002
 10/27  24:00:00,142.026147127,187.302066873
 10/28  01:00:00,154.18639623299998,167.325240369
 10/28  02:00:00,138.223283242,143.156060312
 10/28  03:00:00,138.293396301,134.007344701
 10/28  04:00:00,146.672769689,146.398570431
 10/28  05:00:00,161.643413219,180.30346112
 10/28  06:00:00,307.846197549,237.83310804
 10/28  07:00:00,331.34886526,489.08503632099996
 10/28  08:00:00,380.776948115,603.620171719
 10/28  09:00:00,357.296365827,442.497595931
 10/28  10:00:00,301.50217789999994,352.446149812
 10/28  11:00:00,302.48591019099996,291.304760289
 10/28  12:00:00,302.889877928,238.333695068
 10/28  13:00:00,292.686926598,229.471087821
 10/28  14:00:00,292.254457654,220.848536065
 10/28  15:00:00,292.179067703,222.502310219
 10/28  16:00:00,322.436998278,208.10654184400002
 10/28  17:00:00,350.39868689300005,198.11960483200002
 10/28  18:00:00,422.666767935,223.815626197
 10/28  19:00:00,424.633456748,263.417188104
 10/28  20:00:00,434.863690994,265.319795843
 10/28  21:00:00,425.26601304800005,264.314442145
 10/28  22:00:00,372.56865572199996,361.22287095800004
 10/28  23:00:00,273.10143132900004,240.62164419599998
 10/28  24:00:00,148.671828129,154.807311279
 10/29  01:00:00,174.893911283,120.28289752799999
 10/29  02:00:00,162.22666182700002,128.42415584
 10/29  03:00:00,164.1502006,125.785417904
 10/29  04:00:00,192.661212173,144.138004464
 10/29  05:00:00,167.220134054,180.91922153099998
 10/29  06:00:00,307.51603528,237.362577115
 10/29  07:00:00,359.39407260400003,392.693282348
 10/29  08:00:00,403.23659422300005,550.189174276
 10/29  09:00:00,343.83803325900004,429.052261752
 10/29  10:00:00,284.685281595,361.48605322
 10/29  11:00:00,307.10881784599997,293.16034502400004
 10/29  12:00:00,307.988995812,239.29946251
 10/29  13:00:00,288.720191429,232.212955567
 10/29  14:00:00,287.160186312,217.21177710799998
 10/29  15:00:00,287.74474799,232.985802033
 10/29  16:00:00,316.958562337,216.004573945
 10/29  17:00:00,343.23046256099997,204.285066722
 10/29  18:00:00,412.87575715300005,246.00921677099998
 10/29  19:00:00,425.115146798,279.055181018
 10/29  20:00:00,445.761995432,281.056001935
 10/29  21:00:00,417.968507232,276.477784068
 10/29  22:00:00,360.742138494,376.675253864
 10/29  23:00:00,280.93643000099996,225.761190492
 10/29  24:00:00,149.206954286,135.754426117
 10/30  01:00:00,144.983578547,103.18032291899999
 10/30  02:00:00,143.511174657,110.36389847299999
 10/30  03:00:00,172.237718356,109.36634017799999
 10/30  04:00:00,161.788948828,130.212359475
 10/30  05:00:00,173.83272622400003,221.837836602
 10/30  06:00:00,342.110442966,368.238102409
 10/30  07:00:00,428.4645646000001,490.323741399
 10/30  08:00:00,364.085487882,397.383418736
 10/30  09:00:00,333.925281065,338.531850418
 10/30  10:00:00,286.062305754,302.51767984
 10/30  11:00:00,295.741619905,249.486008116
 10/30  12:00:00,289.38244938,249.77766513900002
 10/30  13:00:00,281.833843504,241.66429852599998
 10/30  14:00:00,287.76556433,233.61094715599998
 10/30  15:00:00,287.67576094599997,235.581073445
 10/30  16:00:00,316.944352659,219.071256322
 10/30  17:00:00,351.34137486599997,232.568534247
 10/30  18:00:00,412.13062708800004,373.28145478
 10/30  19:00:00,427.84880136,281.542179473
 10/30  20:00:00,452.66080075300005,275.24973928599996
 10/30  21:00:00,427.390747102,374.899414374
 10/30  22:00:00,362.42314349800006,287.763823457
 10/30  23:00:00,294.121603073,164.968341659
 10/30  24:00:00,135.984171624,128.117071027
 10/31  01:00:00,143.024016855,99.9826667533
 10/31  02:00:00,168.903294795,99.35289254690001
 10/31  03:00:00,174.933115633,106.13408318100001
 10/31  04:00:00,139.852172526,133.676184259
 10/31  05:00:00,191.46705231200002,216.97948851400002
 10/31  06:00:00,343.5002217,371.436681328
 10/31  07:00:00,429.146032209,497.226225952
 10/31  08:00:00,363.61267396,396.725691032
 10/31  09:00:00,332.020770812,349.39691806800005
 10/31  10:00:00,258.466670742,311.080611154
 10/31  11:00:00,249.522807022,258.896762251
 10/31  12:00:00,250.01209206599998,259.94691117
 10/31  13:00:00,235.423209484,253.22690812
 10/31  14:00:00,234.312019939,243.391494072
 10/31  15:00:00,233.408365429,248.920355919
 10/31  16:00:00,260.417327004,229.824703728
 10/31  17:00:00,303.934661397,245.19322202799998
 10/31  18:00:00,385.820653426,391.689364475
 10/31  19:00:00,406.97407590800003,285.73457848099997
 10/31  20:00:00,439.845666914,287.153211069
 10/31  21:00:00,427.909090358,388.94597563199994
 10/31  22:00:00,342.354561099,293.55300780000005
 10/31  23:00:00,239.41549231,193.17674307400003
 10/31  24:00:00,131.496514642,159.35466219100002
 11/01  01:00:00,135.291735096,132.829770696
 11/01  02:00:00,132.28312847,139.679248264
 11/01  03:00:00,174.97563757,136.649185303
 11/01  04:00:00,119.346199724,154.842752404
 11/01  05:00:00,205.85607568,243.236811812
 11/01  06:00:00,321.884976615,390.29832421699996
 11/01  07:00:00,401.225894135,562.728614684
 11/01  08:00:00,332.246497949,470.642840022
 11/01  09:00:00,293.060406393,410.306416915
 11/01  10:00:00,226.068300376,353.382637489
 11/01  11:00:00,236.887832677,289.871633246
 11/01  12:00:00,256.763219395,262.72612636599996
 11/01  13:00:00,283.397355058,229.929328828
 11/01  14:00:00,288.085422396,224.43092554900002
 11/01  15:00:00,288.61426902,233.511412302
 11/01  16:00:00,309.686772313,211.52519109999997
 11/01  17:00:00,337.52543437400004,230.343483429
 11/01  18:00:00,393.805297765,391.82895168
 11/01  19:00:00,395.16661227199995,327.997308322
 11/01  20:00:00,423.094565591,372.826306872
 11/01  21:00:00,409.08631931199994,532.525786587
 11/01  22:00:00,327.640798636,458.425848697
 11/01  23:00:00,231.889325362,346.098406328
 11/01  24:00:00,135.182166005,179.833558785
 11/02  01:00:00,135.829530237,135.23336178
 11/02  02:00:00,131.244447345,125.137554687
 11/02  03:00:00,133.271365497,112.612289676
 11/02  04:00:00,143.273292095,143.236152847
 11/02  05:00:00,180.349786974,227.38640746599998
 11/02  06:00:00,342.920506454,376.251241789
 11/02  07:00:00,400.306479274,608.247299369
 11/02  08:00:00,311.24687687200003,501.043369807
 11/02  09:00:00,283.869440205,439.36533600300004
 11/02  10:00:00,221.738786493,410.36824311199996
 11/02  11:00:00,217.53843545599997,334.268797134
 11/02  12:00:00,226.235118642,305.65320238099997
 11/02  13:00:00,206.958733902,291.848953124
 11/02  14:00:00,208.047130803,285.834503105
 11/02  15:00:00,221.88463290299998,283.63651858599997
 11/02  16:00:00,246.702293854,268.30300313
 11/02  17:00:00,289.066720093,281.660219097
 11/02  18:00:00,369.35125226900004,429.81014156300006
 11/02  19:00:00,384.51688302599996,354.691052384
 11/02  20:00:00,416.54774371900004,385.304042726
 11/02  21:00:00,405.519143831,484.47809098
 11/02  22:00:00,322.437236032,409.994988672
 11/02  23:00:00,226.54894681599998,312.4782962
 11/02  24:00:00,129.527973062,195.62655866400002
 11/03  01:00:00,131.26168957,156.23399215799998
 11/03  02:00:00,127.50154747299999,140.250947173
 11/03  03:00:00,129.368505031,128.069199405
 11/03  04:00:00,139.190584151,148.765684269
 11/03  05:00:00,175.919029869,231.005464605
 11/03  06:00:00,343.107727216,377.26280551300005
 11/03  07:00:00,384.55141994900004,620.685625535
 11/03  08:00:00,311.126856047,546.23784243
 11/03  09:00:00,283.60971641599997,454.595496529
 11/03  10:00:00,224.46311949900002,406.774479899
 11/03  11:00:00,229.172526335,331.818562637
 11/03  12:00:00,241.51272893700002,302.15504922599996
 11/03  13:00:00,247.6249358,283.020801811
 11/03  14:00:00,257.121949246,270.101480342
 11/03  15:00:00,260.92885194,276.259953654
 11/03  16:00:00,287.493779378,254.98111456799998
 11/03  17:00:00,317.908592353,286.945032486
 11/03  18:00:00,378.557530994,497.039979875
 11/03  19:00:00,388.03154559,487.648710947
 11/03  20:00:00,415.175720715,491.77143162699997
 11/03  21:00:00,399.671116866,549.209060848
 11/03  22:00:00,320.984518802,459.268903834
 11/03  23:00:00,225.329817988,351.592491662
 11/03  24:00:00,137.817360859,160.481170043
 11/04  01:00:00,146.199656019,124.386200014
 11/04  02:00:00,129.981939679,115.072192448
 11/04  03:00:00,130.276131288,115.411504346
 11/04  04:00:00,139.869298726,143.87103329299998
 11/04  05:00:00,155.308845454,177.96459535099999
 11/04  06:00:00,282.15774219,244.71169122700002
 11/04  07:00:00,302.302724916,541.382216771
 11/04  08:00:00,361.257902216,741.239714613
 11/04  09:00:00,336.789328505,616.608430585
 11/04  10:00:00,275.914736526,512.363809426
 11/04  11:00:00,268.38815548400004,384.12763239300006
 11/04  12:00:00,273.846853652,292.32721923400004
 11/04  13:00:00,267.365384247,277.986597488
 11/04  14:00:00,279.06388234400004,251.545165037
 11/04  15:00:00,280.84282659900003,251.22283671
 11/04  16:00:00,305.810869169,227.066850223
 11/04  17:00:00,322.360217292,229.96823889
 11/04  18:00:00,393.258030546,279.56006591700003
 11/04  19:00:00,393.326001924,351.60810935
 11/04  20:00:00,413.713141797,403.386610963
 11/04  21:00:00,406.67027108599996,426.170359314
 11/04  22:00:00,342.041322817,552.368841405
 11/04  23:00:00,243.814857648,441.90562116300003
 11/04  24:00:00,144.258063058,159.44084038399998
 11/05  01:00:00,159.825064868,126.893447737
 11/05  02:00:00,143.57565537899998,123.825754575
 11/05  03:00:00,143.78770686299998,116.952207789
 11/05  04:00:00,152.35575761,143.66220702200002
 11/05  05:00:00,166.644017308,178.386226305
 11/05  06:00:00,290.749335519,246.58836722799998
 11/05  07:00:00,305.904755578,547.5393148730001
 11/05  08:00:00,365.791818116,745.024156111
 11/05  09:00:00,335.09864669999996,612.895543825
 11/05  10:00:00,285.28917660400003,474.922585341
 11/05  11:00:00,286.838453094,333.23346505
 11/05  12:00:00,301.28863009400004,253.586518808
 11/05  13:00:00,286.038001855,232.039417207
 11/05  14:00:00,285.403600381,223.22944045900002
 11/05  15:00:00,285.320707711,231.70336600599998
 11/05  16:00:00,314.272914726,210.549524855
 11/05  17:00:00,342.431407731,202.25055327299998
 11/05  18:00:00,411.1033591,244.116782987
 11/05  19:00:00,414.58998530800005,291.46420607
 11/05  20:00:00,444.551732511,288.287594475
 11/05  21:00:00,414.991057214,278.45793777
 11/05  22:00:00,353.79226053,397.12528250599996
 11/05  23:00:00,264.61861113099997,250.561880805
 11/05  24:00:00,159.670483432,159.290269267
 11/06  01:00:00,163.796879365,150.427019566
 11/06  02:00:00,158.985088198,120.324623405
 11/06  03:00:00,150.906602409,116.58332124799999
 11/06  04:00:00,150.65322523,112.19758276700001
 11/06  05:00:00,189.14987347099998,136.887186818
 11/06  06:00:00,176.268344912,219.28048526700002
 11/06  07:00:00,348.000389726,376.303680742
 11/06  08:00:00,409.540021241,505.62288905
 11/06  09:00:00,338.682656907,437.627098802
 11/06  10:00:00,295.931119348,399.907147137
 11/06  11:00:00,232.68265127,352.754004464
 11/06  12:00:00,225.438116774,301.43697486
 11/06  13:00:00,222.850544843,288.791285924
 11/06  14:00:00,213.786281216,274.683858917
 11/06  15:00:00,215.67881980599998,261.517089776
 11/06  16:00:00,216.435735685,265.149886788
 11/06  17:00:00,246.059674929,239.432719548
 11/06  18:00:00,299.782102292,266.61534702299997
 11/06  19:00:00,373.48370298300006,421.471586522
 11/06  20:00:00,388.825353515,326.85283897200003
 11/06  21:00:00,421.28943785800004,324.138832495
 11/06  22:00:00,412.17740383800003,437.389385341
 11/06  23:00:00,331.375265609,352.601472937
 11/06  24:00:00,236.504635907,224.81181745599997
 11/07  01:00:00,132.002321308,190.48143276099998
 11/07  02:00:00,135.552639829,148.192029148
 11/07  03:00:00,132.92099378700001,139.973501596
 11/07  04:00:00,136.19753768,131.682046463
 11/07  05:00:00,178.516745526,155.105447291
 11/07  06:00:00,171.26906332,237.626993366
 11/07  07:00:00,346.966444258,392.660605957
 11/07  08:00:00,394.277224151,517.13245967
 11/07  09:00:00,335.573117793,437.80516911
 11/07  10:00:00,293.637817999,383.597178466
 11/07  11:00:00,237.73739364099998,336.260473212
 11/07  12:00:00,251.04276497599997,253.68387283
 11/07  13:00:00,294.049691009,250.84585133299998
 11/07  14:00:00,288.45592970900003,235.851393076
 11/07  15:00:00,287.64103162099997,228.77417875
 11/07  16:00:00,287.71668862900003,237.28451018599998
 11/07  17:00:00,317.823635389,219.794275158
 11/07  18:00:00,363.346916065,231.77912792400002
 11/07  19:00:00,421.737154675,386.59156444900003
 11/07  20:00:00,427.06337259800006,297.860756445
 11/07  21:00:00,453.67568195900003,293.14471958400003
 11/07  22:00:00,429.38599440400003,396.234529149
 11/07  23:00:00,361.689117494,311.67056908
 11/07  24:00:00,269.45610465,186.36768059099998
 11/08  01:00:00,131.85407344700002,143.291142154
 11/08  02:00:00,137.021396114,120.320390602
 11/08  03:00:00,147.812180804,110.536244327
 11/08  04:00:00,151.828290496,106.15184265299999
 11/08  05:00:00,179.465191147,133.206282883
 11/08  06:00:00,188.401628264,227.85447023
 11/08  07:00:00,327.773173321,377.769420911
 11/08  08:00:00,411.534101291,499.23536081099996
 11/08  09:00:00,371.28481414199996,397.72315299699994
 11/08  10:00:00,343.34253818,343.261007361
 11/08  11:00:00,295.993613063,305.44248597
 11/08  12:00:00,297.791858429,247.191769725
 11/08  13:00:00,297.411908733,253.268568117
 11/08  14:00:00,287.355065442,238.37935095400002
 11/08  15:00:00,286.173440442,230.562345666
 11/08  16:00:00,286.360446942,245.05503386700002
 11/08  17:00:00,316.41430290700004,214.90604596900002
 11/08  18:00:00,362.06411266599997,239.53256971099998
 11/08  19:00:00,420.60680545099996,381.985552511
 11/08  20:00:00,428.17475609,279.126487167
 11/08  21:00:00,452.917638226,278.489885612
 11/08  22:00:00,428.514259952,385.46180534800004
 11/08  23:00:00,363.507891462,298.45895079999997
 11/08  24:00:00,293.203338428,178.914832804
 11/09  01:00:00,133.509968,128.990050367
 11/09  02:00:00,139.355212345,101.414835975
 11/09  03:00:00,176.23335166299998,100.259364845
 11/09  04:00:00,133.76619875,101.06651500299999
 11/09  05:00:00,160.253315953,132.08510321
 11/09  06:00:00,197.02041938099998,233.022748973
 11/09  07:00:00,339.94505442900004,394.847177923
 11/09  08:00:00,407.53903268199997,530.823301441
 11/09  09:00:00,356.42123077800005,434.646867094
 11/09  10:00:00,328.897053276,384.709428946
 11/09  11:00:00,270.137390068,354.83710552699995
 11/09  12:00:00,277.758552939,292.978714478
 11/09  13:00:00,290.191667165,275.40823501299997
 11/09  14:00:00,285.865897072,257.110017031
 11/09  15:00:00,285.58028700799997,242.68584987
 11/09  16:00:00,285.82453890799997,253.81950912099998
 11/09  17:00:00,295.711965122,241.87014365299999
 11/09  18:00:00,323.54642039,297.490295
 11/09  19:00:00,389.145266646,491.18040515
 11/09  20:00:00,396.29088079300004,468.002215466
 11/09  21:00:00,422.245645911,528.997972238
 11/09  22:00:00,411.26815200199997,566.540524314
 11/09  23:00:00,322.629045576,461.59141762900003
 11/09  24:00:00,228.969831658,363.220624816
 11/10  01:00:00,140.605044769,168.550082362
 11/10  02:00:00,138.060738372,125.749155839
 11/10  03:00:00,132.827484556,120.789251167
 11/10  04:00:00,133.81299878,117.67375645
 11/10  05:00:00,143.419001524,148.990666093
 11/10  06:00:00,180.001393054,233.263293232
 11/10  07:00:00,329.555132027,391.47168893199995
 11/10  08:00:00,360.587820919,664.5515219490001
 11/10  09:00:00,333.04560628900003,577.2437394259999
 11/10  10:00:00,315.840957847,439.831371564
 11/10  11:00:00,265.934505835,325.429792201
 11/10  12:00:00,287.487114105,245.013906307
 11/10  13:00:00,297.23734667,246.878785205
 11/10  14:00:00,288.225172749,239.259050457
 11/10  15:00:00,284.291450065,225.188595872
 11/10  16:00:00,278.899577558,234.82687780900002
 11/10  17:00:00,294.68003367200004,221.46854762400002
 11/10  18:00:00,319.578966555,247.344437458
 11/10  19:00:00,383.10193129699996,404.695369396
 11/10  20:00:00,393.28248243900003,342.593719468
 11/10  21:00:00,421.61670307,369.080778932
 11/10  22:00:00,406.70964283,530.425288262
 11/10  23:00:00,321.74200881900003,521.581489938
 11/10  24:00:00,229.704281526,345.357265294
 11/11  01:00:00,147.839395084,168.13664652100002
 11/11  02:00:00,156.052645209,134.525261604
 11/11  03:00:00,140.7812838,121.33796792700001
 11/11  04:00:00,141.597300908,121.953795329
 11/11  05:00:00,150.62089142,145.665732551
 11/11  06:00:00,165.19065712100002,178.435284277
 11/11  07:00:00,299.195643203,254.252418155
 11/11  08:00:00,299.527187917,546.867442842
 11/11  09:00:00,394.009380329,708.110770894
 11/11  10:00:00,352.37145814300004,503.19357796400004
 11/11  11:00:00,308.269798687,380.290995551
 11/11  12:00:00,305.675605201,306.613417207
 11/11  13:00:00,304.941283727,243.360366402
 11/11  14:00:00,285.95220975,238.281898873
 11/11  15:00:00,285.920319714,222.867973674
 11/11  16:00:00,286.342991381,238.32752685900002
 11/11  17:00:00,316.977673567,211.577618617
 11/11  18:00:00,356.453135105,207.417861272
 11/11  19:00:00,422.95444125,237.950501118
 11/11  20:00:00,425.51119383099996,277.629111201
 11/11  21:00:00,444.62534457,273.27879893
 11/11  22:00:00,415.479882798,283.321936412
 11/11  23:00:00,353.98135284,418.494006135
 11/11  24:00:00,261.200100024,295.088807072
 11/12  01:00:00,159.528927151,200.19692054700002
 11/12  02:00:00,170.461658804,168.70452272100002
 11/12  03:00:00,154.972384321,145.02975921700002
 11/12  04:00:00,154.098466943,143.50467483
 11/12  05:00:00,161.241198422,156.449697548
 11/12  06:00:00,175.500668792,191.46920653200002
 11/12  07:00:00,306.943615609,248.538200548
 11/12  08:00:00,342.822498101,442.70037389
 11/12  09:00:00,394.008908572,580.429956457
 11/12  10:00:00,354.065770211,436.227569835
 11/12  11:00:00,309.486576714,362.92564406900004
 11/12  12:00:00,304.467459454,300.826124267
 11/12  13:00:00,303.709397776,246.052196313
 11/12  14:00:00,284.910679113,238.042031641
 11/12  15:00:00,284.80724645099997,222.583150715
 11/12  16:00:00,285.17322109099996,237.69721559299998
 11/12  17:00:00,315.589799981,214.20448874599998
 11/12  18:00:00,354.07673641699995,202.684346575
 11/12  19:00:00,423.24282929,244.017106834
 11/12  20:00:00,426.196956164,287.03319091099996
 11/12  21:00:00,445.319512194,297.711687552
 11/12  22:00:00,416.347627801,324.704675808
 11/12  23:00:00,359.01493533,450.14539631900004
 11/12  24:00:00,266.243238735,344.258936769
 11/13  01:00:00,142.17989806,204.889801938
 11/13  02:00:00,148.415531215,158.069830008
 11/13  03:00:00,144.246109504,147.18521518
 11/13  04:00:00,145.361911932,128.517517427
 11/13  05:00:00,153.760530396,150.619027651
 11/13  06:00:00,226.23899478200002,240.28449897
 11/13  07:00:00,322.65223110700003,398.122655945
 11/13  08:00:00,391.37964402800003,626.1710745969999
 11/13  09:00:00,350.675125798,486.279371805
 11/13  10:00:00,340.84129263799997,382.91349071300004
 11/13  11:00:00,297.337910947,308.170788348
 11/13  12:00:00,298.261396285,246.60609001900002
 11/13  13:00:00,297.28391739200003,246.37740507799998
 11/13  14:00:00,285.451873652,237.79132155099998
 11/13  15:00:00,284.813450078,222.549407737
 11/13  16:00:00,284.901163203,237.508050157
 11/13  17:00:00,314.987054215,215.29292266
 11/13  18:00:00,361.288053135,231.67036498299998
 11/13  19:00:00,419.74588603300003,377.25982785599996
 11/13  20:00:00,427.33368622800003,287.807483001
 11/13  21:00:00,452.022770154,306.07773136599997
 11/13  22:00:00,427.083578071,431.063782315
 11/13  23:00:00,347.3684288,367.73762276699995
 11/13  24:00:00,249.489257664,277.042250072
 11/14  01:00:00,144.996877977,201.51678711
 11/14  02:00:00,149.62519469,156.863191357
 11/14  03:00:00,145.06922956399998,147.537699469
 11/14  04:00:00,146.679284046,126.415597349
 11/14  05:00:00,155.933139017,156.00984342299998
 11/14  06:00:00,199.872779203,239.631292095
 11/14  07:00:00,336.67579300200003,391.119341893
 11/14  08:00:00,403.157447914,548.5211294530001
 11/14  09:00:00,344.825210339,448.991709176
 11/14  10:00:00,305.035838581,381.924664847
 11/14  11:00:00,243.180307755,332.036531292
 11/14  12:00:00,260.183152419,255.48907736799998
 11/14  13:00:00,299.30387743,249.12485112
 11/14  14:00:00,290.547809127,234.733373975
 11/14  15:00:00,290.12528365599997,232.109056211
 11/14  16:00:00,290.230717186,241.631862763
 11/14  17:00:00,309.520473987,217.87739515400003
 11/14  18:00:00,355.88555766400003,236.651336057
 11/14  19:00:00,421.262927831,389.619384445
 11/14  20:00:00,428.497321796,288.990095791
 11/14  21:00:00,453.861425642,297.457274127
 11/14  22:00:00,429.232756219,398.231914455
 11/14  23:00:00,364.43899494199997,305.945873475
 11/14  24:00:00,273.08488284,182.94691410299998
 11/15  01:00:00,135.59300350700002,136.468981959
 11/15  02:00:00,142.46301677600002,110.22965795399999
 11/15  03:00:00,166.77285115700002,103.403041486
 11/15  04:00:00,135.521721015,105.80947617
 11/15  05:00:00,179.246842553,128.005396727
 11/15  06:00:00,210.097175719,226.40829353700002
 11/15  07:00:00,319.091115774,379.70564880800003
 11/15  08:00:00,413.80595879300006,520.921960187
 11/15  09:00:00,373.121123502,413.768800672
 11/15  10:00:00,344.924094904,347.70532049199994
 11/15  11:00:00,296.208738261,312.950948998
 11/15  12:00:00,296.812026424,253.527450369
 11/15  13:00:00,296.030874088,253.30042068
 11/15  14:00:00,286.80809942400003,245.38606755799998
 11/15  15:00:00,287.020863786,238.038299866
 11/15  16:00:00,287.065588769,240.910944723
 11/15  17:00:00,316.661845678,221.883048795
 11/15  18:00:00,361.726618038,246.93865489700002
 11/15  19:00:00,418.393814185,385.95687602699996
 11/15  20:00:00,425.10235062699996,287.364424296
 11/15  21:00:00,449.825938775,286.888262808
 11/15  22:00:00,426.234905743,395.232192923
 11/15  23:00:00,362.55755982,305.359112757
 11/15  24:00:00,296.164679825,173.374438153
 11/16  01:00:00,136.537544801,131.15874084200001
 11/16  02:00:00,142.082323994,101.657177913
 11/16  03:00:00,172.36506883599998,110.28324575799999
 11/16  04:00:00,134.423273961,163.381951347
 11/16  05:00:00,157.886160202,239.101084234
 11/16  06:00:00,207.615438025,317.884134528
 11/16  07:00:00,323.590795358,454.280717949
 11/16  08:00:00,376.46394192900004,713.569089348
 11/16  09:00:00,333.932199955,565.938117928
 11/16  10:00:00,310.90327807,508.09589517300003
 11/16  11:00:00,262.09739129900004,442.960785975
 11/16  12:00:00,264.434241932,378.119192721
 11/16  13:00:00,268.123747155,384.73457022900004
 11/16  14:00:00,260.633091745,377.616312955
 11/16  15:00:00,262.118001478,356.532964232
 11/16  16:00:00,252.022605212,393.744838645
 11/16  17:00:00,262.170904705,422.39528994
 11/16  18:00:00,300.46813136,421.626753724
 11/16  19:00:00,370.49533623199994,584.886749639
 11/16  20:00:00,379.647867905,483.035605098
 11/16  21:00:00,405.075953314,486.82683401300005
 11/16  22:00:00,391.952338739,601.061557858
 11/16  23:00:00,308.062404657,520.496853039
 11/16  24:00:00,217.727006355,409.236240155
 11/17  01:00:00,146.023573799,174.84006672700002
 11/17  02:00:00,137.867678939,130.42940156
 11/17  03:00:00,128.660663318,131.144003533
 11/17  04:00:00,127.736048294,121.67115295200001
 11/17  05:00:00,136.457508193,155.48432772299998
 11/17  06:00:00,172.38872867900002,245.576436006
 11/17  07:00:00,320.389620434,407.80440063699996
 11/17  08:00:00,330.46559491700003,720.5475297060001
 11/17  09:00:00,293.501552484,658.082126279
 11/17  10:00:00,302.911425288,580.748478817
 11/17  11:00:00,258.58464716,524.812003353
 11/17  12:00:00,255.548497455,467.266051575
 11/17  13:00:00,257.000258007,443.65018370900003
 11/17  14:00:00,246.466517795,424.009975292
 11/17  15:00:00,247.29405291700002,375.94548503
 11/17  16:00:00,229.206335725,382.05471991
 11/17  17:00:00,246.139299376,407.129245549
 11/17  18:00:00,286.357397642,415.01038875800003
 11/17  19:00:00,351.576964194,584.6494313219999
 11/17  20:00:00,367.50959058800004,485.35704350199995
 11/17  21:00:00,388.192905227,491.91206786699996
 11/17  22:00:00,369.89661777099997,617.572146654
 11/17  23:00:00,293.305172496,537.589990652
 11/17  24:00:00,209.10008953,422.77686493199997
 11/18  01:00:00,138.738207477,175.836220936
 11/18  02:00:00,138.648621985,138.909043193
 11/18  03:00:00,120.99986816399999,126.404940414
 11/18  04:00:00,120.760404818,128.80300926299998
 11/18  05:00:00,128.818635136,156.019177352
 11/18  06:00:00,143.924377642,190.839769801
 11/18  07:00:00,234.37531867799999,253.367271478
 11/18  08:00:00,352.06781729,568.722100155
 11/18  09:00:00,389.239982204,749.821035092
 11/18  10:00:00,340.607181207,615.220953486
 11/18  11:00:00,274.047289021,487.253302855
 11/18  12:00:00,265.82384073099996,366.962227354
 11/18  13:00:00,263.005973218,294.802911589
 11/18  14:00:00,257.52212751400003,270.05412506700003
 11/18  15:00:00,249.913167523,258.55249354
 11/18  16:00:00,239.100258978,279.859493198
 11/18  17:00:00,253.6456355,276.596354215
 11/18  18:00:00,288.588485232,303.930947915
 11/18  19:00:00,362.695611672,420.65957932
 11/18  20:00:00,368.532438445,498.699145379
 11/18  21:00:00,390.116876088,484.94450972
 11/18  22:00:00,378.217031763,470.685280694
 11/18  23:00:00,324.299540138,574.131574323
 11/18  24:00:00,235.630875819,418.484703546
 11/19  01:00:00,139.36877658,168.09905735799998
 11/19  02:00:00,143.726571515,130.897841151
 11/19  03:00:00,128.622796196,125.852644561
 11/19  04:00:00,130.38862300899999,122.78698283700001
 11/19  05:00:00,139.84152820399999,146.248554215
 11/19  06:00:00,154.950626374,183.972011283
 11/19  07:00:00,277.564745266,260.631517821
 11/19  08:00:00,306.950946471,547.6348976740001
 11/19  09:00:00,361.352434681,751.1194733039999
 11/19  10:00:00,319.507094721,625.550133284
 11/19  11:00:00,268.865817923,520.6719295
 11/19  12:00:00,259.45919235900004,388.043972706
 11/19  13:00:00,268.559841612,293.21035275400004
 11/19  14:00:00,258.126728933,274.638431416
 11/19  15:00:00,268.872687425,247.83194606799998
 11/19  16:00:00,285.255467012,247.870689034
 11/19  17:00:00,297.993533459,237.433518376
 11/19  18:00:00,301.85139915400003,257.758102323
 11/19  19:00:00,365.170181614,337.872687669
 11/19  20:00:00,378.654480386,423.226707095
 11/19  21:00:00,405.578291869,492.585329641
 11/19  22:00:00,383.03133161,452.445305585
 11/19  23:00:00,318.046557862,599.643174779
 11/19  24:00:00,233.487447641,436.818772889
 11/20  01:00:00,129.697184486,169.678314328
 11/20  02:00:00,125.809709307,126.339610046
 11/20  03:00:00,128.74467563,127.509718033
 11/20  04:00:00,141.786371392,124.46249653
 11/20  05:00:00,146.812539521,151.71457212299998
 11/20  06:00:00,182.44590587,240.15354124099997
 11/20  07:00:00,319.501901828,407.00817861900003
 11/20  08:00:00,365.18962483900003,679.585399019
 11/20  09:00:00,342.78683335700003,549.452066758
 11/20  10:00:00,324.422314737,389.378081123
 11/20  11:00:00,284.339467834,322.025967546
 11/20  12:00:00,297.53150332900003,256.000583668
 11/20  13:00:00,296.24043322200004,248.409459144
 11/20  14:00:00,286.18291261900004,240.01939311900003
 11/20  15:00:00,285.969892585,231.481639608
 11/20  16:00:00,286.311892996,239.84086433299998
 11/20  17:00:00,316.454806017,222.811204068
 11/20  18:00:00,365.176804404,235.216322037
 11/20  19:00:00,420.89287188800006,393.07516842900003
 11/20  20:00:00,428.63468727599997,289.455305581
 11/20  21:00:00,453.206282236,284.28648838099997
 11/20  22:00:00,428.910806234,397.480330387
 11/20  23:00:00,363.886590459,295.134975143
 11/20  24:00:00,289.572377378,173.632977562
 11/21  01:00:00,149.479968248,133.374107016
 11/21  02:00:00,154.865478274,108.15557637399999
 11/21  03:00:00,149.808033864,118.51054328299999
 11/21  04:00:00,174.724967046,130.586013665
 11/21  05:00:00,145.76037345700001,179.063702164
 11/21  06:00:00,216.96157902299998,277.98156981200003
 11/21  07:00:00,322.18946333599996,436.886947634
 11/21  08:00:00,390.26345866800006,623.537493619
 11/21  09:00:00,341.644412882,517.643354136
 11/21  10:00:00,320.140721112,455.566609668
 11/21  11:00:00,272.41576706,390.0843059
 11/21  12:00:00,278.258550774,313.497468485
 11/21  13:00:00,281.022207011,294.434409836
 11/21  14:00:00,278.334486933,287.078832435
 11/21  15:00:00,278.822313932,272.377013334
 11/21  16:00:00,274.41471726599997,281.527804392
 11/21  17:00:00,285.142876155,273.932154573
 11/21  18:00:00,315.520954588,368.078736575
 11/21  19:00:00,380.69036060800005,573.654882725
 11/21  20:00:00,389.20602933699996,510.256925066
 11/21  21:00:00,418.95975242199995,465.88609802199994
 11/21  22:00:00,402.56579591300004,565.4321625919999
 11/21  23:00:00,324.61674625,474.175563579
 11/21  24:00:00,228.97055671400003,360.52198404800004
 11/22  01:00:00,130.218037015,170.64699352899999
 11/22  02:00:00,127.501891291,129.213636416
 11/22  03:00:00,122.626828277,127.192573403
 11/22  04:00:00,125.085218037,124.10964982200001
 11/22  05:00:00,135.699291913,150.96808450700001
 11/22  06:00:00,173.01172636200002,246.128580637
 11/22  07:00:00,324.222706636,404.897894783
 11/22  08:00:00,366.519826034,648.547764623
 11/22  09:00:00,320.149759925,573.894852659
 11/22  10:00:00,280.596447892,517.036766976
 11/22  11:00:00,216.29776385099998,494.472610508
 11/22  12:00:00,206.51538138700002,454.596257464
 11/22  13:00:00,199.72665667099997,466.49092917800004
 11/22  14:00:00,188.162955982,468.72581057699995
 11/22  15:00:00,188.50998444200002,468.035960213
 11/22  16:00:00,188.787810348,476.732457824
 11/22  17:00:00,217.391593782,445.538082904
 11/22  18:00:00,270.17719683900003,458.56897263400003
 11/22  19:00:00,343.245555449,607.436910739
 11/22  20:00:00,358.821440649,495.326079221
 11/22  21:00:00,389.318368295,491.774690534
 11/22  22:00:00,377.63857775199995,598.6428119990001
 11/22  23:00:00,305.446893926,502.301377437
 11/22  24:00:00,218.906373985,384.380631317
 11/23  01:00:00,142.98361390600002,173.539182922
 11/23  02:00:00,151.566654362,133.75316584200002
 11/23  03:00:00,134.247310134,128.194995364
 11/23  04:00:00,134.083734346,124.933581009
 11/23  05:00:00,142.348312556,152.18276212799998
 11/23  06:00:00,156.377700924,187.96371167400002
 11/23  07:00:00,283.106852952,266.044642929
 11/23  08:00:00,288.051198428,578.404626852
 11/23  09:00:00,351.00305163699994,782.017024864
 11/23  10:00:00,302.4298726,662.4270875
 11/23  11:00:00,244.126030627,593.223006622
 11/23  12:00:00,224.381641457,536.537317875
 11/23  13:00:00,225.39820817,480.711185595
 11/23  14:00:00,211.611093703,473.47929085699997
 11/23  15:00:00,218.419642627,468.161559188
 11/23  16:00:00,217.639762301,479.00430622199997
 11/23  17:00:00,235.93705285299998,461.246126277
 11/23  18:00:00,257.193310205,480.559761588
 11/23  19:00:00,324.665566789,526.952241291
 11/23  20:00:00,330.362368156,575.719393799
 11/23  21:00:00,354.505595373,573.623708148
 11/23  22:00:00,335.656957973,568.2558914
 11/23  23:00:00,286.780272276,689.9287162219999
 11/23  24:00:00,205.914532711,540.032862451
 11/24  01:00:00,145.754449273,185.87731752599998
 11/24  02:00:00,132.57139595700002,146.410477581
 11/24  03:00:00,121.210653049,140.733829307
 11/24  04:00:00,119.00580495,131.935263182
 11/24  05:00:00,127.41834701200001,172.529693356
 11/24  06:00:00,163.287861804,261.763292717
 11/24  07:00:00,288.811670366,424.714780204
 11/24  08:00:00,364.87694092699996,779.7668064860001
 11/24  09:00:00,303.254519242,712.838438396
 11/24  10:00:00,337.98422271,620.3144063999999
 11/24  11:00:00,280.466254342,551.4417744680001
 11/24  12:00:00,244.63468769,480.644741994
 11/24  13:00:00,224.774190302,453.312474851
 11/24  14:00:00,217.07517949299998,436.365250769
 11/24  15:00:00,223.015456507,395.40397745
 11/24  16:00:00,224.257902884,384.308696785
 11/24  17:00:00,245.387544292,410.694307382
 11/24  18:00:00,283.501130885,429.564345631
 11/24  19:00:00,344.993216755,592.843901449
 11/24  20:00:00,356.234615694,502.333640136
 11/24  21:00:00,382.656369021,511.025243942
 11/24  22:00:00,366.56255950900004,630.110310606
 11/24  23:00:00,295.758161806,541.104935875
 11/24  24:00:00,218.517190142,415.933500594
 11/25  01:00:00,131.895090085,176.330656823
 11/25  02:00:00,132.73620390899998,138.341854116
 11/25  03:00:00,115.26174665200001,133.205224557
 11/25  04:00:00,115.691111124,130.530328518
 11/25  05:00:00,124.10042336,158.014698611
 11/25  06:00:00,138.31850050399999,194.206596546
 11/25  07:00:00,227.9003761,272.149460428
 11/25  08:00:00,312.707025672,614.266165888
 11/25  09:00:00,401.28463549800006,802.810481963
 11/25  10:00:00,362.40193385,647.930748121
 11/25  11:00:00,283.850627099,505.935529459
 11/25  12:00:00,264.80508647700003,362.858249442
 11/25  13:00:00,258.94666281400004,277.94809008
 11/25  14:00:00,249.776771362,262.635883993
 11/25  15:00:00,246.36307691599998,250.352389626
 11/25  16:00:00,246.737852601,262.824273797
 11/25  17:00:00,258.97875864900004,251.41462010799998
 11/25  18:00:00,290.61263344400004,260.31304181
 11/25  19:00:00,365.679905692,326.628650199
 11/25  20:00:00,370.019575011,414.042451318
 11/25  21:00:00,390.809293881,435.371655871
 11/25  22:00:00,386.58633335,418.84490117400003
 11/25  23:00:00,344.30046446,479.404231494
 11/25  24:00:00,245.534051725,303.527999892
 11/26  01:00:00,146.106649199,182.75956812599998
 11/26  02:00:00,158.036961469,139.794307848
 11/26  03:00:00,144.324759396,137.25341628700002
 11/26  04:00:00,146.104441539,135.622789735
 11/26  05:00:00,156.358333703,155.970241645
 11/26  06:00:00,170.769978705,204.862104484
 11/26  07:00:00,301.49046601099997,269.625318915
 11/26  08:00:00,329.27808693,454.046125505
 11/26  09:00:00,382.977785247,626.0244213880001
 11/26  10:00:00,321.53341539400003,499.47156201900003
 11/26  11:00:00,256.20617335,415.41225531699996
 11/26  12:00:00,249.43441536400002,339.04982496
 11/26  13:00:00,261.677061995,260.933406792
 11/26  14:00:00,242.810798795,260.429279564
 11/26  15:00:00,244.30282937200002,254.347033132
 11/26  16:00:00,254.352918089,254.119574025
 11/26  17:00:00,270.676971446,243.381592869
 11/26  18:00:00,294.297651088,244.413516167
 11/26  19:00:00,365.570381493,284.745212719
 11/26  20:00:00,385.096434886,328.956117618
 11/26  21:00:00,416.199191786,330.54441637400004
 11/26  22:00:00,390.22627492,346.17755507199996
 11/26  23:00:00,333.418969925,466.511093787
 11/26  24:00:00,247.240696243,322.011470548
 11/27  01:00:00,132.06647401799998,208.836761698
 11/27  02:00:00,134.445994187,166.240045852
 11/27  03:00:00,131.386302323,156.338599716
 11/27  04:00:00,134.309458281,145.49582151200002
 11/27  05:00:00,145.05222470299998,165.265855726
 11/27  06:00:00,219.211015761,260.47419874
 11/27  07:00:00,318.125786993,415.949256952
 11/27  08:00:00,394.025039815,563.532402483
 11/27  09:00:00,329.492954461,468.220576499
 11/27  10:00:00,289.687668475,400.70532497199997
 11/27  11:00:00,225.89773731,359.409458815
 11/27  12:00:00,218.433991083,293.552356428
 11/27  13:00:00,215.05857392099998,297.480971528
 11/27  14:00:00,204.90426127400002,289.827982669
 11/27  15:00:00,204.34424319299998,290.379669039
 11/27  16:00:00,203.933912245,293.42265458400004
 11/27  17:00:00,231.89219840400003,280.878993325
 11/27  18:00:00,288.560367462,304.903095424
 11/27  19:00:00,364.864892986,473.69711975900003
 11/27  20:00:00,379.69305121900004,361.95599233800004
 11/27  21:00:00,413.571229644,338.85008711
 11/27  22:00:00,412.17789148099996,443.039240569
 11/27  23:00:00,328.35594633700003,338.439553352
 11/27  24:00:00,241.957979981,195.277969347
 11/28  01:00:00,128.565413299,146.96077788
 11/28  02:00:00,131.83529782600002,110.936963644
 11/28  03:00:00,129.666589947,110.562690665
 11/28  04:00:00,133.49439625600002,110.20279526700001
 11/28  05:00:00,174.075045584,139.011165397
 11/28  06:00:00,209.17789609099998,246.02355832400002
 11/28  07:00:00,318.327725181,408.676748608
 11/28  08:00:00,418.148165615,547.279822714
 11/28  09:00:00,362.069087694,436.432466404
 11/28  10:00:00,345.99114150699995,365.532355574
 11/28  11:00:00,297.439099052,316.106758759
 11/28  12:00:00,298.65579921200003,261.047053339
 11/28  13:00:00,293.174184458,262.111941317
 11/28  14:00:00,262.583616486,257.225057889
 11/28  15:00:00,260.406220512,245.187408489
 11/28  16:00:00,245.305732018,269.865641223
 11/28  17:00:00,250.88274229200002,266.129669287
 11/28  18:00:00,304.77488649400004,311.26081527400004
 11/28  19:00:00,361.89672828,490.36973017
 11/28  20:00:00,381.225825471,410.38793467
 11/28  21:00:00,410.38858184400004,449.30322752800004
 11/28  22:00:00,396.22044419900004,630.865555976
 11/28  23:00:00,320.577767949,455.23607368
 11/28  24:00:00,223.158059777,395.96018188
 11/29  01:00:00,130.888184955,175.302515172
 11/29  02:00:00,129.868150361,134.86667538
 11/29  03:00:00,125.265718833,127.944553195
 11/29  04:00:00,127.559301416,123.64758777899999
 11/29  05:00:00,137.841337784,156.682806241
 11/29  06:00:00,175.23462202599998,246.48813228
 11/29  07:00:00,341.581433359,417.149274073
 11/29  08:00:00,366.946777724,668.9588841369999
 11/29  09:00:00,312.81823644400004,591.174274281
 11/29  10:00:00,274.787837753,536.967888387
 11/29  11:00:00,218.162492128,504.878640639
 11/29  12:00:00,217.0777182,441.520192795
 11/29  13:00:00,231.537162275,435.25864367300005
 11/29  14:00:00,237.36798472599997,418.483425342
 11/29  15:00:00,235.641269048,408.589850189
 11/29  16:00:00,236.632704188,422.889257433
 11/29  17:00:00,254.972723015,401.07444149599996
 11/29  18:00:00,286.65591078,431.60554166
 11/29  19:00:00,348.312044692,616.4619536509999
 11/29  20:00:00,359.05937109800004,515.9703338109999
 11/29  21:00:00,386.955242864,519.404191492
 11/29  22:00:00,375.310915623,637.59762415
 11/29  23:00:00,303.03933693700003,540.377500655
 11/29  24:00:00,214.39776015599998,415.448260712
 11/30  01:00:00,132.285637226,183.408448762
 11/30  02:00:00,125.32918041,138.294083154
 11/30  03:00:00,117.550051252,132.601543912
 11/30  04:00:00,117.498651989,129.74273247600001
 11/30  05:00:00,125.937187185,164.02554051799999
 11/30  06:00:00,161.242233368,254.776306534
 11/30  07:00:00,284.53151964299997,427.989931466
 11/30  08:00:00,398.26704812099996,715.435321459
 11/30  09:00:00,342.858159027,640.621033773
 11/30  10:00:00,315.217233704,555.5466359530001
 11/30  11:00:00,253.908331148,497.84147660300005
 11/30  12:00:00,256.678606584,383.635401551
 11/30  13:00:00,259.836204231,333.00490945900003
 11/30  14:00:00,254.60210056,307.61487896299997
 11/30  15:00:00,255.232057251,300.76751489
 11/30  16:00:00,249.35688003200002,333.987524678
 11/30  17:00:00,261.57349996799996,346.335001285
 11/30  18:00:00,296.385660268,429.947047128
 11/30  19:00:00,360.907511385,644.7483037569999
 11/30  20:00:00,369.61061258300003,483.705361254
 11/30  21:00:00,399.12492737800005,479.03414263199994
 11/30  22:00:00,386.282713237,598.3857287530001
 11/30  23:00:00,310.038083202,503.922458923
 11/30  24:00:00,220.582248373,389.81839595800005
 12/01  01:00:00,128.325908955,171.88377648
 12/01  02:00:00,123.73246769,134.294329179
 12/01  03:00:00,117.25591305,135.67548272
 12/01  04:00:00,118.10662514,126.658758007
 12/01  05:00:00,127.06735838,154.840994064
 12/01  06:00:00,162.020803961,260.289401842
 12/01  07:00:00,307.40406121,420.23241811099996
 12/01  08:00:00,315.727181566,753.3228863080001
 12/01  09:00:00,309.706136172,679.948562904
 12/01  10:00:00,332.222889711,579.30120707
 12/01  11:00:00,270.224019634,505.017579695
 12/01  12:00:00,259.897405301,377.848259943
 12/01  13:00:00,243.58772805,350.836431999
 12/01  14:00:00,230.588987063,345.85480289099996
 12/01  15:00:00,217.936975675,380.530059801
 12/01  16:00:00,211.927827598,445.360740664
 12/01  17:00:00,238.99120849099998,446.003961707
 12/01  18:00:00,282.85563047,435.298363825
 12/01  19:00:00,350.084607656,600.351338695
 12/01  20:00:00,364.177144905,499.106640585
 12/01  21:00:00,394.481474729,492.198809832
 12/01  22:00:00,377.028017832,608.120008557
 12/01  23:00:00,300.651206097,526.5743969590001
 12/01  24:00:00,213.374634815,409.589030081
 12/02  01:00:00,130.361120935,175.222576385
 12/02  02:00:00,132.396664389,136.91521226700002
 12/02  03:00:00,115.48330203200001,137.79582378
 12/02  04:00:00,115.697007788,128.66594289
 12/02  05:00:00,124.273986039,163.19050395600001
 12/02  06:00:00,139.203578067,192.616137384
 12/02  07:00:00,228.31642830400003,270.840280275
 12/02  08:00:00,332.61046949,610.1451102890001
 12/02  09:00:00,384.327678491,807.190453105
 12/02  10:00:00,358.31940001699996,668.8971526
 12/02  11:00:00,287.52616190599997,582.219018255
 12/02  12:00:00,275.890812085,513.6848240830001
 12/02  13:00:00,276.022907978,398.44495387800004
 12/02  14:00:00,266.633422573,325.712037957
 12/02  15:00:00,266.892034811,314.520349117
 12/02  16:00:00,262.956099695,336.15743629
 12/02  17:00:00,274.661875636,371.71091955400004
 12/02  18:00:00,293.885955352,463.74421956300006
 12/02  19:00:00,363.848410372,458.872852019
 12/02  20:00:00,366.003128922,481.252785644
 12/02  21:00:00,382.55676599199995,486.38823754099997
 12/02  22:00:00,377.070425655,486.254458923
 12/02  23:00:00,321.382240302,609.491165499
 12/02  24:00:00,233.80174418400003,453.60157456900004
 12/03  01:00:00,141.715581662,179.309704606
 12/03  02:00:00,144.47479334,140.98976595
 12/03  03:00:00,127.920207536,129.635441551
 12/03  04:00:00,127.98733853600001,133.492017075
 12/03  05:00:00,135.81207721200002,155.682879838
 12/03  06:00:00,150.639293896,199.265863947
 12/03  07:00:00,253.16096375,275.531944759
 12/03  08:00:00,310.99090700200003,596.7754337590001
 12/03  09:00:00,383.71060381,772.7168925210001
 12/03  10:00:00,345.725666386,596.19407752
 12/03  11:00:00,291.748235982,441.976834771
 12/03  12:00:00,288.814276158,353.90968484900003
 12/03  13:00:00,293.65348200200003,274.854214255
 12/03  14:00:00,285.386695459,258.33215561099996
 12/03  15:00:00,285.81844067,246.22389102900001
 12/03  16:00:00,285.985985777,256.052561092
 12/03  17:00:00,296.381357983,242.11117727299998
 12/03  18:00:00,304.341578925,267.995537463
 12/03  19:00:00,365.800789635,371.07074747400003
 12/03  20:00:00,380.65766358800005,449.979568772
 12/03  21:00:00,403.095477539,543.8596778140001
 12/03  22:00:00,389.79795253300006,413.237048613
 12/03  23:00:00,326.71693610200003,511.713254275
 12/03  24:00:00,242.857306188,401.39075150599996
 12/04  01:00:00,128.50941117899998,189.02574046200002
 12/04  02:00:00,127.88788295299999,140.86379885
 12/04  03:00:00,124.553960498,125.317371328
 12/04  04:00:00,127.374004573,126.79157118299999
 12/04  05:00:00,137.599799055,150.742246262
 12/04  06:00:00,182.383117099,253.683093155
 12/04  07:00:00,337.339080954,422.898942896
 12/04  08:00:00,382.834224437,606.944012191
 12/04  09:00:00,328.822985085,509.08840679400004
 12/04  10:00:00,307.204189568,454.424014404
 12/04  11:00:00,259.009373912,403.479811515
 12/04  12:00:00,273.08995409700003,324.270210129
 12/04  13:00:00,278.700120922,312.475355575
 12/04  14:00:00,273.297053716,304.064360452
 12/04  15:00:00,272.905557989,298.32396271700003
 12/04  16:00:00,268.081819903,315.341103077
 12/04  17:00:00,279.41926682,352.268173663
 12/04  18:00:00,307.157308636,498.771731954
 12/04  19:00:00,369.05673352800005,622.646112756
 12/04  20:00:00,378.45677367400003,483.694566711
 12/04  21:00:00,407.703173484,481.084116491
 12/04  22:00:00,393.773067883,598.375161346
 12/04  23:00:00,304.25666500799997,513.1176865880001
 12/04  24:00:00,210.07176943599998,412.081307155
 12/05  01:00:00,134.067204896,182.17712220599998
 12/05  02:00:00,127.755924803,137.409242681
 12/05  03:00:00,120.70937996299999,138.341188583
 12/05  04:00:00,121.46915807299999,128.42613308
 12/05  05:00:00,130.83489232,162.518069911
 12/05  06:00:00,165.897984855,261.466452689
 12/05  07:00:00,317.08771481,428.004859758
 12/05  08:00:00,316.59852934099996,755.439696749
 12/05  09:00:00,313.41960613599997,679.180542963
 12/05  10:00:00,335.908055099,571.478701831
 12/05  11:00:00,271.781231566,482.811412977
 12/05  12:00:00,266.69400417099996,347.80081262699997
 12/05  13:00:00,272.18115161,308.34572508599996
 12/05  14:00:00,267.74306646599996,290.205036576
 12/05  15:00:00,269.004987287,275.29034127
 12/05  16:00:00,265.332918175,282.61906950400004
 12/05  17:00:00,276.27770104,286.06130726
 12/05  18:00:00,303.007246686,472.06703076800005
 12/05  19:00:00,365.410485724,643.7297820619999
 12/05  20:00:00,378.799400536,484.30248024300005
 12/05  21:00:00,402.605638726,475.159404747
 12/05  22:00:00,385.68836549099996,609.462228095
 12/05  23:00:00,295.313139144,531.873502191
 12/05  24:00:00,214.064878486,420.76282499800004
 12/06  01:00:00,135.25144840299998,182.669175998
 12/06  02:00:00,128.429256707,137.883767235
 12/06  03:00:00,120.76175616799999,138.86978686700002
 12/06  04:00:00,120.827868285,129.27126867299998
 12/06  05:00:00,129.81075881799998,163.371058789
 12/06  06:00:00,164.986000075,262.337334199
 12/06  07:00:00,296.355483338,430.492145414
 12/06  08:00:00,329.719959155,758.068309425
 12/06  09:00:00,336.367077352,671.165278673
 12/06  10:00:00,341.813204892,555.181132395
 12/06  11:00:00,270.824669341,387.473551966
 12/06  12:00:00,271.626515459,285.780684703
 12/06  13:00:00,288.337063518,266.06974028900004
 12/06  14:00:00,286.01666441099997,256.277194206
 12/06  15:00:00,285.551438449,240.956320964
 12/06  16:00:00,285.799717009,248.90894442400003
 12/06  17:00:00,315.352329695,225.91462748799998
 12/06  18:00:00,326.769870831,282.171584898
 12/06  19:00:00,379.685285456,479.875438676
 12/06  20:00:00,391.573598925,391.880616119
 12/06  21:00:00,409.988455449,546.477473789
 12/06  22:00:00,388.241140126,648.4286209019999
 12/06  23:00:00,308.692109153,523.0437631890001
 12/06  24:00:00,220.08183565599998,401.33596558
 12/07  01:00:00,131.760222986,180.384610348
 12/07  02:00:00,126.64854893299999,136.21469819700002
 12/07  03:00:00,120.526022182,137.501494761
 12/07  04:00:00,122.45663849299999,127.856130149
 12/07  05:00:00,131.777536744,161.39819970899998
 12/07  06:00:00,167.955011601,259.697087904
 12/07  07:00:00,309.53015776,429.99267002
 12/07  08:00:00,351.085538389,718.855760033
 12/07  09:00:00,319.700607832,645.819305185
 12/07  10:00:00,304.156475693,537.587067169
 12/07  11:00:00,232.801450196,391.60172548699995
 12/07  12:00:00,232.300769941,297.862332396
 12/07  13:00:00,261.61662231,269.058684154
 12/07  14:00:00,286.597236326,257.44656083
 12/07  15:00:00,286.85645283,243.286958402
 12/07  16:00:00,286.824862187,250.347321967
 12/07  17:00:00,301.90725946,234.06255963400002
 12/07  18:00:00,309.349206997,304.555583554
 12/07  19:00:00,370.05831195,539.33773696
 12/07  20:00:00,376.48746683900004,570.166829714
 12/07  21:00:00,411.367193436,473.964457111
 12/07  22:00:00,394.306580239,595.6061159559999
 12/07  23:00:00,316.990032504,493.85356387699994
 12/07  24:00:00,226.94247639099999,363.89829363900003
 12/08  01:00:00,126.280146646,172.04362885700002
 12/08  02:00:00,123.237783129,132.957602747
 12/08  03:00:00,117.331045406,133.64571398200002
 12/08  04:00:00,118.892122273,125.339346174
 12/08  05:00:00,129.196113799,160.14999375
 12/08  06:00:00,164.719859063,259.423587587
 12/08  07:00:00,315.872359459,430.775550701
 12/08  08:00:00,343.191506917,728.709746425
 12/08  09:00:00,326.165972324,652.07809125
 12/08  10:00:00,323.14829181,508.36948160699995
 12/08  11:00:00,251.423179127,366.08272340599996
 12/08  12:00:00,254.705314601,284.40097927799997
 12/08  13:00:00,284.760851851,267.564533291
 12/08  14:00:00,286.333713412,254.13216589700002
 12/08  15:00:00,282.619246322,243.778711979
 12/08  16:00:00,260.67650365599997,257.886309488
 12/08  17:00:00,253.88627175,254.308120746
 12/08  18:00:00,299.037053604,291.88138401099997
 12/08  19:00:00,370.436044635,471.185367001
 12/08  20:00:00,381.85723007800004,387.705838444
 12/08  21:00:00,410.857442078,409.61208107699997
 12/08  22:00:00,404.93105883,546.593634319
 12/08  23:00:00,321.27118309599996,463.48320804699995
 12/08  24:00:00,228.068151817,328.642246834
 12/09  01:00:00,137.49452419999997,210.21825226
 12/09  02:00:00,146.589879385,156.026983465
 12/09  03:00:00,132.255739148,149.66814455
 12/09  04:00:00,134.07763542200001,135.164289554
 12/09  05:00:00,143.674455085,163.749846427
 12/09  06:00:00,158.354460921,200.04627784099998
 12/09  07:00:00,297.84636202,268.396724737
 12/09  08:00:00,302.064558757,572.6053040080001
 12/09  09:00:00,360.87149754300003,782.655628738
 12/09  10:00:00,319.99728634,655.3149200519999
 12/09  11:00:00,265.752388332,578.53034625
 12/09  12:00:00,266.69122503299997,514.238382312
 12/09  13:00:00,263.453467004,437.05661356400003
 12/09  14:00:00,248.47933951599998,427.104964091
 12/09  15:00:00,232.753855533,426.87822371199996
 12/09  16:00:00,232.696883729,438.745996374
 12/09  17:00:00,247.164585937,429.505260697
 12/09  18:00:00,277.785146601,438.002989564
 12/09  19:00:00,349.99888894199995,483.176320154
 12/09  20:00:00,350.970918809,543.620103949
 12/09  21:00:00,369.51035884199996,550.643899186
 12/09  22:00:00,365.47217046599997,545.573241701
 12/09  23:00:00,308.435319872,670.61911009
 12/09  24:00:00,212.973813746,520.044519301
 12/10  01:00:00,150.88624025299998,195.657890317
 12/10  02:00:00,148.985171453,142.222802401
 12/10  03:00:00,129.760893697,142.277192953
 12/10  04:00:00,128.83749983299998,139.120548838
 12/10  05:00:00,137.194400355,167.182413223
 12/10  06:00:00,151.792911764,204.345822942
 12/10  07:00:00,231.636287669,283.868235376
 12/10  08:00:00,310.493746389,664.684213165
 12/10  09:00:00,365.530698736,879.71467833
 12/10  10:00:00,352.235747426,724.525816715
 12/10  11:00:00,313.808098897,614.125086749
 12/10  12:00:00,294.653306812,527.074273693
 12/10  13:00:00,273.844186665,416.942177631
 12/10  14:00:00,247.204790672,358.47508248
 12/10  15:00:00,232.76431028,377.390442411
 12/10  16:00:00,221.816017813,415.508707686
 12/10  17:00:00,241.492863326,453.446094332
 12/10  18:00:00,272.370225311,430.22462923800003
 12/10  19:00:00,340.771819866,477.66420636
 12/10  20:00:00,349.248338496,525.933481261
 12/10  21:00:00,372.840670967,548.782730625
 12/10  22:00:00,367.449843965,535.27619197
 12/10  23:00:00,323.027694875,632.662261977
 12/10  24:00:00,235.71341704900001,462.99211837300004
 12/11  01:00:00,128.635730082,183.77232205400003
 12/11  02:00:00,123.307437625,135.22696017299998
 12/11  03:00:00,116.66102848700001,136.364577515
 12/11  04:00:00,117.49403669,133.32546404
 12/11  05:00:00,126.43273088299999,161.468578992
 12/11  06:00:00,162.03995758,261.06908297900003
 12/11  07:00:00,300.162479786,433.30988045099997
 12/11  08:00:00,356.83677777400004,732.204224092
 12/11  09:00:00,307.545863385,670.056310798
 12/11  10:00:00,283.971796171,597.898452791
 12/11  11:00:00,226.42848628099998,554.122223007
 12/11  12:00:00,224.05939309599998,488.513102623
 12/11  13:00:00,227.882642545,467.507531683
 12/11  14:00:00,225.85421268,457.77746529800004
 12/11  15:00:00,229.83661737,433.74830915900003
 12/11  16:00:00,227.281558231,435.03893333800005
 12/11  17:00:00,240.31630680400002,408.378571039
 12/11  18:00:00,275.645703162,455.29776748300003
 12/11  19:00:00,339.712783232,648.151979783
 12/11  20:00:00,347.84571541699995,548.873394974
 12/11  21:00:00,383.281117175,550.726872195
 12/11  22:00:00,375.605330622,660.920310634
 12/11  23:00:00,297.100510864,560.093220667
 12/11  24:00:00,205.844861642,444.80058559800005
 12/12  01:00:00,132.68549205899998,188.67807047
 12/12  02:00:00,124.074832121,142.157783027
 12/12  03:00:00,114.932009999,144.064834451
 12/12  04:00:00,114.54436045,142.41965658799998
 12/12  05:00:00,122.975985736,172.040093372
 12/12  06:00:00,157.533373776,273.110792295
 12/12  07:00:00,280.136976549,447.34405650900004
 12/12  08:00:00,362.942207142,825.524527499
 12/12  09:00:00,291.988597765,771.808032141
 12/12  10:00:00,265.248965478,681.711962536
 12/12  11:00:00,221.501146704,615.604408721
 12/12  12:00:00,237.33663497599997,555.8148969719999
 12/12  13:00:00,235.295928278,552.7135688669999
 12/12  14:00:00,216.368316195,540.735854221
 12/12  15:00:00,210.802529869,516.803091404
 12/12  16:00:00,206.763916196,517.521976766
 12/12  17:00:00,227.52613005900002,479.673129041
 12/12  18:00:00,251.4719582,527.181914456
 12/12  19:00:00,314.26824800400004,731.8036603080001
 12/12  20:00:00,328.26031989999996,629.959056313
 12/12  21:00:00,363.508222879,637.056406001
 12/12  22:00:00,355.701923199,759.765757572
 12/12  23:00:00,276.857656701,667.258863366
 12/12  24:00:00,190.31704271400002,550.906478127
 12/13  01:00:00,137.38503886200002,204.70064666599998
 12/13  02:00:00,125.491029221,164.561935647
 12/13  03:00:00,115.33768788100001,155.693090343
 12/13  04:00:00,114.349198038,151.715578877
 12/13  05:00:00,122.701017735,185.518574497
 12/13  06:00:00,158.400324404,286.68044411200003
 12/13  07:00:00,282.96768440700004,454.126658406
 12/13  08:00:00,365.48942433599996,845.03834564
 12/13  09:00:00,289.827580004,779.065686554
 12/13  10:00:00,259.228049989,684.25202428
 12/13  11:00:00,272.141651487,608.7180853030001
 12/13  12:00:00,275.067335125,513.805106773
 12/13  13:00:00,235.41610614900003,479.57772555599996
 12/13  14:00:00,217.16956504599997,447.290809545
 12/13  15:00:00,219.357218539,391.492096063
 12/13  16:00:00,218.297402612,428.39330238
 12/13  17:00:00,236.702534693,434.820327784
 12/13  18:00:00,273.855454528,457.075246638
 12/13  19:00:00,344.155444796,629.1901693980001
 12/13  20:00:00,357.83493686800006,518.486917382
 12/13  21:00:00,385.21940568199994,511.018970085
 12/13  22:00:00,372.882059365,637.300538519
 12/13  23:00:00,301.473240133,532.126674361
 12/13  24:00:00,215.63093431,407.26871297
 12/14  01:00:00,123.823228752,185.30915835099998
 12/14  02:00:00,118.05993623100001,144.676517313
 12/14  03:00:00,110.70045105,134.759748299
 12/14  04:00:00,111.249599976,140.022210428
 12/14  05:00:00,119.589122261,169.928853511
 12/14  06:00:00,153.461342241,278.984392271
 12/14  07:00:00,274.528815849,445.714403945
 12/14  08:00:00,358.060207655,790.7448273719999
 12/14  09:00:00,315.985783951,721.080481383
 12/14  10:00:00,345.84079250699995,606.166815262
 12/14  11:00:00,264.8931525,518.913367875
 12/14  12:00:00,244.879199432,353.023492177
 12/14  13:00:00,248.342098722,300.467270828
 12/14  14:00:00,249.163794797,276.023417545
 12/14  15:00:00,279.940215203,253.80075153
 12/14  16:00:00,285.05488670799997,254.29341400200002
 12/14  17:00:00,274.245543312,248.444895929
 12/14  18:00:00,299.483639633,296.31820039900003
 12/14  19:00:00,367.908812604,488.19504829
 12/14  20:00:00,377.674797974,400.58060067300005
 12/14  21:00:00,407.714474073,410.14251753800005
 12/14  22:00:00,396.443571821,523.591144204
 12/14  23:00:00,319.828928531,421.205474481
 12/14  24:00:00,219.69489452099998,467.472530585
 12/15  01:00:00,124.60038771200001,204.28828723599997
 12/15  02:00:00,122.084733038,149.169201961
 12/15  03:00:00,118.55183695,134.28040416
 12/15  04:00:00,122.298172581,128.420314828
 12/15  05:00:00,132.341288071,163.38584664299998
 12/15  06:00:00,167.39858842,262.657216593
 12/15  07:00:00,320.918203073,432.60779806
 12/15  08:00:00,382.16782685199996,686.746821462
 12/15  09:00:00,319.224173252,550.409597471
 12/15  10:00:00,276.91967125599996,456.734812733
 12/15  11:00:00,217.75772391599997,407.45852221
 12/15  12:00:00,212.090299853,341.891623391
 12/15  13:00:00,222.20823891599997,318.52372732099997
 12/15  14:00:00,225.24785450299999,293.347605726
 12/15  15:00:00,233.73254102299998,271.827999922
 12/15  16:00:00,232.472937277,288.637932039
 12/15  17:00:00,246.34711956700002,287.074828167
 12/15  18:00:00,288.079104979,389.464204239
 12/15  19:00:00,356.996229909,623.060983107
 12/15  20:00:00,369.10409984300003,536.562689485
 12/15  21:00:00,396.542685286,511.54994191
 12/15  22:00:00,379.81776295599997,608.929679312
 12/15  23:00:00,307.214968675,515.822253327
 12/15  24:00:00,219.356957004,385.369715386
 12/16  01:00:00,127.788253775,182.53754874400002
 12/16  02:00:00,131.6176591,139.85320354700002
 12/16  03:00:00,115.919210818,134.991158281
 12/16  04:00:00,117.194847445,125.995989062
 12/16  05:00:00,126.403724146,167.310848525
 12/16  06:00:00,141.646342556,197.469073075
 12/16  07:00:00,281.467297363,277.961510114
 12/16  08:00:00,279.32088249599997,622.674615625
 12/16  09:00:00,341.661659113,834.819453549
 12/16  10:00:00,331.95937303,688.928871835
 12/16  11:00:00,272.13363631,600.074398706
 12/16  12:00:00,250.33278929099998,535.942094238
 12/16  13:00:00,244.38287467700002,477.37905526
 12/16  14:00:00,231.930860497,456.631653946
 12/16  15:00:00,231.51693349099997,438.322737746
 12/16  16:00:00,226.94478740099999,444.834296975
 12/16  17:00:00,242.117439986,430.21601801699995
 12/16  18:00:00,272.59718691,442.796385961
 12/16  19:00:00,341.680185201,494.933587933
 12/16  20:00:00,337.97161317900003,560.537955315
 12/16  21:00:00,347.51128352300003,579.568158305
 12/16  22:00:00,340.067140608,580.7925289990001
 12/16  23:00:00,293.829664793,710.0723328319999
 12/16  24:00:00,205.87297725099998,552.556937594
 12/17  01:00:00,158.565990727,200.51295339599997
 12/17  02:00:00,154.358612555,153.14549215
 12/17  03:00:00,133.212975082,147.268053681
 12/17  04:00:00,130.606203541,144.81402559
 12/17  05:00:00,138.14304945700002,177.57632624
 12/17  06:00:00,152.69735695399999,212.696867331
 12/17  07:00:00,233.260379265,296.273540404
 12/17  08:00:00,311.07397351099996,672.876745661
 12/17  09:00:00,358.04421222,892.0808044180001
 12/17  10:00:00,315.159653525,747.944432132
 12/17  11:00:00,257.78299468299997,663.51003516
 12/17  12:00:00,247.225153302,605.506934054
 12/17  13:00:00,250.17859820099997,528.540418525
 12/17  14:00:00,232.55538186200002,511.78203092800004
 12/17  15:00:00,223.37574140099997,500.39290515199997
 12/17  16:00:00,217.031475754,506.845891601
 12/17  17:00:00,231.584543196,492.801334956
 12/17  18:00:00,251.179262145,510.068126784
 12/17  19:00:00,313.018623322,565.2157660519999
 12/17  20:00:00,333.790086504,605.177441552
 12/17  21:00:00,370.76282155,592.686743507
 12/17  22:00:00,337.280638248,588.42406504
 12/17  23:00:00,283.073431552,715.956890398
 12/17  24:00:00,203.064628002,551.509786598
 12/18  01:00:00,142.47270857200002,203.865435187
 12/18  02:00:00,128.730031935,158.043749801
 12/18  03:00:00,117.68816579899999,152.980361651
 12/18  04:00:00,115.214338774,148.815122406
 12/18  05:00:00,122.24585237,183.194197546
 12/18  06:00:00,157.345016636,289.861769294
 12/18  07:00:00,282.237620739,457.672627821
 12/18  08:00:00,365.75835009800005,858.0891000639999
 12/18  09:00:00,295.14873652299997,787.996382925
 12/18  10:00:00,269.084105686,692.118471013
 12/18  11:00:00,240.41770464900003,622.1260689659999
 12/18  12:00:00,277.700662401,545.463125096
 12/18  13:00:00,267.728394552,524.960510389
 12/18  14:00:00,248.080768237,498.624422565
 12/18  15:00:00,242.11334844900003,470.77469469199997
 12/18  16:00:00,237.094225315,465.36643478699995
 12/18  17:00:00,251.77866070599998,421.151020843
 12/18  18:00:00,282.11867510400003,456.53578948800003
 12/18  19:00:00,343.519066308,649.547382575
 12/18  20:00:00,335.614298727,557.656267088
 12/18  21:00:00,355.65005927199996,587.480530723
 12/18  22:00:00,352.041230179,733.658089678
 12/18  23:00:00,278.29943805,635.2628451730001
 12/18  24:00:00,193.50294993900002,514.241514594
 12/19  01:00:00,142.074848058,205.20474136299998
 12/19  02:00:00,128.588799046,159.264801256
 12/19  03:00:00,116.822286417,154.81182759700002
 12/19  04:00:00,116.767604875,151.685609459
 12/19  05:00:00,126.29383825200001,179.209952548
 12/19  06:00:00,160.288565014,287.112699924
 12/19  07:00:00,284.513628469,457.838394704
 12/19  08:00:00,367.12142785699996,823.884631303
 12/19  09:00:00,341.940482733,720.662450086
 12/19  10:00:00,344.642820463,601.042943445
 12/19  11:00:00,266.663237605,433.91512453
 12/19  12:00:00,255.99148331599997,308.37733006
 12/19  13:00:00,262.610208823,292.626224036
 12/19  14:00:00,268.880771333,271.45347840200003
 12/19  15:00:00,286.935885133,254.081568112
 12/19  16:00:00,286.74701743099996,258.41826189
 12/19  17:00:00,299.780246848,239.440686
 12/19  18:00:00,310.379703743,306.884868345
 12/19  19:00:00,370.679856524,517.612265935
 12/19  20:00:00,382.012820546,430.17834119800006
 12/19  21:00:00,406.91622446900004,466.512972035
 12/19  22:00:00,392.657924645,645.04915934
 12/19  23:00:00,320.384082164,476.708328416
 12/19  24:00:00,228.295783919,334.296287128
 12/20  01:00:00,125.764169603,201.28404219599997
 12/20  02:00:00,124.57878519100001,149.087441729
 12/20  03:00:00,120.29250672,137.77151767700002
 12/20  04:00:00,122.860198059,132.282798644
 12/20  05:00:00,133.349949931,157.982385795
 12/20  06:00:00,170.025336771,264.552263365
 12/20  07:00:00,323.115774369,441.83189341400004
 12/20  08:00:00,368.88267078,697.84016541
 12/20  09:00:00,314.15975395,617.696028464
 12/20  10:00:00,284.813903182,550.9368253580001
 12/20  11:00:00,228.17879627099998,449.59300029199994
 12/20  12:00:00,228.46966420200002,326.50341933
 12/20  13:00:00,245.240194066,290.764254163
 12/20  14:00:00,257.96010904,267.12158483400003
 12/20  15:00:00,254.34198471099998,260.954992899
 12/20  16:00:00,228.58259036,280.701434945
 12/20  17:00:00,243.432324505,279.97450342
 12/20  18:00:00,293.254073822,328.142041305
 12/20  19:00:00,362.80741762800005,536.176002626
 12/20  20:00:00,377.92851890800006,435.58740782800004
 12/20  21:00:00,406.70750542400003,428.368816649
 12/20  22:00:00,397.993402656,536.242420368
 12/20  23:00:00,321.843477693,412.644002853
 12/20  24:00:00,231.69856693900002,292.844153333
 12/21  01:00:00,135.42325588100002,215.265067203
 12/21  02:00:00,137.139761991,158.645212561
 12/21  03:00:00,133.24617438299998,147.141080147
 12/21  04:00:00,135.15030541,141.85216439200002
 12/21  05:00:00,145.687903892,170.755283991
 12/21  06:00:00,183.93831684900002,264.027712022
 12/21  07:00:00,340.428652898,434.920102741
 12/21  08:00:00,404.481272157,579.603595581
 12/21  09:00:00,331.449154919,468.13344232800006
 12/21  10:00:00,291.42572889400003,403.826478144
 12/21  11:00:00,234.003274957,346.034759324
 12/21  12:00:00,232.848501649,280.527834316
 12/21  13:00:00,226.84834434299998,283.211033069
 12/21  14:00:00,227.34843459599998,269.894567494
 12/21  15:00:00,231.33465924799998,262.61239676599996
 12/21  16:00:00,223.389778753,274.845268333
 12/21  17:00:00,247.494636619,251.48170978299999
 12/21  18:00:00,294.52096623,298.446987403
 12/21  19:00:00,368.011754554,487.26319748099996
 12/21  20:00:00,381.20085785,376.96916362300004
 12/21  21:00:00,412.94945898599997,363.914837744
 12/21  22:00:00,400.689692257,517.940460631
 12/21  23:00:00,321.34178079099996,421.333733228
 12/21  24:00:00,227.32253962400003,296.57618148
 12/22  01:00:00,127.82548269200001,226.04950393
 12/22  02:00:00,129.97570977,168.992255625
 12/22  03:00:00,127.60992740200001,152.158114858
 12/22  04:00:00,131.18963492700001,144.26341512
 12/22  05:00:00,142.478679585,173.65592869999998
 12/22  06:00:00,195.43156805900003,275.43973413
 12/22  07:00:00,331.098912669,451.373953909
 12/22  08:00:00,392.139820734,641.6574582119999
 12/22  09:00:00,325.32081903799997,574.961441314
 12/22  10:00:00,283.467271533,501.70468390900004
 12/22  11:00:00,223.24995082599997,427.142112924
 12/22  12:00:00,238.702190064,318.032037841
 12/22  13:00:00,244.32317166400003,284.323227741
 12/22  14:00:00,228.862321312,277.007212429
 12/22  15:00:00,217.08688732599998,277.62284447900004
 12/22  16:00:00,214.468019643,286.579968754
 12/22  17:00:00,241.37134933599998,266.824218674
 12/22  18:00:00,298.002701934,303.275785884
 12/22  19:00:00,373.87400263300003,476.547964139
 12/22  20:00:00,382.863271704,383.66118326099996
 12/22  21:00:00,411.316797219,407.96442195199995
 12/22  22:00:00,399.257182564,568.308314978
 12/22  23:00:00,318.563817334,480.456576138
 12/22  24:00:00,226.823082452,338.595004566
 12/23  01:00:00,130.361528059,215.208233502
 12/23  02:00:00,140.707866199,160.04566949600002
 12/23  03:00:00,127.722918525,147.296901552
 12/23  04:00:00,130.301835639,140.184417554
 12/23  05:00:00,140.749213706,171.042972368
 12/23  06:00:00,168.932478,203.81791703
 12/23  07:00:00,316.82658578,275.247909383
 12/23  08:00:00,323.800674252,513.0661100169999
 12/23  09:00:00,377.21122496699996,721.609753342
 12/23  10:00:00,322.801069726,599.66784306
 12/23  11:00:00,247.093165081,508.866653254
 12/23  12:00:00,228.125723369,440.283254654
 12/23  13:00:00,220.120287342,366.71604745
 12/23  14:00:00,211.00537876400003,348.954521568
 12/23  15:00:00,213.55652670400002,315.151177633
 12/23  16:00:00,212.73433772200002,304.437108298
 12/23  17:00:00,239.795251243,274.808854393
 12/23  18:00:00,284.497004038,281.792672424
 12/23  19:00:00,365.508709041,315.029182558
 12/23  20:00:00,374.62977740800005,369.936459575
 12/23  21:00:00,398.01044488599996,366.69196548199994
 12/23  22:00:00,393.042744129,351.943480842
 12/23  23:00:00,337.120406312,469.011713373
 12/23  24:00:00,244.445232101,292.179171676
 12/24  01:00:00,142.876092421,174.702193254
 12/24  02:00:00,153.796222331,135.602933717
 12/24  03:00:00,141.31400162399999,136.998029828
 12/24  04:00:00,144.328782755,143.220302191
 12/24  05:00:00,155.003653458,168.642171899
 12/24  06:00:00,171.42452887299999,218.632998935
 12/24  07:00:00,301.05365728,283.976774336
 12/24  08:00:00,348.21235631,461.767937534
 12/24  09:00:00,387.007772145,635.131072149
 12/24  10:00:00,328.298166048,498.647541055
 12/24  11:00:00,262.44993962,413.216969478
 12/24  12:00:00,247.859058875,356.538818709
 12/24  13:00:00,249.64530891,279.801933113
 12/24  14:00:00,234.76692983400002,277.131582532
 12/24  15:00:00,250.710036908,261.399691852
 12/24  16:00:00,252.542665169,269.29883144
 12/24  17:00:00,267.157079195,250.00857285700002
 12/24  18:00:00,299.798357771,252.634912415
 12/24  19:00:00,357.507139364,320.174967726
 12/24  20:00:00,378.091872557,362.40195657699996
 12/24  21:00:00,410.587163682,378.050485943
 12/24  22:00:00,389.02344289,373.83932858599997
 12/24  23:00:00,334.920958545,497.37272038099997
 12/24  24:00:00,229.94969172,346.46545927
 12/25  01:00:00,142.67731669,229.258642408
 12/25  02:00:00,150.912320809,186.34678036
 12/25  03:00:00,136.625379842,173.066188664
 12/25  04:00:00,139.114527535,161.379433051
 12/25  05:00:00,149.34603712,177.898540326
 12/25  06:00:00,164.77235218,217.140743138
 12/25  07:00:00,298.623469903,286.70788972
 12/25  08:00:00,319.284602107,580.4667834080001
 12/25  09:00:00,375.189312305,773.269333775
 12/25  10:00:00,341.281182722,603.074405464
 12/25  11:00:00,289.135308331,494.278290925
 12/25  12:00:00,286.970033204,405.25175051300005
 12/25  13:00:00,290.996979808,325.065586137
 12/25  14:00:00,276.873783743,303.010967163
 12/25  15:00:00,278.826491976,289.677081074
 12/25  16:00:00,275.861383526,305.693773607
 12/25  17:00:00,288.321029649,306.201942799
 12/25  18:00:00,305.581281982,378.656379033
 12/25  19:00:00,367.39046,502.083210815
 12/25  20:00:00,381.88697023599997,531.360074146
 12/25  21:00:00,409.621136319,482.459767554
 12/25  22:00:00,379.065262985,491.289587425
 12/25  23:00:00,308.14937975,631.826138242
 12/25  24:00:00,216.29197376099998,480.976513558
 12/26  01:00:00,135.409344931,186.688891164
 12/26  02:00:00,142.34419200600001,150.746456358
 12/26  03:00:00,141.833862977,138.54389991
 12/26  04:00:00,137.14886894,134.983367604
 12/26  05:00:00,144.186292192,169.482590377
 12/26  06:00:00,179.66847136099997,271.216496556
 12/26  07:00:00,337.407606895,452.893024187
 12/26  08:00:00,324.32298642,775.250839958
 12/26  09:00:00,318.724863985,690.679317433
 12/26  10:00:00,328.89590043,584.612772474
 12/26  11:00:00,274.031996526,492.450632023
 12/26  12:00:00,272.266305089,348.55383232
 12/26  13:00:00,281.788497926,301.63955313900004
 12/26  14:00:00,278.790680921,281.762239196
 12/26  15:00:00,283.874568429,266.624114665
 12/26  16:00:00,279.562674274,272.776763891
 12/26  17:00:00,289.009434786,259.989195367
 12/26  18:00:00,316.337279196,331.704861159
 12/26  19:00:00,375.939957177,593.3558347659999
 12/26  20:00:00,382.89238433300005,554.7865746030001
 12/26  21:00:00,413.57579034300005,498.714358254
 12/26  22:00:00,392.905717295,614.048993611
 12/26  23:00:00,311.618237143,524.929476718
 12/26  24:00:00,220.169192206,404.69581736199996
 12/27  01:00:00,132.021887055,187.49125826099998
 12/27  02:00:00,127.83696852,142.159585266
 12/27  03:00:00,121.74230215700001,143.30371478700002
 12/27  04:00:00,122.59039499100001,133.880081872
 12/27  05:00:00,131.48760498,168.803211008
 12/27  06:00:00,167.347606875,270.766487747
 12/27  07:00:00,309.06502532900004,453.051440543
 12/27  08:00:00,347.918513495,756.355614721
 12/27  09:00:00,317.01844526400004,675.994988295
 12/27  10:00:00,312.109972422,584.8051057280001
 12/27  11:00:00,245.74736828099998,497.20193189400004
 12/27  12:00:00,223.87380010299998,375.59191497300003
 12/27  13:00:00,215.41315861200002,347.49076496199996
 12/27  14:00:00,211.45938879099998,322.254043989
 12/27  15:00:00,219.482176825,295.180192268
 12/27  16:00:00,216.332271738,310.65373189999997
 12/27  17:00:00,243.130325818,288.749362717
 12/27  18:00:00,289.527547918,353.44301853300004
 12/27  19:00:00,359.13635026099996,563.00229596
 12/27  20:00:00,375.467190893,438.822390454
 12/27  21:00:00,406.241400293,424.631733755
 12/27  22:00:00,400.99407731300005,562.718472489
 12/27  23:00:00,319.38008580900004,422.963788981
 12/27  24:00:00,227.36671021200002,265.357360591
 12/28  01:00:00,133.560748654,208.183671285
 12/28  02:00:00,135.986100165,155.16958416399999
 12/28  03:00:00,132.900024569,147.98437960799998
 12/28  04:00:00,135.684974298,134.540525822
 12/28  05:00:00,146.313534792,160.555934834
 12/28  06:00:00,183.98927638599997,258.03002489
 12/28  07:00:00,339.409525169,440.66540664300004
 12/28  08:00:00,408.22514547,582.622353806
 12/28  09:00:00,335.755424696,462.35475319
 12/28  10:00:00,303.925793136,394.39335062
 12/28  11:00:00,257.094381672,344.445922284
 12/28  12:00:00,253.903236107,276.166560215
 12/28  13:00:00,251.583307613,281.31915672900004
 12/28  14:00:00,225.579890639,288.653337334
 12/28  15:00:00,206.92771732900002,391.658448356
 12/28  16:00:00,221.729889047,450.16540855
 12/28  17:00:00,255.26234704200002,446.514934664
 12/28  18:00:00,292.44849735900004,456.853923113
 12/28  19:00:00,356.85239388199994,624.7627940269999
 12/28  20:00:00,366.125409795,511.388236936
 12/28  21:00:00,394.56107842,509.19049698
 12/28  22:00:00,377.78000415900004,647.592501581
 12/28  23:00:00,297.797020228,564.1321228740001
 12/28  24:00:00,208.638987583,431.203476839
 12/29  01:00:00,138.05756571700002,191.346889006
 12/29  02:00:00,130.624213433,145.343882009
 12/29  03:00:00,122.383035076,140.028623308
 12/29  04:00:00,122.103387916,143.773052845
 12/29  05:00:00,130.95380001200002,173.061719022
 12/29  06:00:00,166.815659804,276.242331505
 12/29  07:00:00,309.478223543,459.39382516
 12/29  08:00:00,335.156602415,817.6911980030001
 12/29  09:00:00,294.740392417,738.014402846
 12/29  10:00:00,288.035129241,633.607684237
 12/29  11:00:00,254.62257177799998,562.257567214
 12/29  12:00:00,251.961021905,466.26413968199995
 12/29  13:00:00,251.104420555,414.54316581
 12/29  14:00:00,240.15905401,351.923592957
 12/29  15:00:00,241.310593031,341.657414458
 12/29  16:00:00,230.34774772,359.35901586
 12/29  17:00:00,247.399965519,366.48005875800004
 12/29  18:00:00,286.845235799,471.411390793
 12/29  19:00:00,353.94776412,654.879905379
 12/29  20:00:00,364.128679041,513.145113271
 12/29  21:00:00,390.880532745,516.524501679
 12/29  22:00:00,376.79028614599997,651.343931396
 12/29  23:00:00,294.673956831,556.5038811669999
 12/29  24:00:00,208.529018442,442.044024156
 12/30  01:00:00,135.478863272,191.94411386099998
 12/30  02:00:00,136.66359116799998,145.560810024
 12/30  03:00:00,118.937093851,139.824631738
 12/30  04:00:00,119.052785288,143.164829535
 12/30  05:00:00,127.680839838,172.239995842
 12/30  06:00:00,142.34674756200002,209.547595458
 12/30  07:00:00,232.42589419200002,291.567486659
 12/30  08:00:00,355.98880174699997,629.8202829630001
 12/30  09:00:00,384.532650786,835.480622242
 12/30  10:00:00,326.504351434,699.9009770060001
 12/30  11:00:00,241.77192639999998,622.774626461
 12/30  12:00:00,219.542838842,567.539465535
 12/30  13:00:00,209.90090506400003,504.76753186800005
 12/30  14:00:00,197.752124491,494.21247241300006
 12/30  15:00:00,196.58466239400002,480.417626185
 12/30  16:00:00,195.454711565,480.698652383
 12/30  17:00:00,222.15409869099997,456.123424493
 12/30  18:00:00,260.168452013,442.278578332
 12/30  19:00:00,342.569990386,473.046617473
 12/30  20:00:00,351.203850798,519.391696754
 12/30  21:00:00,373.420159426,511.83488607699996
 12/30  22:00:00,374.18450260199995,503.11256787599996
 12/30  23:00:00,320.506168612,620.19354372
 12/30  24:00:00,227.008302241,448.88382208900003
 12/31  01:00:00,142.671160306,183.55351981200002
 12/31  02:00:00,147.392569805,137.804199942
 12/31  03:00:00,131.61859999700002,139.568158088
 12/31  04:00:00,132.794537383,135.781412774
 12/31  05:00:00,142.520993682,166.773637081
 12/31  06:00:00,158.213041217,202.544303939
 12/31  07:00:00,279.341137133,284.806339354
 12/31  08:00:00,333.39293401099997,533.123893772
 12/31  09:00:00,370.914081287,738.684728995
 12/31  10:00:00,307.11273175599996,607.361397783
 12/31  11:00:00,242.51382713799998,486.383437248
 12/31  12:00:00,229.79174155099997,400.953787956
 12/31  13:00:00,224.18325677099998,322.315775408
 12/31  14:00:00,203.89702087400002,323.764794393
 12/31  15:00:00,203.82939697700002,313.13185245299996
 12/31  16:00:00,202.493129307,326.783032273
 12/31  17:00:00,228.739043417,306.66390549
 12/31  18:00:00,269.759634165,337.914790367
 12/31  19:00:00,347.46434813300004,406.76699903400004
 12/31  20:00:00,363.88780674,470.994533449
 12/31  21:00:00,394.11845522199997,476.572109493
 12/31  22:00:00,368.571024245,468.43155231400004
 12/31  23:00:00,313.580914916,603.765730025
 12/31  24:00:00,232.20567034299998,425.63644920300004
